        -1.06408         1.40723        -1.19637
        0.625014       -0.580041       -0.207564
        0.523209         -1.2923       -0.332645
       -0.123995      -0.0258467       -0.965022
       -0.568048         1.62001         1.62893
        -1.72428         1.25451       -0.982357
       -0.110077       -0.765684        -1.00189
        0.492486        0.415107         1.09719
        -0.87155        -1.14574        -1.47195
        0.851267       -0.114158        0.257785
       -0.935003           1.945         0.92737
       -0.146874        -1.35784        -1.02707
        -4.33019        0.966988        0.117987
        -2.08726        0.225018         1.34239
        0.454662       -0.152958          0.7041
        0.552426        0.413316       0.0845857
         1.70238         1.21588       -0.235948
       -0.798738          1.3646       -0.263758
      -0.0217216        0.358571        0.422638
        0.606764        -0.72972       -0.928187
       0.0867959        0.117621        -1.05181
       -0.979622        -1.19844         1.41671
        0.173773       0.0177075       -0.933012
       -0.239636       -0.346688        -1.28499
       -0.601366       0.0316302        0.523941
         2.09592       -0.527363        -1.78398
        0.473167        -1.55474        -1.43197
       -0.564828        -1.27458        0.938813
     -0.00728344       -0.292522         1.96596
        0.194658        0.184104       -0.323735
        0.853776        -1.08497         0.23241
       -0.534089        0.442169          1.5964
         2.24214      -0.0918844         1.25867
        -1.68653        0.214739       -0.545172
       -0.210556         1.41891       -0.224805
        0.873759         1.26184        -1.06867
       -0.223555       -0.516783       -0.365064
       0.0888409         2.36038       -0.291742
        0.585134        0.225203         1.93469
        0.442198       -0.492315        -1.16811
        -1.15046       -0.187941        -1.05425
        -1.08838       -0.937981         0.94795
       -0.743869       -0.867021       -0.113248
         1.61407       -0.583083        -0.20257
        0.147174         1.34138       -0.351048
       -0.865924       -0.355085        0.288504
       -0.801653       0.0448405        0.785875
        0.879729        -1.03381        -1.36248
        -1.97862        -0.67103        -1.72849
       -0.578454          1.0379       -0.120966
       0.0643586         -1.9069        0.317459
       -0.996545       -0.995328        0.480784
         1.09475        0.819319        0.505972
        0.221912       -0.680239         4.01097
        -3.32332        -1.06616        -1.42792
        0.578828       -0.829821         2.14432
       -0.389605        -1.65147        0.792938
        0.561821         0.36353       -0.530017
        -1.18488         1.35201       -0.458117
        -2.52103       0.0668597        -1.03655
         0.45933       0.0165921       -0.105359
         1.53707       -0.191547        -0.42143
       0.0871381        -1.06742       -0.514762
       -0.476379        0.974564        0.612637
          1.0664         0.88142        0.824844
        0.204014       -0.351452        0.108056
        0.629556       -0.947568      -0.0327065
       0.0501408        0.874552        0.352288
       -0.848075       -0.874467        -1.33152
         1.72792       -0.562615       -0.818018
        0.736963         2.00709      -0.0524786
         2.74223       -0.947569        0.804707
       -0.913086        0.142247        0.160033
         0.20925       -0.292554        -2.95395
        -1.53752       -0.431107        -2.11198
         1.62098       -0.163014         1.75504
        -1.92192         -0.3616       -0.542159
        0.910573         2.27747        -1.03918
        -1.23907       -0.458226         1.20535
        0.886695        0.373919       -0.204453
        -1.70429        0.187263       0.0178676
       -0.209981        0.185698       -0.720015
       -0.987088        -2.01546         1.08966
        0.667638       -0.690621        0.180883
        0.061564       -0.323639         1.10932
        0.834589       -0.925942       -0.267825
          2.1284         1.18956         1.53101
         1.50432        0.625106         1.97106
         1.29969        0.821406       -0.969727
        0.120044        0.186586        0.654471
       0.0840276         1.55061       -0.642207
        0.608793        0.560162       -0.437697
        0.619847        -1.54853        0.293721
         1.44387         -1.1957       -0.218226
       0.0650897       -0.513952       -0.976915
       -0.685973        0.927564        -0.72398
        0.702313        0.523778        0.386391
       -0.661956       -0.250008      -0.0725039
      -0.0659557        0.591802        0.134525
        0.366643       -0.752833        0.528431
         1.57281         0.28922       0.0978083
       -0.682231        0.137872       0.0439793
         1.44262        0.723621       -0.521551
        0.664542        0.917089         1.53783
         1.28389      -0.0105573         -1.4322
        -1.41243         1.86861         1.34823
        0.202512       -0.844704         1.87755
       -0.824498       -0.288644       -0.768722
