116.04
132.5
127.58
108.85
109.216
113.257
116.663
121.495
117.109
102.85
104.055
105.202
104.275
97.9071
101.853
104.511
105.295
111.39
104.475
112.36
105.335
107.486
106.373
106.723
108.381
109.387
104.999
106.959
112.895
105.421
111.232
113.104
109.305
105.921
103.798
103.967
97.8989
100.065
99.96
96.4215
92.119
93.3167
90.3977
93.6823
95.5076
96.0383
95.2426
93.3346
97.6959
94.022
94.6165
97.85
97.3528
94.51
92.3233
92.2382
94.6133
97.6883
94.9166
93.965
93.7744
91.111
89.8483
91.8994
94.7874
97.4548
99.0779
100.197
96.9386
97.3503
97.1214
97.8386
100.119
99.0895
98.5829
100.562
101.296
101.196
100.03
104.013
103.594
103.628
102.978
105.137
104.458
107.093
102.748
104.481
103.331
103.999
105.831
106.004
104.658
105.096
103.587
105.214
104.61
103.775
103.758
106.551
