0.0859327 0
0.0832647 0.00266807
0.0831366 0.00154572
0.0828292 0.00113541
0.0827639 0.000881907
0.0827826 0.000720316
0.0829286 0.000626046
0.083009 0.000548097
0.0827892 0.000531006
0.0829705 0.000508397
0.0829223 0.000462389
0.0828081 0.000437272
0.0829889 0.000440995
0.0830182 0.000409333
0.0830827 0.000386493
0.0831452 0.000366899
0.0830714 0.00035247
0.0831113 0.000334705
0.0830911 0.000317241
0.0830763 0.000301329
0.0829658 0.000307161
0.0829898 0.000293845
0.0829447 0.000284384
0.0829384 0.000272349
0.0829937 0.000267021
0.0830946 0.000275678
0.0829804 0.000288836
0.0829435 0.000280754
0.0829833 0.000273797
0.0829909 0.000264622
0.0829951 0.000255978
0.082961 0.000250182
0.0829917 0.000244427
0.082894 0.000256468
0.082877 0.000249614
0.0828619 0.00024305
0.0828182 0.000240393
0.0829108 0.000251636
0.0830056 0.000262769
0.0830725 0.00026472
0.0830576 0.000258615
0.0829992 0.000259047
0.0829937 0.000253011
0.0830698 0.000258651
0.0830601 0.000253022
0.0830464 0.000247843
0.0830475 0.000242515
0.0831083 0.000245077
0.0830937 0.00024047
0.0830774 0.000236172
