3.125 0
3.125 0
3.1449 0.0199045
3.10273 0.0444648
3.14008 0.0508061
3.14416 0.0416832
3.12528 0.0399654
3.12282 0.0346985
3.1297 0.0313644
3.12348 0.0287347
3.12011 0.026209
3.1096 0.0261313
3.09144 0.030124
3.10559 0.0312714
3.10819 0.0292284
3.10803 0.0273411
3.11744 0.0273516
3.11678 0.0257957
3.11032 0.0252414
3.11303 0.0240991
3.11176 0.0229578
3.11416 0.0220206
3.12665 0.0244676
3.12907 0.0235505
3.12439 0.0230687
3.13074 0.0230553
3.13053 0.022186
3.13174 0.0214135
3.13018 0.0207209
3.12685 0.0202932
3.12937 0.0197895
3.13371 0.0196445
3.13777 0.0194698
3.13915 0.0189388
3.13765 0.0184514
3.14068 0.0181858
3.14242 0.0177731
3.14145 0.0173262
3.14812 0.0181443
3.14426 0.0180996
