40.3293
37.427
34.6188
33.8492
33.6822
33.3677
32.614
32.0106
31.8754
31.7302
30.9828
30.2423
30.2423
30.2375
30.1743
29.953
29.8371
29.1882
28.3623
26.6278
25.4675
25.4172
25.3113
25.1996
25.0538
24.9681
24.7841
24.6358
24.3925
24.0317
23.6938
23.6034
23.3839
23.3792
23.312
23.0665
22.91
22.439
22.2819
22.2596
22.198
21.9658
21.8282
21.8186
21.7285
21.6458
21.6458
21.6457
21.5499
20.0837
19.2849
19.2849
19.2742
19.1989
19.059
18.9794
18.7843
18.1518
17.898
17.7532
17.6746
17.5735
17.5541
17.4424
17.3136
17.3136
17.3042
17.2202
17.0802
17.0802
17.0587
16.9724
16.5844
16.5413
16.5361
16.4592
16.4126
16.4108
16.2605
15.6087
14.9739
14.521
14.3817
14.1867
14.1867
14.1867
14.1867
14.1867
14.163
14.0205
13.5933
13.5933
13.5911
13.5672
13.4377
13.3287
13.3287
13.3287
13.3287
13.3287
13.3287
13.3282
13.3236
13.3185
13.316
13.316
13.316
13.316
13.316
13.316
13.316
13.3144
13.2901
13.2775
13.275
13.2735
13.2735
13.2735
13.2735
13.2735
13.2735
13.2735
13.2735
13.2735
13.2735
13.2553
13.1094
12.9273
12.8155
12.7957
12.7363
12.6743
12.6575
12.6575
12.6575
12.6575
12.6575
12.6575
12.6575
12.6575
12.6575
12.629
12.5362
12.0237
11.947
11.947
11.947
11.947
11.947
11.947
11.9229
11.6827
11.6466
11.6466
11.6341
11.5841
11.3964
11.3588
11.3338
11.3338
11.3338
11.3338
11.3126
11.2703
11.1846
11.0089
10.774
10.238
10.0461
10.0461
10.0461
10.0461
10.0461
10.0461
10.0461
10.0461
10.0461
10.0461
10.0454
10.0384
10.0286
10.0286
10.0275
10.015
10.0136
10.002
9.99966
10.1395
9.99966
9.99966
9.99966
9.99966
9.99966
9.99966
9.99966
9.99897
9.99198
9.98849
9.98499
9.9822
9.9822
9.9822
9.9822
9.9822
9.9822
9.9822
9.9822
9.9822
9.9822
9.9822
9.9822
9.9822
9.9822
9.9822
9.9822
9.9822
9.9822
9.9822
9.9822
9.9822
9.9822
9.9822
9.9822
9.9822
9.9822
9.9822
9.9822
9.9822
9.9822
9.9822
9.9822
9.9822
9.9822
9.9822
9.9822
9.9822
9.9822
9.9822
9.9822
9.9822
9.9822
9.9822
9.9822
9.9822
9.9822
9.9822
9.9822
9.9822
9.9822
9.9822
9.9822
9.9822
9.9822
9.9822
9.9822
9.9822
9.9822
9.9822
9.9822
9.9822
9.9822
9.9822
9.9822
9.9822
9.9822
9.9822
9.9822
9.9822
9.9822
9.9822
9.9822
9.9822
9.9822
9.9822
9.9822
9.9822
9.9822
9.9822
9.9822
9.9822
9.9822
9.9822
9.9822
9.9822
9.9822
9.9822
9.9822
9.9822
9.9822
9.9822
9.9822
9.9822
9.9822
9.9822
9.9822
9.9822
9.9822
9.9822
9.9822
9.9822
9.9822
9.9822
9.9822
9.9822
9.9822
9.9822
9.9822
9.9822
9.9822
9.9822
9.9822
9.9822
9.9822
9.9822
9.9822
9.9822
9.85882
8.02983
6.89769
6.89769
6.89769
6.89769
6.89769
6.89769
6.89769
6.89769
6.89769
6.89769
6.89769
6.89769
6.89769
6.89769
6.89769
6.89769
6.89769
6.89769
6.89769
6.89769
6.89769
6.89769
6.89769
6.89769
6.89769
6.89769
6.89769
6.89769
6.89769
6.89769
6.89769
6.89769
6.89769
6.89769
6.89769
6.89769
6.89769
6.89769
6.89769
6.89769
6.89769
6.89769
6.89769
6.89769
6.89769
6.89769
6.89769
6.89769
6.89769
6.89769
6.89769
6.89769
6.89769
6.89769
6.89769
6.89769
6.89769
6.89769
6.89769
6.89769
6.89769
6.89769
6.89769
6.89769
6.89769
6.89769
6.89769
6.89769
6.89769
6.89769
6.89769
6.89769
6.89769
6.89769
6.89769
6.89769
6.89769
6.89769
6.89769
6.89769
6.89769
6.89769
6.89769
6.89769
6.89769
6.89769
6.89769
6.89769
6.89769
6.89769
6.89769
6.89769
6.89769
6.89769
6.89769
6.89769
6.89769
6.89769
6.89769
6.89769
6.89769
6.89769
6.89769
6.89769
6.89769
6.89769
6.89769
6.89769
6.89769
6.89769
6.89769
6.89769
6.89769
6.89769
6.89769
6.89769
6.89769
6.89769
6.89769
6.89769
6.89769
6.89769
6.89769
6.89769
6.89769
6.89769
6.89769
6.89769
6.88873
6.73723
6.69176
6.67385
6.67385
6.67385
6.67385
6.67385
6.67385
6.67081
6.64341
6.60689
6.59776
6.59776
6.59776
6.61067
6.59776
6.59776
6.58716
6.41758
6.3328
6.3328
6.3328
6.3328
6.3328
6.3328
6.3328
6.3328
6.3328
6.3328
6.3328
6.3328
6.3328
6.32921
6.29024
6.24336
6.24306
6.24306
6.24306
6.24306
6.24306
6.24306
6.24306
6.24306
6.24306
6.24306
6.24306
6.24306
6.24306
6.24306
6.24306
6.24306
6.24306
6.24306
6.24306
6.24306
6.24306
6.24306
6.24306
6.24306
6.24306
6.24306
6.24306
6.24306
6.24306
6.24306
6.24306
6.24306
6.24306
6.24306
6.24306
6.24306
6.24306
6.24306
6.24306
6.24306
6.24306
6.24306
6.24306
6.24306
6.24306
6.24306
6.24306
6.24306
6.24306
6.24306
6.24306
6.24306
6.24306
6.24306
6.24306
6.24306
6.24306
6.24306
6.24306
6.24306
6.24306
6.24306
6.24306
6.24306
6.24306
6.24306
6.24306
6.24306
6.24306
6.24306
6.24306
6.24306
6.24306
6.24306
6.24306
6.24306
6.24306
6.24306
6.24306
6.24306
6.24306
6.24306
6.24306
6.24306
6.24306
6.24306
6.24306
6.24306
6.24306
6.24306
6.24306
6.24306
6.24306
6.24306
6.24306
6.24306
6.24306
6.24306
6.24306
6.24306
6.24306
6.24306
6.24306
6.24306
6.24306
6.24306
6.24306
6.24306
6.24306
6.24306
6.24306
6.24306
6.24306
6.24306
6.24306
6.24306
6.24306
6.24306
6.24306
6.24306
6.24306
6.24306
6.24306
6.24306
6.24306
6.24306
6.24306
6.24306
6.24306
6.24306
6.24306
6.24306
6.24306
6.24306
6.24306
6.24306
6.24306
6.24306
6.24306
6.24306
6.24306
6.24306
6.24306
6.24306
6.24306
6.24306
6.24306
6.24306
6.24306
6.24306
6.24306
6.24306
6.24306
6.24306
6.24306
6.24306
6.24306
6.24306
6.24306
6.24306
6.24306
6.24306
6.24306
6.24306
6.24306
6.24306
6.24306
6.24306
6.24306
6.24306
6.24306
6.24306
6.24306
6.24306
6.24306
6.24306
6.24306
6.24306
6.24306
6.24306
6.24306
6.24306
6.24306
6.24306
6.24306
6.24306
6.24306
6.24306
6.24306
6.24306
6.24306
6.24306
6.24306
6.24306
6.24306
6.24306
6.24306
6.24306
6.24306
6.24306
6.24306
6.24306
6.24306
6.24306
6.24306
6.24306
6.24306
6.24306
6.24306
6.24306
6.24306
6.24306
6.24306
6.24306
6.24306
6.24306
6.24306
6.24306
6.24306
6.24306
6.24306
6.24306
6.24306
6.24306
6.24306
6.24306
6.24306
6.24306
6.24306
6.24306
6.24306
6.24306
6.24306
6.24306
6.24306
6.24306
6.24306
6.24306
6.24306
6.24306
6.24306
6.24442
6.24306
6.24306
6.24306
6.24306
6.24306
6.24306
6.24306
6.24306
6.24306
6.24306
6.24306
6.24306
6.24306
6.24306
6.24306
6.24306
6.24306
6.24306
6.24306
6.24306
6.24306
6.24306
6.24306
6.24306
6.24306
6.24306
6.24306
6.24306
6.24306
6.24306
6.24306
6.24306
6.24306
6.24306
6.24306
6.24306
6.24306
6.24306
6.24306
6.24306
6.24306
6.24306
6.24306
6.24306
6.24306
6.24306
6.24306
6.24306
6.24306
6.24306
6.24306
6.24306
6.24306
6.24306
6.24306
6.24306
6.24306
6.24306
6.24306
6.24306
6.24306
6.24306
6.24306
6.24306
6.24306
6.24306
6.24306
6.24306
6.24306
6.24306
6.24306
6.24306
6.24306
6.24306
6.24306
6.24306
6.24306
6.24306
6.24306
6.24306
6.24306
6.24306
6.24306
6.24306
6.24306
6.24306
6.24306
6.24306
6.24306
6.24306
6.24306
6.24306
6.24306
6.24306
6.24306
6.24306
6.24306
6.24306
6.24306
6.24306
6.24306
6.24306
6.24306
6.24306
6.24306
6.24306
6.24306
6.24306
6.24306
6.24306
6.24306
6.24306
6.24306
6.24306
6.24306
6.24306
6.24306
6.24306
6.24306
6.24306
6.24306
6.24306
6.24306
6.24306
6.24306
6.24306
6.24306
6.24306
6.24306
6.24306
6.24306
6.24306
6.24306
6.24306
6.24306
6.24306
6.24306
6.24306
6.24306
6.24306
6.24306
6.24306
6.24306
6.24306
6.24306
6.24306
6.24306
6.24306
6.24306
6.24306
6.24306
6.24306
6.24306
6.24306
6.24306
6.24306
6.24306
6.24306
6.24306
6.24306
6.24306
6.24306
6.24306
6.24306
6.24306
6.24306
6.24306
6.24306
6.24306
6.24306
6.24306
6.24306
6.24306
6.24306
6.24306
6.24306
6.24306
6.24306
6.24306
6.24306
6.24306
6.24306
6.24306
6.24306
6.24306
6.24306
6.24306
6.24306
6.24306
6.24306
6.24306
6.24306
6.24306
6.24306
6.24306
6.24306
6.24306
6.24306
6.24306
6.24306
6.24306
6.24306
6.24306
6.24306
6.24306
6.24306
6.24306
6.24306
6.24306
6.24306
6.24306
6.24306
6.24306
6.24306
6.24306
6.24306
6.24306
6.24306
6.24306
6.24306
6.24306
6.24306
6.24306
6.24306
6.24306
6.24306
6.24306
6.24306
6.24306
6.24306
6.24306
6.24306
6.24306
6.24306
6.24306
6.24306
6.24306
6.24306
6.24306
6.24306
6.24306
6.24306
6.24306
6.24306
6.24306
6.24306
6.24306
6.24306
6.24306
6.24306
6.24306
6.24306
6.24306
6.24306
6.24306
6.24306
6.24306
6.24306
6.24306
6.24306
6.24306
6.24306
6.24306
6.24306
6.24306
6.24306
6.24306
6.24306
6.24306
6.24306
6.24306
6.24306
6.24306
6.24306
6.24306
6.24306
6.24306
6.24306
6.24306
6.24306
6.24306
6.24306
6.24306
6.24306
6.24306
6.24306
6.24306
6.24306
6.24306
6.24306
6.24306
6.24306
6.24306
6.24306
6.24306
6.24306
6.24306
6.24306
6.24306
6.24306
6.24306
6.24306
6.24306
6.24306
6.24306
6.24306
6.24306
6.24306
6.24306
6.24306
6.24306
6.24306
6.24306
6.24306
6.24306
6.24306
6.24306
6.24306
6.24306
6.24306
6.24306
6.24306
6.24306
6.24306
6.24306
6.24306
6.24306
6.24306
6.24306
6.24306
6.24306
6.24306
6.24306
6.24306
6.24306
6.24306
6.24306
6.24306
6.24306
6.24306
6.24306
6.24306
6.24306
6.24306
6.24306
6.24306
6.24306
6.24306
6.24306
6.24306
6.24306
6.24306
6.24306
6.24306
6.24306
6.24306
6.24306
6.24306
6.24306
6.24306
6.24306
6.24306
6.24306
6.24306
6.24306
6.24306
6.24306
6.24306
6.24306
6.24306
6.24306
6.24306
6.24306
6.24306
6.24306
6.24306
6.24306
6.24306
6.24306
6.24306
6.24306
6.24306
6.24306
6.24306
6.24306
6.24306
6.24306
6.24306
6.24306
6.24306
6.24306
6.24306
6.24306
6.24306
6.24306
6.24306
6.24306
6.24306
6.24306
6.24306
6.24306
6.24306
6.24306
6.24306
6.24306
6.24306
6.24306
6.24306
6.24306
6.24306
6.24306
6.24306
6.24306
6.24306
6.24306
6.24306
6.24306
6.24306
6.24306
6.24306
6.24306
6.24306
6.24306
6.24306
6.24306
6.24306
6.24306
6.24306
6.24306
6.24306
6.24306
6.24306
6.24306
6.24306
6.24306
6.24306
6.24306
6.24306
6.24306
6.24306
6.24306
6.24306
6.24306
6.24306
6.24306
6.24306
6.24306
6.24306
6.24306
6.24306
6.24306
6.24306
6.24306
6.24306
6.24306
6.24306
6.24306
6.24306
6.24306
6.24306
6.24306
6.24306
6.24306
6.24306
6.24306
6.24306
6.24306
6.24306
6.24306
6.24306
6.24306
6.24306
6.24306
6.24306
6.24306
6.24306
6.24306
6.24306
6.24306
6.24306
6.24306
6.24306
6.24306
6.24306
6.24306
6.24306
6.24306
6.24306
6.24306
6.24306
6.24306
6.24306
6.24306
6.24306
6.24306
6.24306
6.24306
6.24306
6.24306
6.24306
6.24306
6.24306
6.24306
6.24306
6.24306
6.24306
6.24306
6.24306
6.24306
6.24306
6.24306
6.24306
6.24306
6.24306
6.24306
6.24306
6.24306
6.24306
6.24306
6.24306
6.24306
6.24306
6.24306
6.24306
6.24306
6.24306
6.24306
6.24306
6.24306
6.24306
6.24306
6.24306
6.24306
6.24306
6.24306
6.24306
6.24306
6.24306
6.24306
6.24306
6.24306
6.24306
6.24306
6.24306
6.24306
6.24306
6.24306
6.24306
6.24306
6.24306
6.24306
6.24306
6.24306
6.24306
6.24306
6.24306
6.24306
6.24306
6.24306
6.24306
6.24306
6.24306
6.24306
6.24306
6.24306
6.24306
6.24306
6.24306
6.24306
6.24306
6.24306
6.24306
6.24306
6.24306
6.24306
6.24306
6.24306
6.24306
6.24306
6.24306
6.24306
6.24306
6.24306
6.24306
6.24306
6.24306
6.24306
6.24306
6.24306
6.24306
6.24306
6.24306
6.24306
6.24306
6.24306
6.24306
6.24306
6.24306
6.24306
6.24306
6.24306
6.24306
6.24306
6.24306
6.24306
6.24306
6.24306
6.24306
6.24306
6.24306
6.24306
6.24306
6.24306
6.24306
6.24306
6.24306
6.24306
6.24306
6.24306
6.24306
6.24306
6.24306
6.24306
6.24306
6.24306
6.24306
6.24306
6.24306
6.24306
6.24306
6.24306
6.24306
6.24306
6.24306
6.24306
6.24306
6.24306
6.24306
6.24306
6.24306
6.24306
6.24306
6.24306
6.24306
6.24306
6.24306
6.24306
6.24306
6.24306
6.24306
6.24306
6.24306
6.24306
6.24306
6.24306
6.24306
6.24306
6.24306
6.24306
6.24306
6.24306
6.24306
6.24306
6.24306
6.24306
6.24306
6.24306
6.24306
6.24306
6.24306
6.24306
6.24306
6.24306
6.24306
6.24306
6.24306
6.24306
6.24306
6.24306
6.24306
6.24306
6.24306
6.24306
6.24306
6.24306
6.24306
6.24306
6.24306
6.24306
6.24306
6.24306
6.24306
6.24306
6.24306
6.24306
6.24306
6.24306
6.24306
6.24306
6.24306
6.24306
6.24306
6.24306
6.24306
6.24306
6.24306
6.24306
6.24306
6.24306
6.24306
6.24306
6.24306
6.24306
6.24306
6.24306
6.24306
6.24306
6.24306
6.24306
6.24306
6.24306
6.24306
6.24306
6.24306
6.24306
6.24306
6.24306
6.24306
6.24306
6.24306
6.24306
6.24306
6.24306
6.24306
6.24306
6.24306
6.24306
6.24306
6.24306
6.24306
6.24306
6.24306
6.24306
6.24306
6.24306
6.24306
6.24306
6.24306
6.24306
6.24306
6.24306
6.24306
6.24306
6.24306
6.24306
6.24306
6.24306
6.24306
6.24306
6.24306
6.24306
6.24306
6.24306
6.24306
6.24306
6.24306
6.24306
6.24306
6.24306
6.24306
6.24306
6.24306
6.24306
6.24306
6.24306
6.24306
