35.4857
33.7528
33.7299
33.7299
33.0295
32.023
31.9909
31.8099
31.8099
30.2423
30.2423
30.2423
30.2423
30.1392
29.693
29.5542
28.1626
27.1417
25.5899
25.4289
25.4289
25.1374
25.1374
25.0188
24.9027
24.6798
24.6798
23.7067
23.7067
23.7067
23.3839
23.3839
23.3839
23.2906
22.8489
22.2825
22.2825
22.2825
22.2677
21.8282
21.8282
21.8282
21.8282
21.6458
21.6458
21.6458
21.6458
21.6437
19.2849
19.2849
19.2849
19.2849
19.016
19.016
19.016
18.1022
17.9031
17.9031
17.5952
17.5613
17.5613
17.5613
17.3136
17.3136
17.3136
17.3136
17.0802
17.0802
17.0802
17.0802
16.5413
16.5413
16.5413
16.5413
16.4126
16.4126
16.4126
16.369
14.5349
14.5349
14.5349
14.1867
14.1867
14.1867
14.1867
14.1867
14.1867
14.1867
13.5933
13.5933
13.5933
13.5933
13.5369
13.3287
13.3287
13.3287
13.3287
13.3287
13.3287
13.3287
13.3287
13.316
13.316
13.316
13.316
13.316
13.316
13.316
13.316
13.316
13.316
13.2755
13.2755
13.2735
13.2735
13.2735
13.2735
13.2735
13.2735
13.2735
13.2735
13.2735
13.2735
13.2735
13.2735
12.8177
12.8177
12.8177
12.762
12.6575
12.6575
12.6575
12.6575
12.6575
12.6575
12.6575
12.6575
12.6575
12.6575
12.6575
12.6575
11.947
11.947
11.947
11.947
11.947
11.947
11.947
11.947
11.947
11.6466
11.6466
11.6466
11.6466
11.3338
11.3338
11.3338
11.3338
11.3338
11.3338
11.3338
11.3338
10.8043
10.8043
10.8043
10.8043
10.0461
10.0461
10.0461
10.0461
10.0461
10.0461
10.0461
10.0461
10.0461
10.0461
10.0461
10.0461
10.0286
10.0286
10.0286
10.0286
9.99966
9.99966
9.99966
9.99966
9.99966
9.99966
9.99966
9.99966
9.99966
9.99966
9.99966
9.99966
9.99966
9.9822
9.9822
9.9822
9.9822
9.9822
9.9822
9.9822
9.9822
9.9822
9.9822
9.9822
9.9822
9.9822
9.9822
9.9822
9.9822
9.9822
9.9822
9.9822
9.9822
9.9822
9.9822
9.9822
9.9822
9.9822
9.9822
9.9822
9.9822
9.9822
9.9822
9.9822
9.9822
9.9822
9.9822
9.9822
9.9822
9.9822
9.9822
9.9822
9.9822
9.9822
9.9822
9.9822
9.9822
9.9822
9.9822
9.9822
9.9822
9.9822
9.9822
9.9822
9.9822
9.9822
9.9822
9.9822
9.9822
9.9822
9.9822
9.9822
9.9822
9.9822
9.9822
9.9822
9.9822
9.9822
9.9822
9.9822
9.9822
9.9822
9.9822
9.9822
9.9822
9.9822
9.9822
9.9822
9.9822
9.9822
9.9822
9.9822
9.9822
9.9822
9.9822
9.9822
9.9822
9.9822
9.9822
9.9822
9.9822
9.9822
9.9822
9.9822
9.9822
9.9822
9.9822
9.9822
9.9822
9.9822
9.9822
9.9822
9.9822
9.9822
9.9822
9.9822
9.9822
9.9822
9.9822
9.9822
9.9822
9.9822
9.9822
9.9822
9.9822
9.9822
9.9822
9.9822
9.9822
9.9822
9.9822
9.9822
9.9822
9.9822
6.89769
6.89769
6.89769
6.89769
6.89769
6.89769
6.89769
6.89769
6.89769
6.89769
6.89769
6.89769
6.89769
6.89769
6.89769
6.89769
6.89769
6.89769
6.89769
6.89769
6.89769
6.89769
6.89769
6.89769
6.89769
6.89769
6.89769
6.89769
6.89769
6.89769
6.89769
6.89769
6.89769
6.89769
6.89769
6.89769
6.89769
6.89769
6.89769
6.89769
6.89769
6.89769
6.89769
6.89769
6.89769
6.89769
6.89769
6.89769
6.89769
6.89769
6.89769
6.89769
6.89769
6.89769
6.89769
6.89769
6.89769
6.89769
6.89769
6.89769
6.89769
6.89769
6.89769
6.89769
6.89769
6.89769
6.89769
6.89769
6.89769
6.89769
6.89769
6.89769
6.89769
6.89769
6.89769
6.89769
6.89769
6.89769
6.89769
6.89769
6.89769
6.89769
6.89769
6.89769
6.89769
6.89769
6.89769
6.89769
6.89769
6.89769
6.89769
6.89769
6.89769
6.89769
6.89769
6.89769
6.89769
6.89769
6.89769
6.89769
6.89769
6.89769
6.89769
6.89769
6.89769
6.89769
6.89769
6.89769
6.89769
6.89769
6.89769
6.89769
6.89769
6.89769
6.89769
6.89769
6.89769
6.89769
6.89769
6.89769
6.89769
6.89769
6.89769
6.89769
6.89769
6.89769
6.89769
6.89769
6.89769
6.89769
6.67385
6.67385
6.67385
6.67385
6.67385
6.67385
6.67385
6.67385
6.67385
6.59776
6.59776
6.59776
6.59776
6.59776
6.59776
6.59776
6.59776
6.59776
6.3328
6.3328
6.3328
6.3328
6.3328
6.3328
6.3328
6.3328
6.3328
6.3328
6.3328
6.3328
6.3328
6.3328
6.3328
6.24306
6.24306
6.24306
6.24306
6.24306
6.24306
6.24306
6.24306
6.24306
6.24306
6.24306
6.24306
6.24306
6.24306
6.24306
6.24306
6.24306
6.24306
6.24306
6.24306
6.24306
6.24306
6.24306
6.24306
6.24306
6.24306
6.24306
6.24306
6.24306
6.24306
6.24306
6.24306
6.24306
6.24306
6.24306
6.24306
6.24306
6.24306
6.24306
6.24306
6.24306
6.24306
6.24306
6.24306
6.24306
6.24306
6.24306
6.24306
6.24306
6.24306
6.24306
6.24306
6.24306
6.24306
6.24306
6.24306
6.24306
6.24306
6.24306
6.24306
6.24306
6.24306
6.24306
6.24306
6.24306
6.24306
6.24306
6.24306
6.24306
6.24306
6.24306
6.24306
6.24306
6.24306
6.24306
6.24306
6.24306
6.24306
6.24306
6.24306
6.24306
6.24306
6.24306
6.24306
6.24306
6.24306
6.24306
6.24306
6.24306
6.24306
6.24306
6.24306
6.24306
6.24306
6.24306
6.24306
6.24306
6.24306
6.24306
6.24306
6.24306
6.24306
6.24306
6.24306
6.24306
6.24306
6.24306
6.24306
6.24306
6.24306
6.24306
6.24306
6.24306
6.24306
6.24306
6.24306
6.24306
6.24306
6.24306
6.24306
6.24306
6.24306
6.24306
6.24306
6.24306
6.24306
6.24306
6.24306
6.24306
6.24306
6.24306
6.24306
6.24306
6.24306
6.24306
6.24306
6.24306
6.24306
6.24306
6.24306
6.24306
6.24306
6.24306
6.24306
6.24306
6.24306
6.24306
6.24306
6.24306
6.24306
6.24306
6.24306
6.24306
6.24306
6.24306
6.24306
6.24306
6.24306
6.24306
6.24306
6.24306
6.24306
6.24306
6.24306
6.24306
6.24306
6.24306
6.24306
6.24306
6.24306
6.24306
6.24306
6.24306
6.24306
6.24306
6.24306
6.24306
6.24306
6.24306
6.24306
6.24306
6.24306
6.24306
6.24306
6.24306
6.24306
6.24306
6.24306
6.24306
6.24306
6.24306
6.24306
6.24306
6.24306
6.24306
6.24306
6.24306
6.24306
6.24306
6.24306
6.24306
6.24306
6.24306
6.24306
6.24306
6.24306
6.24306
6.24306
6.24306
6.24306
6.24306
6.24306
6.24306
6.24306
6.24306
6.24306
6.24306
6.24306
6.24306
6.24306
6.24306
6.24306
6.24306
6.24306
6.24306
6.24306
6.24306
6.24306
6.24306
6.24306
6.24306
6.24306
6.24306
6.24306
6.24306
6.24306
6.24306
6.24306
6.24306
6.24306
6.24306
6.24306
6.24306
6.24306
6.24306
6.24306
6.24306
6.24306
6.24306
6.24306
6.24306
6.24306
6.24306
6.24306
6.24306
6.24306
6.24306
6.24306
6.24306
6.24306
6.24306
6.24306
6.24306
6.24306
6.24306
6.24306
6.24306
6.24306
6.24306
6.24306
6.24306
6.24306
6.24306
6.24306
6.24306
6.24306
6.24306
6.24306
6.24306
6.24306
6.24306
6.24306
6.24306
6.24306
6.24306
6.24306
6.24306
6.24306
6.24306
6.24306
6.24306
6.24306
6.24306
6.24306
6.24306
6.24306
6.24306
6.24306
6.24306
6.24306
6.24306
6.24306
6.24306
6.24306
6.24306
6.24306
6.24306
6.24306
6.24306
6.24306
6.24306
6.24306
6.24306
6.24306
6.24306
6.24306
6.24306
6.24306
6.24306
6.24306
6.24306
6.24306
6.24306
6.24306
6.24306
6.24306
6.24306
6.24306
6.24306
6.24306
6.24306
6.24306
6.24306
6.24306
6.24306
6.24306
6.24306
6.24306
6.24306
6.24306
6.24306
6.24306
6.24306
6.24306
6.24306
6.24306
6.24306
6.24306
6.24306
6.24306
6.24306
6.24306
6.24306
6.24306
6.24306
6.24306
6.24306
6.24306
6.24306
6.24306
6.24306
6.24306
6.24306
6.24306
6.24306
6.24306
6.24306
6.24306
6.24306
6.24306
6.24306
6.24306
6.24306
6.24306
6.24306
6.24306
6.24306
6.24306
6.24306
6.24306
6.24306
6.24306
6.24306
6.24306
6.24306
6.24306
6.24306
6.24306
6.24306
6.24306
6.24306
6.24306
6.24306
6.24306
6.24306
6.24306
6.24306
6.24306
6.24306
6.24306
6.24306
6.24306
6.24306
6.24306
6.24306
6.24306
6.24306
6.24306
6.24306
6.24306
6.24306
6.24306
6.24306
6.24306
6.24306
6.24306
6.24306
6.24306
6.24306
6.24306
6.24306
6.24306
6.24306
6.24306
6.24306
6.24306
6.24306
6.24306
6.24306
6.24306
6.24306
6.24306
6.24306
6.24306
6.24306
6.24306
6.24306
6.24306
6.24306
6.24306
6.24306
6.24306
6.24306
6.24306
6.24306
6.24306
6.24306
6.24306
6.24306
6.24306
6.24306
6.24306
6.24306
6.24306
6.24306
6.24306
6.24306
6.24306
6.24306
6.24306
6.24306
6.24306
6.24306
6.24306
6.24306
6.24306
6.24306
6.24306
6.24306
6.24306
6.24306
6.24306
6.24306
6.24306
6.24306
6.24306
6.24306
6.24306
6.24306
6.24306
6.24306
6.24306
6.24306
6.24306
6.24306
6.24306
6.24306
6.24306
6.24306
6.24306
6.24306
6.24306
6.24306
6.24306
6.24306
6.24306
6.24306
6.24306
6.24306
6.24306
6.24306
6.24306
6.24306
6.24306
6.24306
6.24306
6.24306
6.24306
6.24306
6.24306
6.24306
6.24306
6.24306
6.24306
6.24306
6.24306
6.24306
6.24306
6.24306
6.24306
6.24306
6.24306
6.24306
6.24306
6.24306
6.24306
6.24306
6.24306
6.24306
6.24306
6.24306
6.24306
6.24306
6.24306
6.24306
6.24306
6.24306
6.24306
6.24306
6.24306
6.24306
6.24306
6.24306
6.24306
6.24306
6.24306
6.24306
6.24306
6.24306
6.24306
6.24306
6.24306
6.24306
6.24306
6.24306
6.24306
6.24306
6.24306
6.24306
6.24306
6.24306
6.24306
6.24306
6.24306
6.24306
6.24306
6.24306
6.24306
6.24306
6.24306
6.24306
6.24306
6.24306
6.24306
6.24306
6.24306
6.24306
6.24306
6.24306
6.24306
6.24306
6.24306
6.24306
6.24306
6.24306
6.24306
6.24306
6.24306
6.24306
6.24306
6.24306
6.24306
6.24306
6.24306
6.24306
6.24306
6.24306
6.24306
6.24306
6.24306
6.24306
6.24306
6.24306
6.24306
6.24306
6.24306
6.24306
6.24306
6.24306
6.24306
6.24306
6.24306
6.24306
6.24306
6.24306
6.24306
6.24306
6.24306
6.24306
6.24306
6.24306
6.24306
6.24306
6.24306
6.24306
6.24306
6.24306
6.24306
6.24306
6.24306
6.24306
6.24306
6.24306
6.24306
6.24306
6.24306
6.24306
6.24306
6.24306
6.24306
6.24306
6.24306
6.24306
6.24306
6.24306
6.24306
6.24306
6.24306
6.24306
6.24306
6.24306
6.24306
6.24306
6.24306
6.24306
6.24306
6.24306
6.24306
6.24306
6.24306
6.24306
6.24306
6.24306
6.24306
6.24306
6.24306
6.24306
6.24306
6.24306
6.24306
6.24306
6.24306
6.24306
6.24306
6.24306
6.24306
6.24306
6.24306
6.24306
6.24306
6.24306
6.24306
6.24306
6.24306
6.24306
6.24306
6.24306
6.24306
6.24306
6.24306
6.24306
6.24306
6.24306
6.24306
6.24306
6.24306
6.24306
6.24306
6.24306
6.24306
6.24306
6.24306
6.24306
6.24306
6.24306
6.24306
6.24306
6.24306
6.24306
6.24306
6.24306
6.24306
6.24306
6.24306
6.24306
6.24306
6.24306
6.24306
6.24306
6.24306
6.24306
6.24306
6.24306
6.24306
6.24306
6.24306
6.24306
6.24306
6.24306
6.24306
6.24306
6.24306
6.24306
6.24306
6.24306
6.24306
6.24306
6.24306
6.24306
6.24306
6.24306
6.24306
6.24306
6.24306
6.24306
6.24306
6.24306
6.24306
6.24306
6.24306
6.24306
6.24306
6.24306
6.24306
6.24306
6.24306
6.24306
6.24306
6.24306
6.24306
6.24306
6.24306
6.24306
6.24306
6.24306
6.24306
6.24306
6.24306
6.24306
6.24306
6.24306
6.24306
6.24306
6.24306
6.24306
6.24306
6.24306
6.24306
6.24306
6.24306
6.24306
6.24306
6.24306
6.24306
6.24306
6.24306
6.24306
6.24306
6.24306
6.24306
6.24306
6.24306
6.24306
6.24306
6.24306
6.24306
6.24306
6.24306
6.24306
6.24306
6.24306
6.24306
6.24306
6.24306
6.24306
6.24306
6.24306
6.24306
6.24306
6.24306
6.24306
6.24306
6.24306
6.24306
6.24306
6.24306
6.24306
6.24306
6.24306
6.24306
6.24306
6.24306
6.24306
6.24306
6.24306
6.24306
6.24306
6.24306
6.24306
6.24306
6.24306
6.24306
6.24306
6.24306
6.24306
6.24306
6.24306
6.24306
6.24306
6.24306
6.24306
6.24306
6.24306
6.24306
6.24306
6.24306
6.24306
6.24306
6.24306
6.24306
6.24306
6.24306
6.24306
6.24306
6.24306
6.24306
6.24306
6.24306
6.24306
6.24306
6.24306
6.24306
6.24306
6.24306
6.24306
6.24306
6.24306
6.24306
6.24306
6.24306
6.24306
6.24306
6.24306
6.24306
6.24306
6.24306
6.24306
6.24306
6.24306
6.24306
6.24306
6.24306
6.24306
6.24306
6.24306
6.24306
6.24306
6.24306
6.24306
6.24306
6.24306
6.24306
6.24306
6.24306
6.24306
6.24306
6.24306
6.24306
6.24306
6.24306
6.24306
6.24306
6.24306
6.24306
6.24306
6.24306
6.24306
6.24306
6.24306
6.24306
6.24306
6.24306
6.24306
6.24306
6.24306
6.24306
6.24306
6.24306
6.24306
6.24306
6.24306
6.24306
6.24306
6.24306
6.24306
6.24306
6.24306
6.24306
6.24306
6.24306
6.24306
6.24306
6.24306
6.24306
6.24306
6.24306
6.24306
6.24306
6.24306
6.24306
6.24306
6.24306
6.24306
6.24306
6.24306
6.24306
6.24306
6.24306
6.24306
6.24306
6.24306
6.24306
6.24306
6.24306
6.24306
6.24306
6.24306
6.24306
6.24306
6.24306
6.24306
6.24306
6.24306
6.24306
6.24306
6.24306
6.24306
6.24306
6.24306
6.24306
6.24306
6.24306
6.24306
6.24306
6.24306
6.24306
6.24306
6.24306
6.24306
6.24306
6.24306
6.24306
6.24306
6.24306
6.24306
6.24306
6.24306
6.24306
6.24306
6.24306
6.24306
6.24306
6.24306
6.24306
6.24306
6.24306
6.24306
6.24306
6.24306
6.24306
6.24306
6.24306
6.24306
6.24306
6.24306
6.24306
6.24306
6.24306
6.24306
6.24306
6.24306
6.24306
6.24306
6.24306
6.24306
6.24306
6.24306
6.24306
6.24306
6.24306
6.24306
