15.1695
15.1695
15.1695
14.5643
14.1003
14.1003
13.7264
13.7264
13.7264
13.7264
13.3793
12.9351
12.2874
12.2874
12.2874
12.2874
12.2104
12.2104
11.8319
11.5992
11.5992
11.0891
11.0756
11.0708
11.0708
10.8941
10.8941
10.8362
10.1066
10.1066
10.1066
10.1018
10.0378
9.84758
9.84279
9.65955
9.65955
9.65955
9.64616
9.64616
9.44833
9.44833
9.44833
9.44833
9.44833
9.39864
9.39864
9.39864
9.10803
9.10803
9.10803
9.09912
9.02307
9.02307
9.02307
8.78338
8.78338
8.45213
8.45213
8.45213
7.68658
7.68658
7.50927
7.50927
7.50927
7.50927
7.46837
7.43942
7.4124
7.40908
7.40908
7.32997
7.32997
7.32997
7.32997
7.32997
7.32997
7.32997
7.32997
7.32997
7.32997
7.32997
7.32997
7.32997
7.26012
7.26012
7.24897
7.24897
7.24897
7.22641
7.16274
7.16274
7.16274
7.12903
7.12903
7.12903
7.08562
7.08562
7.08562
7.08562
7.08562
7.08562
7.08562
7.08562
7.08562
7.08562
7.08562
7.08562
7.08562
7.08562
7.08562
7.08562
7.08562
7.08562
7.08562
7.07319
7.07319
7.0168
7.0168
7.0168
7.0168
7.0168
7.0168
7.0168
7.00083
7.00083
7.00083
7.00083
7.00083
6.86798
6.86798
6.86798
6.86798
6.86798
6.86798
6.86798
6.86798
6.86798
6.7198
6.7198
6.7198
6.55426
6.37981
6.37981
6.37981
6.37981
6.37981
6.37981
6.37981
6.37981
6.37981
6.37981
6.37981
6.37981
6.37981
6.37981
6.37981
6.36407
6.36407
6.36407
6.36407
6.36407
6.36407
6.36407
6.36407
6.36407
6.36407
6.36407
6.35164
6.35164
6.35164
6.35164
6.35164
6.35164
6.27209
6.27209
6.27209
6.27209
6.27209
6.27209
6.27209
6.27209
6.27209
6.27209
6.1608
6.1608
6.1608
6.1608
6.1608
6.1608
6.1608
6.1608
6.1608
6.1608
6.1608
6.1608
6.1608
6.1608
6.1608
6.1608
6.1608
6.10351
6.10351
6.10351
6.10351
6.10351
6.10351
6.10351
6.10351
6.10351
6.09349
6.09349
6.09349
6.09349
5.99049
5.98625
5.98625
5.98625
5.98625
5.98625
5.98625
5.98625
5.98625
5.98625
5.98625
5.98625
5.98625
5.98625
5.98625
5.98625
5.98625
5.98625
5.98625
5.98625
5.98625
5.98625
5.98625
5.98625
5.98625
5.98625
5.98625
5.98625
5.98625
5.98625
5.98625
5.98625
5.88325
5.88325
5.88325
5.88325
5.88325
5.88325
5.87367
5.87367
5.87367
5.87367
5.87367
5.87367
5.87367
5.87367
5.86872
5.86872
5.86872
5.86872
5.86872
5.86872
5.86872
5.86872
5.86872
5.86872
5.86872
5.86872
5.86872
5.86872
5.86872
5.86872
5.86872
5.86872
5.86872
5.86872
5.86872
5.86872
5.86872
5.86872
5.86872
5.86872
5.86872
5.86872
5.86872
5.86872
5.86872
5.86872
5.86872
5.86872
5.86872
5.86872
5.86872
5.86872
5.86872
5.86872
5.86872
5.86872
5.86872
5.86872
5.86872
5.86872
5.86872
5.86872
5.86872
5.86872
5.8229
5.8229
5.8229
5.8229
5.8229
5.8229
5.8229
5.8229
5.8229
5.79726
5.79726
5.79726
5.79726
5.79726
5.79726
5.79726
5.79726
5.79726
5.79726
5.79726
5.79726
5.68753
5.68753
5.68753
5.68753
5.68753
5.68753
5.68753
5.68753
5.68753
5.68753
5.68753
5.68753
5.68753
5.68753
5.68753
5.68753
5.68753
5.68753
5.68753
5.68753
5.68753
5.68753
5.68753
5.68753
5.68753
5.68753
5.68753
5.68753
5.68753
5.68753
5.68753
5.68753
5.68753
5.68753
5.68753
5.68753
5.68753
5.68753
5.68753
5.68753
5.68753
5.68753
5.68753
5.68753
5.68753
5.68753
5.68753
5.68753
5.68753
5.68753
5.68753
5.68753
5.68753
5.68753
5.68753
5.68753
5.68753
5.68753
5.68753
5.68753
5.68753
5.68753
5.68753
5.68753
5.68753
5.68753
5.68753
5.68753
5.68753
5.68753
5.68753
5.68753
5.68753
5.68753
5.68753
5.68753
5.68753
5.68753
5.68753
5.68753
5.68753
5.68753
5.68753
5.68753
5.68753
5.68753
5.68753
5.68753
5.68753
5.68753
5.68753
5.68753
5.68753
5.68753
5.68753
5.64388
5.64388
5.64388
5.64388
5.64388
5.64388
5.64388
5.64388
5.64388
5.64388
5.64388
5.64388
5.64388
5.64388
5.64388
5.64388
5.64388
5.64388
5.64388
5.64388
5.64388
5.64388
5.64388
5.64388
5.64388
5.64388
5.64388
5.59177
5.59177
5.59177
5.59177
5.59177
5.59177
5.59177
5.59177
5.59177
5.59177
5.59177
5.59177
5.59177
5.59177
5.40152
5.40152
5.40152
5.40152
5.40152
5.40152
5.40152
5.40152
5.40152
5.40152
5.40152
5.40152
5.40152
5.40152
5.40152
5.40152
5.40152
5.40152
5.40152
5.40152
5.40152
5.40152
5.40152
5.40152
5.40152
5.40152
5.40152
5.40152
5.39181
5.39181
5.39181
5.39181
5.39181
5.39181
5.39181
5.39181
5.39181
5.39181
5.39181
5.39181
5.39181
5.39181
5.39181
5.39181
5.39181
5.39181
5.39181
5.39181
5.39181
5.39181
5.39181
5.39181
5.39181
5.39181
5.32729
5.32729
5.23298
5.23298
5.23298
5.23298
5.18391
5.18391
5.18391
5.18391
5.18391
5.18391
5.18391
5.18391
5.18391
5.18391
5.18391
5.18391
5.18391
5.18391
5.18391
5.18391
5.18391
5.18391
5.18391
5.18391
5.18391
5.18391
5.18391
5.18391
5.18391
5.18391
5.18391
5.18391
5.18391
5.18391
5.18391
5.18391
5.18391
5.18391
5.18391
5.18391
5.18391
5.18391
5.18391
5.18391
5.18391
5.18391
5.18391
5.18391
5.18391
5.18391
5.18391
5.18391
5.18391
5.18391
5.18391
5.18391
5.18391
5.18391
5.18391
5.18391
5.18391
5.18391
5.18391
5.18391
5.18391
5.18391
5.18391
5.18391
5.18391
5.18391
5.18391
5.18391
5.18391
5.18391
5.18391
5.18391
5.18391
5.18391
5.18391
5.18391
5.18391
5.18391
5.18391
5.18391
5.18391
5.18391
5.18391
5.18391
5.18391
5.18391
5.18391
5.18391
5.18391
5.18391
5.18391
5.18391
5.18391
5.18391
5.18391
5.18391
5.18391
5.18391
5.18391
5.18391
5.18391
5.18391
5.18391
5.18391
5.18391
5.18391
5.18391
5.15196
5.15196
5.15196
5.15196
5.15196
5.15196
5.15196
5.15196
5.15196
5.15196
5.15196
5.15196
5.15196
5.15196
5.15196
5.15196
5.15196
5.15196
5.15196
5.15196
5.15196
5.15196
5.15196
5.15196
5.15196
5.15196
5.15196
5.15196
5.15196
5.06807
5.06807
5.06807
5.06807
5.06807
5.06807
5.06807
5.06807
5.06807
5.06807
5.06807
5.06807
5.06807
5.06807
5.06807
5.06807
5.06807
5.06807
5.06807
5.06807
5.06807
5.06807
5.06807
5.06807
5.06807
5.06807
5.06807
5.06807
5.06807
5.06807
5.06807
5.06807
5.06807
5.06807
5.06807
5.06807
5.06807
5.06807
5.06807
5.06807
5.06807
5.06807
5.06807
5.06807
5.06807
5.06807
5.06807
5.06807
5.06807
5.06807
5.06807
5.06807
5.06807
5.06807
5.06807
5.06807
5.06807
5.06807
5.06807
5.06807
5.06807
5.06807
5.06807
5.06807
5.06807
5.06807
5.06807
5.06807
5.06807
5.06807
5.06807
5.06807
5.06807
5.06807
5.06807
5.06807
5.06807
5.06807
5.06807
5.06807
5.06807
5.06807
5.06807
5.06807
5.06807
5.06807
5.06807
5.06807
5.06807
5.06807
5.06807
5.06807
5.06807
5.06807
5.06807
5.06807
5.06807
5.06807
5.06807
5.06807
5.06807
5.06807
5.06807
5.06807
5.06807
5.06807
5.06807
5.06807
5.06807
5.06807
5.06807
5.06807
5.06807
5.06807
5.06807
5.06807
5.06807
5.06807
5.06807
5.06807
5.06807
5.06807
5.06807
5.06807
5.06807
5.06807
5.06807
5.06807
5.06807
5.06807
5.06807
5.06807
5.06807
5.06807
5.06807
5.06807
5.06807
5.06807
5.06807
5.06807
5.06807
5.06807
5.06807
5.06807
5.06807
5.06807
5.06807
5.06807
5.06807
5.06807
5.06807
5.06807
5.06807
5.06807
5.06807
5.06807
5.06807
5.06807
5.06807
5.06807
5.06807
5.06807
5.06807
5.06807
5.06807
5.06807
5.06807
5.06807
5.06807
5.06807
5.06807
5.06807
5.06807
5.06807
5.06807
5.06807
5.06807
5.06807
5.06807
5.06807
5.06807
5.06807
5.06807
5.06807
5.06807
5.06807
5.06807
5.06807
5.06807
5.06807
5.06807
5.06807
5.06807
5.06807
5.06807
5.06807
5.06807
5.06807
5.06807
5.06807
5.06807
5.06807
5.06807
5.06807
5.06807
5.06807
5.06807
5.06807
5.06807
5.06807
5.06807
5.06807
5.06807
5.06807
5.06807
5.06807
5.06807
5.06807
5.06807
5.06807
5.06807
5.06807
5.06807
5.06807
5.06807
5.06807
5.06807
5.06807
5.06807
5.06807
5.06807
5.06807
5.06807
5.06807
5.06807
5.06807
5.06807
5.06807
5.06807
5.06807
5.06807
5.06807
5.06807
5.06807
5.06807
5.06807
5.06807
5.06807
5.06807
5.06807
5.06807
5.06807
5.06807
5.06807
5.06807
5.06807
5.06807
5.06807
5.06807
5.06807
5.06807
5.06807
5.06807
5.06807
5.06807
5.06807
5.06807
5.06807
5.06807
5.06807
5.06807
5.06807
5.06807
5.06807
5.06807
5.06807
5.06807
5.06807
5.06807
5.06807
5.06807
5.06807
5.06807
5.06807
5.06807
5.06807
5.06807
5.06807
5.06807
5.06807
5.06807
5.06807
5.06807
5.06807
5.06807
5.06807
5.06807
5.06807
5.06807
5.06807
5.06807
5.06807
5.06807
5.06807
5.06807
5.06807
5.06807
5.06807
5.06807
5.06807
5.06807
5.06807
5.06807
5.06807
5.06807
5.06807
5.06807
5.06807
5.06807
5.06807
5.06807
5.06807
5.06807
5.06807
5.06807
5.06807
5.06807
5.06807
5.06807
5.06807
5.06807
5.06807
5.06807
5.06807
5.06807
5.06807
5.06807
5.06807
5.06807
5.06807
5.06807
5.06807
5.06807
5.06807
5.06807
5.06807
5.06807
5.06807
5.06807
5.06807
5.06807
5.06807
5.06807
5.06807
5.06807
5.06807
5.06807
5.06807
5.06807
5.06807
5.06807
5.06807
5.06807
5.06807
5.06807
5.06807
5.06807
5.06807
5.06807
5.06807
5.06807
5.06807
5.06807
5.06807
5.06807
5.06807
5.06807
5.06807
5.06807
5.06807
5.06807
5.06807
5.06807
5.06807
5.06807
5.06807
5.06807
5.06807
5.06807
5.06807
5.06807
5.06807
5.06807
5.06807
5.06807
5.06807
5.06807
5.06807
5.06807
5.06807
5.06807
5.06807
5.06807
5.06807
5.06807
5.06807
5.06807
5.06807
5.06807
5.06807
5.06807
5.06807
5.06807
5.06807
5.06807
5.06807
5.06807
5.06807
5.06807
5.06807
5.06807
5.06807
5.06807
5.06807
5.06807
5.06807
5.06807
5.06807
5.06807
5.06807
5.06807
5.06807
5.06807
5.06807
5.06807
5.06807
5.06807
5.06807
5.06807
5.06807
5.06807
5.06807
5.06807
5.06807
5.06807
5.06807
5.06807
5.06807
5.06807
5.06807
5.06807
5.06807
5.06807
5.06807
5.06807
5.06807
5.06807
5.06807
5.06807
5.06807
5.06807
5.06807
5.06807
5.06807
5.06807
5.06807
5.06807
5.06807
5.06807
5.06807
5.06807
5.06807
5.06807
5.06807
5.06807
5.06807
5.06807
5.06807
5.06807
5.06807
5.06807
5.06807
5.06807
5.06807
5.06807
5.06807
5.06807
5.06807
5.06807
5.06807
5.06807
5.06807
5.06807
5.06807
5.06807
5.06807
5.06807
5.06807
5.06807
5.06807
5.06807
5.06807
5.06807
5.06807
5.06807
5.06807
5.06807
5.06807
5.06807
5.06807
5.06807
5.06807
5.06807
5.06807
5.06807
5.06807
5.06807
5.06807
5.06807
5.06807
5.06807
5.06807
5.06807
5.06807
5.06807
5.06807
5.06807
5.06807
5.06807
5.06807
5.06807
5.06807
5.06807
5.06807
5.06807
5.06807
5.06807
5.06807
5.06807
5.06807
5.06807
5.06807
5.06807
5.06807
5.06807
5.06807
5.06807
5.06807
5.06807
5.06807
5.06807
5.06807
5.06807
5.06807
5.06807
5.06807
5.06807
5.06807
5.06807
5.06807
5.06807
5.06807
5.06807
5.06807
5.06807
5.06807
5.06807
5.06807
5.06807
5.06807
5.06807
5.06807
5.06807
5.06807
5.06807
5.06807
5.06807
5.06807
5.06807
5.06807
5.06807
5.06807
5.06807
5.06807
5.06807
5.06807
5.06807
5.06807
5.06807
5.06807
5.06807
5.06807
5.06807
5.06807
5.06807
5.06807
5.06807
5.06807
5.06807
5.06807
5.06807
5.06807
5.06807
5.06807
5.06807
5.06807
5.06807
5.06807
5.06807
5.06807
5.06807
5.06807
5.06807
5.06807
5.06807
5.06807
5.06807
5.06807
5.06807
5.06807
5.06807
5.06807
5.06807
5.06807
5.06807
5.06807
5.06807
5.06807
5.06807
5.06807
5.06807
5.06807
5.06807
5.06807
5.06807
5.06807
5.06807
5.06807
5.06807
5.06807
5.06807
5.06807
5.06807
5.06807
5.06807
5.06807
5.06807
5.06807
5.06807
5.06807
5.06807
5.06807
5.06807
5.06807
5.06807
5.06807
5.06807
5.06807
5.06807
5.06807
5.06807
5.06807
5.06807
5.06807
5.06807
5.06807
5.06807
5.06807
5.06807
5.06807
5.06807
5.06807
5.06807
5.06807
5.06807
5.06807
5.06807
5.06807
5.06807
5.06807
5.06807
5.06807
5.06807
5.06807
5.06807
5.06807
5.06807
5.06807
5.06807
5.06807
5.06807
5.06807
5.06807
5.06807
5.06807
5.06807
5.06807
5.06807
5.06807
5.06807
5.06807
5.06807
5.06807
5.06807
5.06807
5.06807
5.06807
5.06807
5.06807
5.06807
5.06807
5.06807
5.06807
5.06807
5.06807
5.06807
5.06807
5.06807
5.06807
5.06807
5.06807
5.06807
5.06807
5.06807
5.06807
5.06807
5.06807
5.06807
5.06807
5.06807
5.06807
5.06807
5.06807
5.06807
5.06807
5.06807
5.06807
5.06807
5.06807
5.06807
5.06807
5.06807
5.06807
5.06807
5.06807
5.06807
5.06807
5.06807
5.06807
5.06807
5.06807
5.06807
5.06807
5.06807
5.06807
5.06807
5.06807
5.06807
5.06807
5.06807
5.06807
5.06807
5.06807
5.06807
5.06807
5.06807
5.06807
5.06807
5.06807
5.06807
5.06807
5.06807
5.06807
5.06807
5.06807
5.06807
5.06807
5.06807
5.06807
5.06807
5.06807
5.06807
5.06807
5.06807
5.06807
5.06807
5.06807
5.06807
5.06807
5.06807
5.06807
5.06807
5.06807
5.06807
5.06807
5.06807
5.06807
5.06807
5.06807
5.06807
5.06807
5.06807
5.06807
5.06807
5.06807
5.06807
5.06807
5.06807
5.06807
5.06807
5.06807
5.06807
5.06807
5.06807
5.06807
5.06807
5.06807
5.06807
5.06807
5.06807
5.06807
5.06807
5.06807
5.06807
5.06807
5.06807
5.06807
5.06807
5.06807
5.06807
5.06807
5.06807
5.06807
5.06807
5.06807
5.06807
5.06807
