17.3076
15.5559
15.1707
15.1453
14.7042
14.291
14.0743
13.8721
13.7471
13.7264
13.7085
13.5418
13.0552
12.789
12.3439
12.2874
12.2844
12.2479
12.2018
12.0043
11.7193
11.5788
11.2995
11.0972
11.0764
11.0593
10.9441
10.89
10.8441
10.6055
10.1433
10.1064
10.102
10.0642
9.90565
9.83872
9.79376
9.66269
9.65901
9.654
9.64332
9.53538
9.44833
9.44833
9.44833
9.44614
9.4177
9.39865
9.38702
9.24753
9.10803
9.10768
9.10214
9.07916
9.03723
9.01466
8.89788
8.77013
8.68877
8.52917
8.52308
8.05404
7.67948
7.60856
7.51636
7.50927
7.50763
7.49175
7.45918
7.43674
7.41122
7.40554
7.37035
7.32997
7.32997
7.32997
7.32997
7.32997
7.32997
7.32997
7.32997
7.32997
7.32997
7.32997
7.32718
7.30508
7.25968
7.25655
7.2521
7.24807
7.24011
7.2122
7.1747
7.16139
7.1533
7.14521
7.12729
7.10298
7.08562
7.08562
7.08562
7.08562
7.08562
7.08562
7.08562
7.08562
7.08562
7.08562
7.08562
7.08562
7.08562
7.08562
7.08562
7.08562
7.08562
7.08512
7.07866
7.07193
7.06191
7.019
7.02357
7.0168
7.0168
7.0168
7.01616
7.00913
7.00147
7.00274
7.00083
6.99551
6.93706
6.87329
6.86798
6.86798
6.86798
6.86798
6.86798
6.86798
6.86205
6.80871
6.7562
6.73689
6.62674
6.51488
6.40074
6.37981
6.37981
6.37981
6.37981
6.37981
6.37981
6.37981
6.37981
6.37981
6.37981
6.37981
6.37981
6.37918
6.37037
6.36596
6.36407
6.36739
6.36407
6.36407
6.36407
6.36407
6.36407
6.36407
6.36357
6.3586
6.35164
6.35164
6.35164
6.35164
6.34845
6.32936
6.30391
6.27209
6.27209
6.27209
6.27209
6.27209
6.27209
6.27209
6.26764
6.23648
6.17861
6.1608
6.1608
6.1608
6.1608
6.1608
6.1608
6.1608
6.1608
6.1608
6.1608
6.1608
6.1608
6.1608
6.1608
6.15851
6.14247
6.1058
6.10351
6.10351
6.10351
6.10351
6.10351
6.10351
6.10311
6.0999
6.09349
6.09349
6.08937
6.05212
5.99235
5.98625
5.98625
5.98625
5.98625
5.98625
5.98625
5.98625
5.98625
5.98625
5.98625
5.98625
5.98625
5.98625
5.98625
5.98625
5.98625
5.98625
5.98625
5.98625
5.98625
5.98625
5.98625
5.98625
5.98625
5.98625
5.98625
5.98625
5.98625
5.98625
5.98213
5.96656
5.90797
5.88325
5.88325
5.88325
5.88287
5.88095
5.87712
5.87406
5.87367
5.87367
5.87367
5.87367
5.87348
5.87308
5.87031
5.86872
5.86872
5.86872
5.86872
5.86872
5.86872
5.86872
5.86872
5.86872
5.86872
5.86872
5.86872
5.86872
5.86872
5.86872
5.86872
5.86872
5.86872
5.86872
5.86872
5.86872
5.86872
5.86872
5.86872
5.86872
5.86872
5.86872
5.86872
5.86872
5.86872
5.86872
5.86872
5.86872
5.86872
5.86872
5.86872
5.86872
5.86872
5.86872
5.86872
5.86872
5.86872
5.86872
5.86872
5.86872
5.86872
5.86872
5.86689
5.85222
5.82378
5.8229
5.8229
5.8229
5.8229
5.8229
5.8229
5.82187
5.80752
5.80259
5.79726
5.79726
5.79726
5.79726
5.79726
5.79726
5.79726
5.79726
5.79726
5.79287
5.76474
5.68753
5.68753
5.68753
5.68753
5.68753
5.68753
5.68753
5.68753
5.68753
5.68753
5.68753
5.68753
5.68753
5.68753
5.68753
5.68753
5.68753
5.68753
5.68753
5.68753
5.68753
5.68753
5.68753
5.68753
5.68753
5.68753
5.68753
5.68753
5.68753
5.68753
5.68753
5.68753
5.68753
5.68753
5.68753
5.68753
5.68753
5.68753
5.68753
5.68753
5.68753
5.68753
5.68753
5.68753
5.68753
5.68753
5.68753
5.68753
5.68753
5.68753
5.68753
5.68753
5.68753
5.68753
5.68753
5.68753
5.68753
5.68753
5.68753
5.68753
5.68753
5.68753
5.68753
5.68753
5.68753
5.68753
5.68753
5.68753
5.68753
5.68753
5.68753
5.68753
5.68753
5.68753
5.68753
5.68753
5.68753
5.68753
5.68753
5.68753
5.68753
5.68753
5.68753
5.68753
5.68753
5.68753
5.68753
5.68753
5.68753
5.68753
5.68753
5.68753
5.68753
5.68578
5.66309
5.64737
5.64388
5.64388
5.64388
5.64388
5.64388
5.64388
5.64388
5.64388
5.64388
5.64388
5.64388
5.64388
5.64388
5.64388
5.64388
5.64388
5.64388
5.64388
5.64388
5.64388
5.64388
5.64388
5.64388
5.64388
5.6418
5.62095
5.59177
5.59177
5.59177
5.59177
5.59177
5.59177
5.59177
5.59177
5.59177
5.59177
5.59177
5.59177
5.58416
5.55372
5.42236
5.40152
5.40152
5.40152
5.40152
5.40152
5.40152
5.40152
5.40152
5.40152
5.40152
5.40152
5.40152
5.40152
5.40152
5.40152
5.40152
5.40152
5.40152
5.40152
5.40152
5.40152
5.40152
5.40152
5.40152
5.40152
5.40113
5.39725
5.39181
5.39181
5.39181
5.39181
5.39181
5.39181
5.39181
5.39181
5.39181
5.39181
5.39181
5.39181
5.39181
5.39181
5.39181
5.39181
5.39181
5.39181
5.39181
5.39181
5.39181
5.39181
5.39181
5.39181
5.38923
5.36858
5.34261
5.29711
5.27448
5.23714
5.23102
5.21379
5.18871
5.18391
5.18391
5.18391
5.18391
5.18391
5.18391
5.18391
5.18391
5.18391
5.18391
5.18391
5.18391
5.18391
5.18391
5.18391
5.18391
5.18391
5.18391
5.18391
5.18391
5.18391
5.18391
5.18391
5.18391
5.18391
5.18391
5.18391
5.18391
5.18391
5.18391
5.18391
5.18391
5.18391
5.18391
5.18391
5.18391
5.18391
5.18391
5.18391
5.18391
5.18391
5.18391
5.18391
5.18391
5.18391
5.18391
5.18391
5.18391
5.18391
5.18391
5.18391
5.18391
5.18391
5.18391
5.18391
5.18391
5.18391
5.18391
5.18391
5.18391
5.18391
5.18391
5.18391
5.18391
5.18391
5.18391
5.18391
5.18391
5.18391
5.18391
5.18391
5.18391
5.18391
5.18391
5.18391
5.18391
5.18391
5.18391
5.18391
5.18391
5.18391
5.18391
5.18391
5.18391
5.18391
5.18391
5.18391
5.18391
5.18391
5.18391
5.18391
5.18391
5.18391
5.18391
5.18391
5.18391
5.18391
5.18391
5.18391
5.18391
5.18391
5.18391
5.18391
5.18391
5.18263
5.17368
5.15196
5.15196
5.15196
5.15196
5.15196
5.15196
5.15196
5.15196
5.15196
5.15196
5.15196
5.15196
5.15196
5.15196
5.15196
5.15196
5.15196
5.15196
5.15196
5.15196
5.15196
5.15196
5.15196
5.15196
5.15196
5.15196
5.15196
5.1486
5.11169
5.06807
5.06807
5.06807
5.06807
5.06807
5.06807
5.06807
5.06807
5.06807
5.06807
5.06807
5.06807
5.06807
5.06807
5.06807
5.06807
5.06807
5.06807
5.06807
5.06807
5.06807
5.06807
5.06807
5.06807
5.06807
5.06807
5.06807
5.06807
5.06807
5.06807
5.06807
5.06807
5.06807
5.06807
5.06807
5.06807
5.06807
5.06807
5.06807
5.06807
5.06807
5.06807
5.06807
5.06807
5.06807
5.06807
5.06807
5.06807
5.06807
5.06807
5.06807
5.06807
5.06807
5.06807
5.06807
5.06807
5.06807
5.06807
5.06807
5.06807
5.06807
5.06807
5.06807
5.06807
5.06807
5.06807
5.07209
5.06807
5.06807
5.06807
5.06807
5.06807
5.06807
5.06807
5.06807
5.06807
5.06807
5.06807
5.06807
5.06807
5.06807
5.06807
5.06807
5.06807
5.06807
5.06807
5.06807
5.06807
5.06807
5.06807
5.06807
5.06807
5.06807
5.06807
5.06807
5.06807
5.06807
5.06807
5.06807
5.06807
5.06807
5.06807
5.06807
5.06807
5.06807
5.06807
5.06807
5.06807
5.06807
5.06807
5.06807
5.06807
5.06807
5.06807
5.06807
5.06807
5.06807
5.06807
5.06807
5.06807
5.06807
5.06807
5.06807
5.06807
5.06807
5.06807
5.06807
5.06807
5.06807
5.06807
5.06807
5.06807
5.06807
5.06807
5.06807
5.06807
5.06807
5.06807
5.06807
5.06807
5.06807
5.06807
5.06807
5.06807
5.06807
5.06807
5.06807
5.06807
5.06807
5.06807
5.06807
5.06807
5.06807
5.06807
5.06807
5.06807
5.06807
5.06807
5.06807
5.06807
5.06807
5.06807
5.06807
5.06807
5.06807
5.06807
5.06807
5.06807
5.06807
5.06807
5.06807
5.06807
5.06807
5.06807
5.06807
5.06807
5.06807
5.06807
5.06807
5.06807
5.06807
5.06807
5.06807
5.06807
5.06807
5.06807
5.06807
5.06807
5.06807
5.06807
5.06807
5.06807
5.06807
5.06807
5.06807
5.06807
5.06807
5.06807
5.06807
5.06807
5.06807
5.06807
5.06807
5.06807
5.06807
5.06807
5.06807
5.06807
5.06807
5.06807
5.06807
5.06807
5.06807
5.06807
5.06807
5.06807
5.06807
5.06807
5.06807
5.06807
5.06807
5.06807
5.06807
5.06807
5.06807
5.06807
5.06807
5.06807
5.06807
5.06807
5.06807
5.06807
5.06807
5.06807
5.06807
5.06807
5.06807
5.06807
5.06807
5.06807
5.06807
5.06807
5.06807
5.06807
5.06807
5.06807
5.06807
5.06807
5.06807
5.06807
5.06807
5.06807
5.06807
5.06807
5.06807
5.06807
5.06807
5.06807
5.06807
5.06807
5.06807
5.06807
5.06807
5.06807
5.06807
5.06807
5.06807
5.06807
5.06807
5.06807
5.06807
5.06807
5.06807
5.06807
5.06807
5.06807
5.06807
5.06807
5.06807
5.06807
5.06807
5.06807
5.06807
5.06807
5.06807
5.06807
5.06807
5.06807
5.06807
5.06807
5.06807
5.06807
5.06807
5.06807
5.06807
5.06807
5.06807
5.06807
5.06807
5.06807
5.06807
5.06807
5.06807
5.06807
5.06807
5.06807
5.06807
5.06807
5.06807
5.06807
5.06807
5.06807
5.06807
5.06807
5.06807
5.06807
5.06807
5.06807
5.06807
5.06807
5.06807
5.06807
5.06807
5.06807
5.06807
5.06807
5.06807
5.06807
5.06807
5.06807
5.06807
5.06807
5.06807
5.06807
5.06807
5.06807
5.06807
5.06807
5.06807
5.06807
5.06807
5.06807
5.06807
5.06807
5.06807
5.06807
5.06807
5.06807
5.06807
5.06807
5.06807
5.06807
5.06807
5.06807
5.06807
5.06807
5.06807
5.06807
5.06807
5.06807
5.06807
5.06807
5.06807
5.06807
5.06807
5.06807
5.06807
5.06807
5.06807
5.06807
5.06807
5.06807
5.06807
5.06807
5.06807
5.06807
5.06807
5.06807
5.06807
5.06807
5.06807
5.06807
5.06807
5.06807
5.06807
5.06807
5.06807
5.06807
5.06807
5.06807
5.06807
5.06807
5.06807
5.06807
5.06807
5.06807
5.06807
5.06807
5.06807
5.06807
5.06807
5.06807
5.06807
5.06807
5.06807
5.06807
5.06807
5.06807
5.06807
5.06807
5.06807
5.06807
5.06807
5.06807
5.06807
5.06807
5.06807
5.06807
5.06807
5.06807
5.06807
5.06807
5.06807
5.06807
5.06807
5.06807
5.06807
5.06807
5.06807
5.06807
5.06807
5.06807
5.06807
5.06807
5.06807
5.06807
5.06807
5.06807
5.06807
5.06807
5.06807
5.06807
5.06807
5.06807
5.06807
5.06807
5.06807
5.06807
5.06807
5.06807
5.06807
5.06807
5.06807
5.06807
5.06807
5.06807
5.06807
5.06807
5.06807
5.06807
5.06807
5.06807
5.06807
5.06807
5.06807
5.06807
5.06807
5.06807
5.06807
5.06807
5.06807
5.06807
5.06807
5.06807
5.06807
5.06807
5.06807
5.06807
5.06807
5.06807
5.06807
5.06807
5.06807
5.06807
5.06807
5.06807
5.06807
5.06807
5.06807
5.06807
5.06807
5.06807
5.06807
5.06807
5.06807
5.06807
5.06807
5.06807
5.06807
5.06807
5.06807
5.06807
5.06807
5.06807
5.06807
5.06807
5.06807
5.06807
5.06807
5.06807
5.06807
5.06807
5.06807
5.06807
5.06807
5.06807
5.06807
5.06807
5.06807
5.06807
5.06807
5.06807
5.06807
5.06807
5.06807
5.06807
5.06807
5.06807
5.06807
5.06807
5.06807
5.06807
5.06807
5.06807
5.06807
5.06807
5.06807
5.06807
5.06807
5.06807
5.06807
5.06807
5.06807
5.06807
5.06807
5.06807
5.06807
5.06807
5.06807
5.06807
5.06807
5.06807
5.06807
5.06807
5.06807
5.06807
5.06807
5.06807
5.06807
5.06807
5.06807
5.06807
5.06807
5.06807
5.06807
5.06807
5.06807
5.06807
5.06807
5.06807
5.06807
5.06807
5.06807
5.06807
5.06807
5.06807
5.06807
5.06807
5.06807
5.06807
5.06807
5.06807
5.06807
5.06807
5.06807
5.06807
5.06807
5.06807
5.06807
5.06807
5.06807
5.06807
5.06807
5.06807
5.06807
5.06807
5.06807
5.07104
5.06807
5.06807
5.06807
5.06807
5.06807
5.06807
5.06807
5.06807
5.06807
5.06807
5.06807
5.06807
5.06807
5.06807
5.06807
5.06807
5.06807
5.06807
5.06807
5.06807
5.06807
5.06807
5.06807
5.06807
5.06807
5.06807
5.06807
5.06807
5.06807
5.06807
5.06807
5.06807
5.06807
5.06807
5.06807
5.06807
5.06807
5.06807
5.06807
5.06807
5.06807
5.06807
5.06807
5.06807
5.06807
5.06807
5.06807
5.06807
5.06807
5.06807
5.06807
5.06807
5.06807
5.06807
5.06807
5.06807
5.06807
5.06807
5.06807
5.06807
5.06807
5.06807
5.06807
5.06807
5.06807
5.06807
5.06807
5.06807
5.06807
5.06807
5.06807
5.06807
5.06807
5.06807
5.06807
5.06807
5.06807
5.06807
5.06807
5.06807
5.06807
5.06807
5.06807
5.06807
5.06807
5.06807
5.06807
5.06807
5.06807
5.06807
5.06807
5.06807
5.06807
5.06807
5.06807
5.06807
5.06807
5.06807
5.06807
5.06807
5.06807
5.06807
5.06807
5.06807
5.06807
5.06807
5.06807
5.06807
5.06807
5.06807
5.06807
5.06807
5.06807
5.06807
5.06807
5.06807
5.06807
5.06807
5.06807
5.06807
5.06807
5.06807
5.06807
5.06807
5.06807
5.06807
5.06807
5.06807
5.06807
5.06807
5.06807
5.06807
5.06807
5.06807
5.06807
5.06807
5.06807
5.06807
5.06807
5.06807
5.06807
5.06807
5.06807
5.06807
5.06807
5.06807
5.06807
5.06807
5.06807
5.06807
5.06807
5.06807
5.06807
5.06807
5.06807
5.06807
5.06807
5.06807
5.06807
5.06807
5.06807
5.06807
5.06807
5.06807
5.06807
5.06807
5.06807
5.06807
5.06807
5.06807
5.06807
5.06807
5.06807
5.06807
5.06807
5.06807
5.06807
5.06807
5.06807
5.06807
5.06807
5.06807
5.06807
5.06807
5.06807
5.06807
5.06807
5.06807
5.06807
5.06807
5.06807
5.06807
5.06807
5.06807
5.06807
5.06807
5.06807
5.06807
5.06807
5.06807
5.06807
5.06807
5.06807
5.06807
5.06807
5.06807
5.06807
5.06807
5.06807
5.06807
5.06807
5.06807
5.06807
5.06807
5.06807
5.06807
5.06807
5.06807
5.06807
5.06807
5.06807
5.06807
5.06807
5.06807
5.06807
5.06807
5.06807
5.06807
5.06807
5.06807
5.06807
5.06807
5.06807
5.06807
5.06807
5.06807
5.06807
