       0.0112879        0.298467        0.494056
        0.235258        0.559281         1.54074
        0.116657          -1.541       -0.242012
        -1.46992        0.563123        -1.08731
        0.254783       -0.157307       -0.601894
        -0.53442        -1.71892        0.174145
      -0.0832026        0.449645       0.0391632
       -0.681476         1.01344        0.905294
        0.509626        0.623722        0.499408
        0.511958         0.49073       0.0546671
        0.623254       -0.921214        -1.33026
       -0.590052      -0.0499717       -0.165978
        -0.32677        -0.17169        -1.70775
        -0.80908        0.113385        -1.72355
        -1.05809        0.593085       -0.325699
      -0.0437918        0.999957         1.09288
        -1.13744         1.28988       -0.299715
       -0.318196        0.638376         0.17911
      -0.0492437         0.40977       -0.188794
         0.39699       0.0990219         0.38783
       -0.450033       -0.514301        0.539553
        0.937779       -0.759455       -0.395224
        -1.86901        -1.51914       -0.525258
       -0.167832      -0.0116027        0.213367
        0.267505       -0.806712       -0.191344
       -0.821253         0.74178         1.66608
        0.709103        0.182299       -0.252987
       -0.321676        -1.00561      -0.0991502
        0.621166        -1.69872        0.238298
        -0.63913        -1.41645        -1.92097
       -0.837609         1.01125       -0.542212
        0.666798          0.7311        -1.44076
         2.20078       -0.688974       -0.437761
        0.563762        0.848526       -0.616291
          0.0571       -0.103464         0.64903
       0.0372023        -1.39246       -0.755975
      -0.0711305        -1.79029        -1.32651
        0.314633       -0.283712      -0.0905597
        0.550611       -0.221579       -0.447227
        -1.55736        -0.76565        0.715982
        0.629634         2.25187       -0.291437
       -0.061472        0.668359       -0.282938
         1.25562       -0.725609        0.327797
       -0.400903        0.713127      -0.0669767
       -0.842536       -0.166538        0.460958
       -0.385225        0.287204        0.416098
        0.635511       -0.240199         2.02252
         1.69479      -0.0322301       -0.632766
        -1.02701        0.422866         0.32344
        0.732577       -0.539919       -0.202192
        -1.52861         1.28999         1.99062
        -1.29166      -0.0909137        0.313643
         0.81612         2.17714        0.456179
       0.0486286        -1.24688       -0.210017
       0.0678946      -0.0770375        0.834414
        -1.45107      -0.0812019        -0.10518
        0.392604       -0.180528       0.0212023
       -0.299807        0.635174       -0.311077
         2.14506          1.5018         1.26776
        -1.29435       -0.808256         1.86684
        -1.05365        -1.48251       -0.724946
         1.42359       -0.290943       -0.549607
         1.63005        0.892819       -0.741203
       -0.693908       -0.546173        0.301942
         1.11588       -0.237531        0.407568
       -0.983492         1.22977        -1.66062
       -0.643981       -0.937236       -0.631899
       -0.574568         1.29392       -0.375916
       -0.657365       -0.344345       -0.104824
        -1.35312        0.816188         1.83689
      0.00216404        -1.31277       -0.892946
        -1.32814         0.91824       0.0201611
       -0.087748       -0.638327       -0.456244
        -0.86057       -0.945794         1.59483
        0.882295        0.552308        -1.60985
         1.01557       -0.211027         2.12062
         1.95672       -0.157114       -0.336488
       -0.766417         0.95897         0.38459
       0.0277921        0.625629       -0.649252
       -0.234087        -1.57564         1.49699
        -1.17282        0.555226       -0.256965
         -2.0132       0.0586244       -0.504734
        0.373921        -1.27214       -0.612617
        0.437099        0.501344        0.192007
        0.730177        0.532535       -0.243651
          -1.224       0.0903778         1.57286
         1.57634        0.111038       -0.551702
        0.758326        -1.41643         1.28094
       0.0476003       -0.715126       -0.906154
        0.584029        0.352432        0.604592
        -1.53872        0.489707       -0.469702
        0.286308        -1.21108        -1.38338
         1.77396       -0.226452      -0.0909703
       0.0218885         1.45732        0.843819
        0.397813         1.34031       -0.126475
        0.834693       -0.778397        0.615063
        0.660842        0.867398         1.32759
        0.215465         1.10422        0.176959
       -0.345051       0.0436543         1.09665
        0.782304         3.07447       -0.697837
       -0.724759       0.0650478       -0.671205
         1.09044       -0.594982        0.958119
        0.857323      -0.0887194       -0.421474
       -0.445889        -1.69038        0.378221
        0.545834        -1.29338       -0.426717
       -0.777924       -0.446317       -0.542846
         1.32761       -0.613314        0.100842
        0.538016         1.21775        -1.54432
