      -0.0570339       -0.126818        0.713602
       0.0493347        0.753727      -0.0417208
        0.634468        0.865981      -0.0753055
       -0.563867        -1.14099        0.241449
        0.229728         2.39491       -0.312594
        0.523613        0.444865        0.302372
       -0.581323        0.263254       -0.541906
       -0.289963        -0.22259       -0.851954
       -0.987308        -1.63961      -0.0223661
        -2.07442           0.469       -0.162708
        -1.74669         2.00445        0.368398
         0.93757        0.898414        -0.81807
         -1.2875       -0.293239       -0.141234
       -0.147576       -0.606294        -2.16088
         1.53444       -0.590472       -0.548833
         -1.8623        -1.21173         -1.7397
        0.018618         1.86679         1.48655
        -1.15741        0.400035        0.862566
        -2.13079       -0.339167       -0.808624
       -0.304795         1.39991        -1.91602
        -1.57866        0.250231       -0.138594
         1.15254       -0.236533       0.0181727
         1.62645        -2.63859         1.46167
         1.04266       -0.385478       -0.645585
        0.499434       -0.620554         0.40615
        -1.74922      -0.0845822         1.54543
        0.318028       -0.649909         1.02846
        0.253372         1.43197        0.865045
       -0.097826        0.234855        0.157418
      -0.0650559         1.24454       -0.291068
         1.00949       -0.495197        0.135606
         2.12893       -0.933067         1.04189
       -0.987118        -1.63169        -1.67473
        0.454205        0.994158       -0.540558
         1.11623        -1.06465         1.22657
        0.322992         1.25653         1.37121
        -1.52258          1.5572        -2.18164
          1.6279      -0.0882053        0.216075
       -0.270951        0.119118        -1.44378
        -1.07076        0.460613       -0.405989
        0.262829        -1.26778        0.732987
        0.935589       -0.918415        -1.81524
       -0.483542       -0.461447       -0.562385
        0.603235        -0.32164         1.67258
         1.18573       -0.104177        -0.54006
         2.39636        -2.63582       -0.743825
       -0.179644       -0.440206         1.47016
        0.189243       -0.105078        0.443412
       0.0837415       -0.195972       -0.424017
        0.460863        0.257758         2.29905
        0.253294         1.05888       -0.726375
         1.63884        -1.20601        0.443076
        0.184449        -1.66833         -1.0115
       0.0282986        0.984305      -0.0158091
        0.540073         -1.1158        0.494872
        -1.06245        -1.11692       -0.396127
         1.12438        0.990979       -0.438549
        -1.50161        0.539867       -0.473147
         2.30419        -1.37175        0.635204
        -1.36123         1.61523        -2.87149
        -1.36153        0.450812        0.672442
        0.534622         1.02297        -1.71439
       -0.831652       -0.969356        0.825469
         1.00969      -0.0268722        -1.73907
       -0.868159       0.0503658        0.308143
       -0.363821       -0.713982         1.75401
        0.161307       -0.777491        0.960267
         1.42777          1.3147         0.43266
        -1.19914       -0.579977        0.445253
         2.56029       -0.538397       -0.262401
        0.703793        -1.53407       0.0499692
        0.923525       -0.280583      -0.0159788
       -0.562386        0.737041         1.85194
        -1.63862       -0.972125        -0.52782
       -0.590163      -0.0980263        0.557481
        0.986413        -1.38798         2.24177
       -0.126951        0.960711        -0.96062
        0.321051       -0.889448        0.877914
        -1.48761         2.51502         1.03485
        -1.43821        0.341516        -2.72823
       -0.478006        0.867233        0.599393
         1.02382      -0.0393795        0.984574
        0.314272       -0.528072         -0.7046
          -1.616         1.42917        -1.01498
        -2.07698        0.375646       -0.828422
         1.47954        0.166601       -0.523042
        0.632296        0.331316        0.959352
        -2.07389        0.853271       -0.564638
           0.163         -1.0037        0.863302
       -0.248705         1.02148        -1.19354
         1.15643         1.72796         1.37071
       -0.355228        -1.62686         1.31096
         1.15755         2.04189       0.0348392
        0.661709       -0.416215        -1.97194
       -0.259557       -0.703198          1.0605
       -0.635892        -1.26796         1.52004
        -1.49595         3.24415         -1.1581
        -1.51519        0.185866      -0.0856517
         1.84194       -0.109269       -0.175372
        0.377435        -1.51586         1.01574
        -1.04573        0.666451        0.715345
        0.774543       -0.672723        0.151497
        0.126233         2.27585        0.992144
         1.02519        -1.84706        0.279137
        0.456348       -0.335504        -0.55011
       -0.807553        0.565747        -1.42269
         1.65487        0.927766        0.312922
       -0.946144        -2.06826       -0.198616
