436.75
422.822
422.822
419.148
396.985
394.237
391.006
386.13
386.13
380.604
373.36
370.505
364.439
357.091
357.091
348.796
343.645
343.645
343.645
335.785
333.567
331.33
330.435
326.809
325.706
322.423
322.423
321.088
317.773
316.841
315.56
304.176
304.176
300.499
297.373
292.455
289.352
288.218
287.849
285.727
284.161
273.646
267.613
263.601
263.601
263.601
258.801
258.148
258.024
258.024
251.97
249.474
246.91
244.237
244.237
236.85
236.85
236.464
236.464
236.464
236.258
235.617
230.527
230.527
230.167
228.554
228.11
227.011
227.011
222.956
222.956
222.956
222.876
222.062
222.007
219.939
219.939
218.935
218.326
218.326
217.937
217.937
214.61
214.61
214.61
214.555
212.365
211.421
211.164
211.069
211.069
210.751
205.189
205.189
203.78
203.78
203.588
203.378
202.924
202.323
201.86
201.86
201.86
201.86
201.73
201.198
199.214
197.988
197.988
197.988
196.261
196.261
195.337
195.337
195.337
195.182
191.468
191.468
191.468
190.163
190.163
187.942
187.942
180.668
180.668
180.668
179.515
178.177
178.177
178.177
178.177
177.841
177.841
177.841
177.841
177.841
177.841
177.496
177.496
177.496
172.133
172.133
171.975
171.69
171.69
170.478
170.478
170.478
166.263
166.263
165.664
165.664
165.664
165.379
164.769
164.342
164.342
162.406
161.847
161.847
161.847
161.584
159.715
159.715
159.715
159.715
159.715
159.715
159.308
159.308
159.308
159.308
159.062
156.615
156.615
156.235
156.235
156.085
155.395
155.107
155.107
153.979
153.979
153.763
153.763
153.763
152.94
152.94
152.94
152.51
151.988
151.988
151.979
151.302
151.302
151.302
151.302
151.302
151.302
149.595
149.595
149.595
149.595
149.41
149.41
149.41
149.41
149.004
149.004
149.004
149.004
148.82
148.82
148.82
148.52
148.52
148.503
147.953
147.953
147.651
146.008
146.008
146.008
145.051
145.051
143.559
143.559
143.504
143.504
143.368
143.225
143.225
143.13
143.13
142.744
142.494
142.393
142.393
141.751
141.556
141.113
141.113
141.042
140.681
140.292
140.198
140.198
140.198
138.152
138.152
138.152
137.968
137.968
136.676
135.98
135.98
135.372
135.372
135.372
134.497
133.368
133.368
133.368
132.862
132.862
132.862
132.862
132.862
132.777
132.777
132.777
132.728
132.728
130.357
130.357
130.217
130.217
130.217
129.599
129.599
129.599
129.599
129.599
129.599
129.599
128.797
128.78
128.78
128.034
128.034
128.034
128.034
128.034
127.875
127.875
127.39
127.279
127.279
126.977
126.977
126.977
126.931
126.931
125.597
125.597
125.597
125.597
125.597
125.546
125.546
125.376
125.376
125.376
125.376
125.265
125.265
125.265
125.265
125.265
123.976
123.976
123.681
123.681
123.681
123.681
123.681
123.631
123.631
123.481
123.481
123.481
123.481
123.481
123.481
123.481
123.249
123.249
123.249
123.126
123.109
122.951
122.951
122.951
122.846
122.403
122.403
122.403
122.262
121.357
121.357
121.357
121.159
121.159
121.001
121.001
120.827
120.827
120.272
120.272
120.272
120.162
120.124
120.098
118.341
118.113
118.113
118.113
117.655
117.655
117.655
117.06
117.06
116.595
116.595
116.579
116.579
116.579
116.506
116.506
115.828
115.828
115.734
115.734
115.732
115.624
115.624
115.624
115.624
115.624
115.624
114.555
114.555
114.555
114.555
114.512
114.512
114.512
114.512
114.512
114.512
113.976
113.976
113.973
113.973
113.973
113.93
113.93
113.93
111.3
111.3
110.958
109.975
109.975
109.975
109.975
109.975
109.975
109.975
109.975
109.975
109.326
109.326
109.326
109.326
109.064
109.002
108.692
108.692
108.692
108.692
108.465
107.551
107.551
106.36
106.36
106.096
106.096
106.096
105.926
105.926
105.926
105.11
105.11
105.11
105.11
105.11
104.933
104.933
104.933
104.539
104.539
104.539
104.539
104.539
104.539
104.539
104.539
104.539
104.539
104.539
104.539
104.539
104.539
103.277
103.277
103.191
102.919
102.404
102.404
102.404
102.404
101.98
101.98
101.962
101.962
101.962
101.962
101.962
101.832
101.832
101.832
101.832
101.832
101.45
101.45
101.45
101.45
101.45
101.45
101.45
101.202
101.202
101.202
99.5736
99.5736
99.4749
99.4749
99.3885
99.3885
99.3885
99.4417
99.4417
99.4417
98.831
98.831
98.831
98.831
98.831
98.831
98.831
98.831
98.831
98.831
98.831
98.5027
98.5027
98.5027
98.5027
98.5027
98.5027
98.5027
98.5027
98.5027
98.5027
98.5027
98.5027
97.9859
97.9859
97.9859
97.9265
97.9265
97.9265
97.9265
97.9265
97.9265
97.9265
97.5594
97.5594
97.5594
97.5594
97.1895
97.1895
97.1895
97.1895
96.9797
96.9797
96.9797
96.9797
96.9797
96.2411
96.2411
96.0382
96.0382
96.0382
96.0382
96.0382
95.3472
95.3066
95.3066
95.3066
94.1713
94.1713
93.0524
93.0524
93.0524
93.0524
93.0524
90.5622
90.5622
90.5622
90.5622
90.5622
90.2473
90.2473
90.2473
90.2473
90.2473
90.2473
90.0837
90.0837
90.0837
90.0837
89.7182
86.2782
86.2782
86.2782
86.2187
86.2187
86.2187
86.2187
86.2088
86.2088
86.2088
86.0903
86.0903
86.0903
86.0903
86.0903
86.022
86.022
86.022
86.022
86.022
86.022
86.022
86.022
86.022
86.022
86.022
86.022
86.022
86.022
86.022
86.022
86.022
86.022
86.022
86.022
86.022
86.022
86.022
86.022
86.022
86.022
86.022
86.022
86.022
86.022
86.022
86.022
86.022
86.022
86.022
86.022
86.022
86.022
86.022
86.022
86.022
86.022
86.022
86.022
86.022
86.022
86.022
86.022
86.022
86.022
86.022
86.022
86.022
86.022
86.022
85.6565
85.6565
85.6565
85.6565
85.6565
84.7932
84.7932
84.7932
84.7932
84.7932
84.7932
84.7932
84.7932
84.7932
84.7932
84.7932
84.7932
84.7932
84.7932
84.7932
84.7932
84.7932
84.7932
84.7932
84.7932
84.7932
84.6296
84.6296
84.6296
84.6296
84.6296
84.6296
84.6296
84.6296
84.6296
84.6296
84.6296
84.6296
84.2641
84.2641
84.2641
84.2641
84.2641
84.2641
84.2641
84.2641
84.2641
84.2641
84.2641
84.2641
84.1195
83.8474
83.8474
83.8474
83.8474
83.8474
83.8474
83.8474
83.7028
83.7028
83.7028
83.7028
83.7028
83.7028
83.7028
83.7028
83.7028
83.7028
83.7028
83.7028
83.6361
83.6361
83.6361
83.6361
83.6361
83.6361
83.6361
83.6361
83.6361
83.6361
83.3681
83.3681
83.3681
83.3681
83.3681
83.3681
83.3681
83.3681
83.3681
83.3681
83.3681
83.3681
83.3681
83.3594
83.3594
83.3594
83.3594
83.3594
83.3594
83.3594
82.8693
82.8693
82.8693
82.8693
82.8693
82.8693
82.8693
82.8693
82.8693
82.8693
82.8693
82.8693
82.8693
82.8693
82.8693
82.8693
82.8693
82.8693
82.8693
82.8693
82.8693
82.8693
82.8693
82.8693
82.8693
82.8693
82.8693
82.8693
82.8693
82.8693
82.8693
82.8693
82.8693
82.8693
82.8693
82.8693
82.8693
82.8693
82.8693
82.8693
82.8693
82.8693
82.8693
82.8693
82.8693
82.8693
82.8693
82.8693
82.8693
82.8693
82.8693
82.8693
82.8693
82.8693
82.8693
82.8693
82.8693
82.8693
82.8693
82.8693
82.8693
82.8508
82.8508
82.5983
82.5983
82.5983
82.5983
82.5983
82.5983
82.3714
82.3714
82.3714
82.3714
82.3714
82.3444
82.3444
82.3444
82.3444
82.3444
82.3444
82.3444
82.3444
82.3444
82.3444
82.2064
82.2064
82.2064
82.2064
82.2064
82.2064
82.2064
82.2064
82.2064
82.2064
82.2064
82.2064
82.2064
82.2064
82.2064
82.2064
82.2064
81.6524
81.6524
81.6524
81.6524
81.6524
81.6524
81.6524
81.6524
81.6524
81.6524
81.6524
81.6524
81.6524
81.6524
81.6524
81.6351
81.6351
81.6351
81.6351
81.6351
81.6351
81.6351
81.6351
81.6351
81.6351
81.6351
81.6351
81.6351
81.6351
81.6351
81.6351
81.6351
81.6351
81.6351
81.6351
81.6351
81.6351
81.6351
81.6351
81.6351
81.6351
81.6351
81.6351
81.6351
81.6351
81.6351
81.6351
81.6351
81.6351
81.6351
81.6351
81.6351
81.6351
81.6351
81.6351
81.6351
81.6351
81.6351
81.6351
81.6351
81.6351
81.6351
81.6351
81.6351
81.6351
81.6351
81.6351
81.6351
81.6351
81.6351
81.6351
81.6351
81.6351
81.6351
81.6351
81.6351
81.6351
81.6351
80.9707
80.9707
80.9707
80.9707
80.9707
80.9707
80.9707
80.9707
80.9707
80.9707
80.9707
80.9707
80.9707
80.5072
80.5072
80.5072
80.5072
80.5072
80.5072
80.5072
80.5072
80.5072
80.5072
80.5072
80.5072
80.5072
80.5072
80.5072
80.5072
80.5072
80.5072
80.5072
80.5072
80.5072
80.5072
80.5072
80.5072
80.5072
80.5072
80.5072
79.4141
79.4141
79.4141
79.4141
79.4141
79.4141
79.4141
79.4141
79.4057
79.4057
79.4057
79.4057
79.4057
79.4057
79.4057
79.4057
79.4057
79.4057
79.4057
79.4057
79.4057
79.4057
79.4057
79.4057
79.4057
79.4057
79.4057
79.4057
79.4057
79.4057
79.4057
78.9851
78.9851
78.9851
78.9851
78.9851
78.9851
78.9851
78.9851
78.9851
78.9851
78.9851
78.9851
78.9851
78.9851
78.9851
78.9851
78.9851
78.9851
78.9851
78.9851
78.9851
78.9851
78.9851
78.9851
78.9851
78.9851
78.9851
78.9851
78.9851
78.9851
78.9851
78.9851
78.9851
78.9352
78.9352
78.9352
78.9352
78.9352
78.9352
78.9352
78.9352
78.9352
78.9352
78.9352
78.9352
78.9352
78.9008
78.9008
78.9008
78.9008
78.9008
78.9008
77.6789
77.6789
77.6789
77.6789
77.6789
77.6789
77.6789
77.3458
77.3458
77.0004
77.0004
77.0004
77.0004
77.0004
77.0004
77.0004
77.0004
77.0004
77.0004
77.0004
77.0004
77.0004
77.0004
77.0004
77.0004
77.0004
77.0004
77.0004
77.0004
77.0004
77.0004
77.0004
77.0004
77.0004
77.0004
77.0004
77.0004
77.0004
77.0004
77.0004
77.0004
77.0004
77.0004
77.0004
77.0004
77.0004
77.0004
77.0004
77.0004
77.0004
77.0004
77.0004
77.0004
77.0004
77.0004
77.0004
77.0004
77.0004
77.0004
77.0004
77.0004
77.0004
77.0004
77.0004
77.0004
77.0004
77.0004
76.8878
76.8878
76.8795
76.8795
76.8795
76.8795
76.8795
76.8795
76.8795
76.8795
76.8795
76.8795
76.8795
76.8795
76.8795
76.8795
76.8795
76.8795
76.8795
76.8795
76.8795
76.8795
76.8795
76.8795
76.8795
76.8795
76.8795
76.8795
76.8795
76.8795
76.8795
76.8795
76.8795
76.8795
76.8795
76.8795
76.8795
76.8795
75.4086
75.4086
75.4086
75.4086
75.4086
75.4086
75.4086
75.4086
75.4086
75.4086
75.4086
75.4086
75.4086
75.4086
75.4086
75.4086
75.4086
75.4086
75.295
75.295
75.295
75.295
75.295
75.295
75.1717
75.1717
75.1717
75.1717
75.1717
75.1717
75.1717
75.1717
75.1717
75.1717
75.1717
75.1717
75.1717
75.1717
75.1717
75.1322
75.1322
75.1322
75.1322
75.1322
75.1322
75.1322
75.1322
75.1322
75.1322
75.1322
75.1322
75.1322
75.1322
75.1322
74.9685
74.9685
74.9685
74.9685
74.9685
74.9685
74.9685
74.9685
74.9685
74.9685
74.9685
74.9685
74.9685
74.9685
74.9685
74.9685
74.9685
74.7693
74.7693
74.7693
74.7693
74.7693
74.7693
74.7693
74.7693
74.7693
74.7693
74.7693
74.7693
74.7693
74.7693
74.7693
74.7693
74.7693
74.7693
74.7693
74.7693
74.7693
74.7156
74.7156
74.7156
74.7156
74.7156
74.7156
74.7156
74.7156
74.7156
74.7156
74.7156
74.4905
74.4905
74.4905
74.4905
74.4905
74.4905
74.4905
74.4905
74.4905
74.4905
74.4905
74.4905
74.4905
74.4905
74.4905
74.4905
74.4905
74.4905
74.4905
74.4905
74.4905
74.4905
74.4905
74.4905
74.4905
74.4905
74.4905
74.4905
74.4905
74.4905
74.4905
74.4905
74.4905
74.4905
74.4905
74.4905
74.4905
74.4905
74.4905
74.4905
74.4905
74.4905
74.4649
74.4649
74.4649
74.4649
74.4649
74.4649
74.4649
74.4649
74.4649
74.4649
74.4649
74.4649
74.4649
74.4649
74.4649
74.4649
74.4649
74.4649
74.4649
74.4649
74.4649
74.4649
74.4649
74.4649
74.4649
74.4649
74.4649
74.4649
74.4649
74.4649
74.4649
74.4649
74.4649
74.4649
74.4649
74.4649
74.4649
74.4649
74.4649
74.4649
74.4649
74.4649
74.4649
74.4649
74.4649
74.4649
74.4649
74.4649
74.4649
74.4649
74.4649
74.4649
74.4649
74.4649
74.4649
74.4649
74.4649
74.4649
74.4649
74.4649
74.4649
74.4649
74.4649
74.4649
74.4649
74.4649
74.4649
74.4649
74.4649
74.4649
74.4649
74.4649
74.4649
74.4649
74.4649
74.4649
74.4649
74.4649
74.4649
74.4649
74.4649
74.4649
74.4649
74.4649
74.4649
74.4649
74.4649
74.4649
74.4649
74.4649
74.4649
74.4649
74.4649
74.4649
74.4649
74.4649
74.4649
74.4649
74.4649
74.4649
74.4649
74.4649
74.4649
74.4649
74.4649
74.4649
74.4649
74.4649
74.4649
74.4649
74.4649
74.4649
74.4649
74.4649
74.4649
74.4649
74.4649
74.4649
74.4649
74.4649
74.4649
74.4649
74.4649
74.4649
74.4649
74.4649
74.4649
74.4649
74.4649
74.4649
74.4649
74.4649
74.4649
74.4649
74.4649
74.4649
74.4649
74.4649
74.4649
74.4649
74.4649
74.4649
74.4649
74.4649
74.4649
74.4649
74.4649
74.4649
74.4649
74.4649
74.4649
74.4649
74.4649
74.4649
74.4649
74.4649
74.4649
74.4649
74.4649
74.4649
74.4649
74.4649
74.4649
74.4649
74.4649
74.4649
74.4649
74.4649
74.4649
74.4649
74.4649
74.4649
74.4649
74.4649
74.4649
74.4649
74.4649
74.4649
74.4649
74.4649
74.4649
74.4649
74.4649
74.4649
74.4649
74.4649
74.4649
74.4649
74.4649
74.4649
74.4649
74.4649
74.4649
74.4649
74.4649
73.4836
73.4836
73.4836
73.4836
73.4836
73.4836
73.4836
73.4836
73.4836
73.4836
73.4836
73.4836
73.4836
73.4836
73.4836
73.4836
73.4836
73.4836
73.4836
73.4836
73.4836
73.4836
73.4836
73.4836
73.4836
73.4836
73.4836
73.4836
72.8928
72.8928
72.8928
72.8928
72.8928
72.8928
72.8928
72.8928
72.8928
72.8928
72.8928
72.8928
72.8928
72.8928
72.8928
72.8928
72.8928
72.8928
72.8928
72.8928
72.8928
72.8928
72.8928
72.8928
72.8928
72.8928
72.8928
72.8928
72.8928
72.8928
72.8928
72.8928
72.8928
72.8928
72.8928
72.8928
72.8928
72.8928
72.8928
72.8928
72.8928
72.8928
72.8928
72.8928
72.8928
72.8928
72.8928
72.8928
72.8928
72.8928
72.8928
72.8928
72.8928
72.8928
72.8928
72.8928
72.8928
72.8928
72.8928
72.8928
72.8928
72.8928
72.8928
72.8928
72.8928
72.8928
72.8928
72.8928
72.8928
72.8928
72.8928
72.8928
72.8928
72.8928
72.8928
72.8928
72.8928
72.8928
72.8928
72.8928
72.8928
72.8928
72.8928
72.8928
72.8928
72.8928
72.8928
72.8928
72.8928
72.5245
72.5245
72.5245
72.5245
72.5245
72.5245
72.5245
72.5245
72.5245
72.5245
72.5245
72.5245
72.5245
72.5245
72.5245
72.5245
72.5245
72.5245
72.5245
72.5245
72.5245
72.5245
72.5245
72.5245
72.5245
72.5245
72.5245
72.5245
72.5245
72.5245
72.5245
72.5245
72.5245
72.5245
72.5245
72.5245
72.5245
72.5245
72.5245
72.5245
72.5245
72.5245
72.5245
72.5245
72.5245
72.5245
72.5245
72.5245
72.5245
72.5245
72.5245
72.5245
72.5245
72.5245
72.5245
72.5245
72.5245
72.5245
72.5245
72.5245
72.2989
72.2989
72.2989
72.2989
72.2989
72.2989
72.2989
72.2989
72.2989
72.2989
72.2989
72.2989
72.2989
72.2989
72.2989
72.2989
72.2989
72.2989
72.2989
72.2989
72.2989
72.2989
72.2989
72.2989
72.2989
72.2989
72.2989
72.2902
72.2902
72.2902
72.2902
72.2902
72.2902
72.2902
72.2902
72.2902
72.2902
72.2902
72.2902
72.2902
72.2902
72.2902
72.2902
72.2902
72.2902
72.2902
72.2902
72.2902
72.2902
72.2902
72.2902
72.2902
72.2902
72.2902
72.2902
72.2902
72.2902
72.2902
72.2902
72.2902
72.2902
72.2902
72.2902
72.2902
72.2902
72.2902
72.2902
72.2902
72.2902
72.2902
72.2902
72.2902
72.2902
72.2902
72.2902
72.2902
72.2902
72.2902
72.2902
72.2902
72.2902
72.2902
72.2902
72.2902
72.2902
72.2902
72.2902
72.2902
72.2902
72.2902
72.2902
72.2902
72.2902
72.2902
72.2902
72.2902
72.2902
72.2902
72.2902
72.2902
72.2902
72.2902
72.2902
72.2902
72.2902
72.2902
72.2902
72.2902
72.2902
72.2902
72.2902
72.2902
72.2902
72.2902
72.2902
72.2902
72.2104
72.2104
72.2104
72.2104
72.2104
72.2104
72.2104
72.2104
72.2104
72.2104
72.2104
72.2104
72.2104
72.2104
72.2104
72.2104
72.2104
72.2104
72.2104
72.2104
72.2104
72.2104
72.2104
72.2104
72.2104
72.2104
72.2104
72.2104
72.2104
72.2104
72.2104
72.2104
72.2104
72.2104
72.2104
72.2104
72.2104
72.2104
72.2104
72.2104
72.2104
72.2104
72.2104
72.2104
72.2104
72.2104
72.0468
72.0468
71.9971
71.9971
71.9971
71.9971
71.9971
71.9971
71.9971
71.9971
71.9971
71.9971
71.9971
71.9971
71.9971
71.9971
71.9971
71.9971
71.9971
71.9971
71.9971
71.9971
71.9971
71.9971
71.9971
71.9971
71.9971
71.9971
71.9971
71.9971
71.9971
71.9971
71.9971
71.9971
71.3959
71.3959
71.3959
71.3959
71.3959
70.9698
70.9698
70.9698
70.9698
70.9698
70.9698
70.9698
70.9698
70.9698
70.9698
70.9698
70.9698
70.9698
70.9698
70.9698
70.9698
70.9698
70.9698
70.9698
70.9698
70.9698
70.9698
70.9698
70.9698
70.9698
70.9698
70.9698
70.9698
70.9698
70.9698
70.9698
70.9698
70.9698
70.9698
70.9698
70.9698
70.9698
70.9698
70.9698
70.9698
70.9698
70.9698
70.9698
70.9698
70.9698
70.9698
70.9698
70.9698
70.9698
70.9698
70.961
70.961
70.961
70.961
70.961
70.961
70.961
70.961
70.961
70.961
70.961
70.961
70.961
70.961
70.961
70.961
70.961
70.961
70.961
70.961
70.961
70.961
70.961
70.961
70.961
70.961
70.961
70.961
70.961
70.961
70.961
70.961
70.961
70.961
70.961
70.961
70.961
70.961
70.961
70.961
70.961
70.961
70.961
70.961
70.961
70.961
70.961
70.961
70.961
70.961
70.961
70.961
70.961
70.961
70.961
70.961
70.8296
70.8296
70.8296
70.8296
70.8296
70.8296
70.8296
70.8296
70.8296
70.8296
70.8296
70.8296
70.8296
70.8296
70.8296
70.8296
70.0649
70.0649
70.0649
70.0649
70.0649
70.0649
70.0649
70.0649
70.0649
70.0649
70.0649
70.0649
70.0649
70.0649
70.0649
70.0649
70.0649
70.0649
70.0649
70.0649
70.0649
70.0649
70.0649
70.0649
70.0649
70.0649
70.0649
70.0649
70.0649
70.0649
70.0649
70.0649
70.0649
70.0649
70.0649
70.0649
70.0649
70.0649
70.0649
70.0649
70.0649
70.0649
70.0649
70.0649
70.0649
70.0649
70.0649
70.0649
70.0649
70.0649
70.0649
70.0649
70.0649
70.0649
70.0649
70.0649
70.0649
70.0649
70.0649
70.0649
70.0649
70.0649
70.0649
70.0649
70.0649
70.0649
70.0649
70.0649
70.0649
70.0649
70.0649
70.0649
70.0649
70.0649
70.0649
70.0649
70.0649
70.0649
70.0649
70.0649
70.0649
70.0649
70.0649
70.0649
70.0649
70.0649
70.0649
70.0649
70.0649
70.0649
70.0649
70.0649
70.0649
70.0649
70.0649
70.0649
70.0649
70.0649
70.0649
70.0649
70.0649
70.0649
70.0649
70.0649
70.0649
70.0649
70.0649
70.0649
70.0649
70.0649
70.0649
70.0649
70.0649
70.0649
70.0649
70.0649
70.0649
70.0649
70.0649
70.0649
70.0649
70.0649
70.0649
70.0649
70.0649
70.0649
70.0649
70.0649
70.0649
70.0649
70.0649
70.0649
70.0649
70.0649
70.0649
70.0649
70.0649
70.0649
70.0649
70.0649
70.0649
70.0649
70.0649
70.0649
70.0649
70.0046
70.0046
70.0046
70.0046
70.0046
70.0046
70.0046
70.0046
70.0046
70.0046
70.0046
70.0046
70.0046
70.0046
70.0046
70.0046
70.0046
70.0046
70.0046
70.0046
70.0046
70.0046
70.0046
70.0046
70.0046
70.0046
70.0046
70.0046
70.0046
70.0046
70.0046
70.0046
70.0046
70.0046
70.0046
70.0046
70.0046
70.0046
70.0046
70.0046
70.0046
70.0046
70.0046
70.0046
70.0046
70.0046
70.0046
70.0046
70.0046
70.0046
70.0046
70.0046
70.0046
70.0046
70.0046
70.0046
70.0046
70.0046
70.0046
70.0046
70.0046
70.0046
70.0046
70.0046
70.0046
70.0046
70.0046
70.0046
70.0046
70.0046
70.0046
70.0046
70.0046
70.0046
70.0046
70.0046
70.0046
70.0046
70.0046
70.0046
70.0046
70.0046
70.0046
70.0046
70.0046
70.0046
70.0046
70.0046
70.0046
70.0046
70.0046
70.0046
70.0046
70.0046
70.0046
70.0046
70.0046
70.0046
70.0046
70.0046
70.0046
69.9941
69.9941
69.9941
69.9941
69.9941
69.9941
69.9941
69.9941
69.9941
69.9941
69.9941
69.9941
69.9941
69.9941
69.9941
69.9941
69.9941
69.9941
69.9941
69.9941
69.9941
69.9941
69.9941
69.9941
69.9941
69.9941
69.9941
69.9941
69.9941
69.9941
69.9941
69.9941
69.9941
69.9941
69.9941
69.9941
69.9941
69.9941
69.9941
69.9941
69.9941
69.9941
69.9941
69.9941
69.9941
69.9941
69.9941
69.9941
69.9941
69.9941
69.9941
69.9941
69.9941
69.9941
69.9941
69.9941
69.9941
69.9941
69.9941
69.9941
69.9941
69.9941
69.9941
69.9941
69.9941
69.9941
69.9941
69.9941
69.9941
69.9941
69.9941
69.9941
69.9941
69.9941
69.9941
69.9941
69.9941
69.9941
69.9941
69.9941
69.9941
69.9941
69.9941
69.9941
69.9941
69.9941
69.9941
69.9941
69.9941
69.9941
69.9941
69.9941
69.9941
69.9941
69.9941
69.9941
69.9941
69.9941
69.9941
69.9941
69.9941
69.9941
69.9941
69.9941
69.9941
69.9941
69.9941
69.9941
69.9941
69.9941
69.9941
69.9941
69.9941
69.9941
69.9941
69.9941
69.9941
69.9941
69.9941
69.9941
69.9941
69.9941
69.9941
69.9941
69.9941
69.9941
69.9941
69.9941
69.9941
69.9941
69.9941
69.9941
69.9941
69.9941
69.9941
69.9941
69.9941
69.9941
69.9941
69.9941
69.9941
69.9941
69.9941
69.9941
69.9941
69.9941
69.9941
69.9941
69.9941
69.9941
69.9722
69.9722
69.9722
69.9722
69.9722
69.9722
69.9722
69.9722
69.9722
69.9722
69.9722
69.9722
69.9722
69.9722
69.9722
69.9722
69.9722
69.9722
69.9722
69.9722
69.9722
69.9722
69.9722
69.9722
69.9722
69.9722
69.9722
69.9722
69.9722
69.9722
69.9722
69.9722
69.9722
69.9722
69.9722
69.9722
69.9722
69.9722
69.9722
69.9722
69.9722
69.9722
69.9722
69.9722
69.9722
69.9722
69.9722
69.9722
69.9722
69.9722
69.9722
69.9722
69.9722
69.9722
69.9722
69.9722
69.9722
69.9722
69.9722
69.9722
69.9722
69.9722
69.9722
69.9722
69.9722
69.9722
69.9722
69.9722
69.9722
69.9722
69.9722
69.9722
69.9722
69.9722
69.9722
69.9722
69.9722
69.9722
69.9722
69.9722
69.9722
69.9722
69.9722
69.9722
69.9722
69.9722
69.9722
69.9722
69.9722
69.9722
69.9722
69.9722
69.9722
69.9722
69.9722
69.9722
69.9722
69.9722
69.9722
69.9722
69.9722
69.9722
69.9722
69.9722
68.8721
68.8721
68.8708
68.8708
68.8708
68.8708
68.8708
68.8708
68.8708
68.8708
68.8708
68.8708
68.8708
68.8708
68.8708
68.8708
68.8708
68.8708
68.8708
68.8708
68.8708
68.8708
68.8708
68.8708
68.8708
68.8708
68.8708
68.8708
68.8708
68.8708
68.8708
68.8708
68.8708
68.8708
68.8708
68.8708
68.8708
68.8708
68.8708
68.8708
68.8708
68.8708
68.8708
68.8708
68.8708
68.8708
68.8708
68.8708
68.8708
68.8708
68.8708
68.8708
68.8708
68.8708
68.8708
68.8708
68.8708
68.8708
68.8708
68.8708
68.8708
68.8708
68.8708
68.8708
68.8708
68.8708
68.8708
68.8708
68.8708
68.8708
68.8708
68.8708
68.8708
68.8708
68.8708
68.8708
68.8708
68.8708
68.8708
68.8708
68.8708
68.8708
68.8708
68.8708
68.8708
68.8708
68.8708
68.8708
68.8708
68.8708
68.8708
68.8708
68.8708
68.8708
68.8708
68.8708
68.8708
68.8708
68.8708
68.8708
68.8708
68.8708
68.8708
68.8708
68.8708
68.8708
68.8708
68.8708
68.8708
68.8708
68.8708
68.8708
68.8708
68.8708
68.8708
68.8708
68.8708
68.8708
68.8708
68.8708
68.8708
68.8708
68.8708
68.8708
68.8708
68.8708
68.8708
68.8708
68.8708
68.8708
68.8708
68.8708
68.8708
68.8708
68.8708
68.8708
68.8708
68.8708
68.8708
68.8708
68.8708
68.8708
68.8708
68.8708
68.8708
68.8708
68.8708
68.8708
68.8708
68.8708
68.8708
68.8708
68.8708
68.8708
68.8708
68.8708
68.8708
68.8708
68.8708
68.8708
68.8708
68.8708
68.8708
68.8708
68.8708
68.8708
68.8708
68.8708
68.8708
68.8708
68.8708
68.8708
68.8708
68.8708
68.8708
68.8708
68.8708
68.8708
68.8708
68.8708
68.8708
68.8708
68.8708
68.8708
68.8708
68.8708
68.8708
68.8708
68.8708
68.8708
68.8708
68.8708
68.8708
68.8708
68.8708
68.8708
68.8708
68.8708
68.8708
68.8708
68.8708
68.8708
68.8708
68.8708
68.8708
68.8708
68.8708
68.8708
68.8708
68.8708
68.8708
68.8708
68.8708
68.8708
68.8708
68.8708
68.8708
68.8708
68.8708
68.8708
68.8708
68.8708
68.8708
68.8708
68.8708
68.8708
68.8708
68.8708
68.8708
68.8708
68.8708
68.8708
68.8708
68.8708
68.8708
68.8708
68.8708
68.8708
68.8708
68.8708
68.8708
68.8708
68.8708
68.8708
68.8708
68.8708
68.8708
68.8708
68.8708
68.8708
68.8708
68.8708
68.8708
68.8708
68.8708
68.8708
68.8708
68.8708
68.8708
68.8708
68.8708
68.8708
68.8708
68.8708
68.8708
68.8708
68.8708
68.8708
68.8708
68.8708
68.8708
68.8708
68.8708
68.8708
68.8708
68.8708
68.8708
68.8708
68.8708
68.8708
68.8708
68.8708
68.8708
68.8708
68.8708
68.8708
68.8708
68.8708
68.8708
68.8708
68.8708
68.8708
68.8708
68.8708
68.8708
68.8708
68.8708
68.8708
68.8708
68.8708
68.8708
68.8708
68.8708
68.8708
68.8708
68.8708
68.8708
68.8708
68.8708
68.8708
68.8708
68.8708
68.8708
68.8708
68.8708
68.8708
68.8708
68.8708
68.8708
68.8708
68.8708
68.8708
68.8708
68.8708
68.8708
68.8708
68.8708
68.8708
68.8708
68.8708
68.8708
68.8708
68.8708
68.8708
68.8708
68.8708
68.8708
68.8708
68.8708
68.8708
68.8708
68.8708
68.8708
68.8708
68.8708
68.8708
68.8708
68.8708
68.8708
68.8708
68.8708
68.8708
68.8708
68.8708
68.8708
68.8708
68.8708
68.8708
68.8708
68.8708
68.8708
68.8708
68.8708
68.8708
68.8708
68.8708
68.8708
68.8708
68.8708
68.8708
68.8708
68.8708
68.8708
68.8708
68.8708
68.8708
68.8708
68.8708
68.8708
68.8708
68.8708
68.8708
68.8708
68.8708
68.8708
68.8708
68.8708
68.8708
68.8708
68.8708
68.8708
68.8708
68.8708
68.8708
68.8708
68.8708
68.8708
68.8708
68.8708
68.8708
68.8708
68.8708
68.8708
68.8708
68.8708
68.8708
68.8708
68.8708
68.8708
68.8708
68.8708
68.8708
68.8708
68.8708
68.8708
68.8708
68.8708
68.8708
68.8708
68.8708
68.8708
68.8708
68.8708
68.8708
68.8708
68.8708
68.8708
68.8708
68.8708
68.8708
68.8708
68.8708
68.8708
68.8708
68.8708
68.8708
68.8708
68.8708
68.8708
68.8708
68.8708
68.8708
68.8708
68.8708
68.8708
68.8708
68.8708
68.8708
68.8708
68.8708
68.8708
68.8708
68.8708
68.8708
68.8708
68.8708
68.8708
68.8708
68.8708
68.8708
68.8708
68.8708
68.8708
68.8708
68.8708
68.8708
68.8708
68.8708
68.8708
68.8708
68.8708
68.8708
68.8708
68.8708
68.8708
68.8708
68.8708
68.8708
68.8708
68.8708
68.8708
68.8708
68.8708
68.8708
68.8708
68.8708
68.8708
68.8708
68.8708
68.8708
68.8708
68.8708
68.8708
68.8708
68.8708
68.8708
68.8708
68.8708
68.8708
68.8708
67.482
67.482
67.482
67.482
67.482
67.482
67.482
67.482
67.482
67.482
67.482
67.482
67.482
67.482
67.482
67.482
67.482
67.482
67.482
67.482
67.482
67.482
67.482
67.482
67.482
67.482
67.482
67.482
67.482
67.482
67.482
67.482
67.482
67.482
67.482
67.482
67.482
67.482
67.482
67.482
67.482
67.482
67.482
67.482
67.482
67.482
67.482
67.482
67.482
67.482
67.482
67.482
67.482
67.482
67.482
67.482
67.482
67.482
67.482
67.482
67.482
67.482
67.482
67.482
67.482
67.482
67.482
67.482
67.482
67.482
67.482
67.482
67.482
67.482
67.482
67.482
67.482
67.482
67.482
67.482
67.482
67.482
67.482
67.482
67.482
67.482
67.482
67.482
67.482
67.482
67.482
67.482
67.482
67.482
67.482
67.482
67.482
67.482
67.482
67.482
67.482
67.482
67.482
67.482
67.482
67.482
67.482
67.482
67.482
67.482
67.482
67.482
67.482
67.482
67.482
67.482
67.482
67.482
67.482
67.482
67.482
67.482
67.482
67.482
67.482
67.482
67.482
67.482
67.482
67.482
67.482
67.482
67.482
67.482
67.482
67.482
67.482
67.482
67.482
67.482
67.482
67.482
67.482
67.482
67.482
67.482
67.482
67.482
67.482
67.482
67.482
67.482
67.482
67.482
67.482
67.482
67.482
67.482
67.482
67.482
67.482
67.482
67.482
67.482
67.482
67.482
67.482
67.482
67.482
67.482
67.482
67.482
67.482
67.482
67.482
67.482
67.482
67.482
67.482
67.482
67.482
67.482
67.482
67.482
67.482
67.482
67.482
67.482
67.482
67.482
67.482
67.482
67.482
67.482
67.482
67.482
67.482
67.482
67.482
67.482
67.482
67.482
67.482
67.482
67.482
67.482
67.482
67.482
67.482
67.482
67.482
67.482
67.482
67.482
67.482
67.482
67.482
67.482
67.482
67.482
67.482
67.482
67.482
67.482
67.482
67.482
67.482
67.482
67.482
67.482
67.482
67.482
67.482
67.482
67.482
67.482
67.482
67.482
67.482
67.482
67.482
67.482
67.482
67.482
67.482
67.482
67.482
67.482
67.482
67.482
67.482
67.482
67.482
67.482
67.482
67.482
67.482
67.482
67.482
67.482
67.482
67.482
67.482
67.482
67.482
67.482
67.482
67.482
67.482
67.482
67.482
67.482
67.482
67.482
67.482
67.482
67.482
67.482
67.482
67.482
67.482
67.482
67.482
67.482
67.482
67.482
67.482
67.482
67.482
67.482
67.482
67.482
67.482
67.482
67.482
67.482
67.482
67.482
67.482
67.482
67.482
67.482
67.482
67.482
67.482
67.482
67.482
67.482
67.482
67.482
67.482
67.482
67.482
67.482
67.482
67.482
67.482
67.482
67.482
67.482
67.482
67.482
67.482
67.482
67.482
67.482
67.482
67.482
67.482
67.482
67.482
67.482
67.482
67.482
67.482
67.482
67.482
67.482
67.482
67.482
67.482
67.482
67.482
67.482
67.482
67.482
67.482
67.482
67.482
67.482
67.482
67.482
67.482
67.482
67.482
67.482
67.482
67.482
67.482
67.482
67.482
67.482
67.482
67.482
67.482
67.482
67.482
67.482
67.482
67.482
67.482
67.482
67.482
67.482
67.482
67.482
67.482
67.482
67.482
67.482
67.482
67.482
67.482
67.482
67.482
67.482
67.482
67.482
67.482
67.482
67.482
67.482
67.482
67.482
67.482
67.482
67.482
67.482
67.482
67.482
67.482
67.482
67.482
67.482
67.482
67.482
67.482
67.482
67.482
67.482
67.482
67.482
67.482
67.482
67.482
67.482
67.482
67.482
67.482
67.482
67.482
67.482
67.482
67.482
67.482
67.482
67.482
67.482
67.482
67.482
67.482
67.482
67.482
67.482
67.482
67.482
67.482
67.482
67.482
67.482
67.482
67.482
67.482
67.482
67.482
67.482
67.482
67.482
67.482
67.482
67.482
67.482
67.482
67.482
67.482
67.482
67.482
67.482
67.482
67.482
67.482
67.482
67.482
67.482
67.482
67.482
67.482
67.482
67.482
67.482
67.482
67.482
67.482
67.482
67.482
67.482
67.482
67.482
67.482
67.482
67.482
67.482
67.482
67.482
67.482
67.482
67.482
67.482
67.482
67.482
67.482
67.482
67.482
67.482
67.482
67.482
67.482
67.482
67.482
67.482
67.0569
67.0569
67.0569
67.0569
67.0569
67.0569
67.0569
67.0569
67.0569
67.0569
67.0569
67.0569
67.0569
67.0569
67.0569
67.0569
67.0569
67.0569
67.0569
67.0569
67.0569
67.0569
67.0569
67.0569
67.0569
67.0569
67.0569
67.0569
67.0569
67.0569
67.0569
67.0569
67.0569
67.0569
67.0569
67.0569
67.0569
67.0569
67.0569
67.0569
67.0569
67.0569
67.0569
67.0569
67.0569
67.0569
67.0569
67.0569
67.0569
67.0569
67.0569
67.0569
67.0569
67.0569
67.0569
67.0569
67.0569
67.0569
67.0569
67.0569
67.0569
67.0569
67.0569
67.0569
67.0569
67.0569
67.0569
67.0569
67.0569
67.0569
67.0569
67.0569
67.0569
67.0569
67.0569
67.0569
67.0569
67.0569
67.0569
67.0569
67.0569
67.0569
67.0569
67.0569
67.0569
67.0569
67.0569
67.0569
67.0569
67.0569
67.0569
67.0569
67.0569
67.0569
67.0569
67.0569
67.0569
67.0569
67.0569
67.0569
67.0569
67.0569
67.0569
67.0569
67.0569
67.0569
67.0569
67.0569
67.0569
67.0569
67.0569
67.0569
67.0569
67.0569
67.0569
67.0569
67.0569
67.0569
67.0569
67.0569
67.0569
67.0569
67.0569
67.0569
67.0569
67.0569
67.0569
67.0569
67.0569
67.0569
67.0569
67.0569
67.0569
67.0569
67.0569
67.0569
67.0569
67.0569
67.0569
67.0569
67.0569
67.0569
67.0569
67.0569
67.0569
67.0569
67.0569
67.0569
67.0569
67.0569
67.0569
67.0569
67.0569
67.0569
67.0569
67.0569
67.0569
67.0569
67.0569
67.0569
67.0569
67.0569
67.0569
67.0569
67.0569
67.0569
67.0569
67.0569
67.0569
67.0569
67.0569
67.0569
67.0569
67.0569
67.0569
67.0569
67.0569
67.0569
67.0569
67.0569
67.0569
67.0569
67.0569
67.0569
67.0569
67.0569
67.0569
67.0569
67.0569
67.0569
67.0569
67.0569
67.0569
67.0569
67.0569
67.0569
67.0569
67.0569
67.0569
67.0569
67.0569
67.0569
67.0569
67.0569
67.0569
67.0569
67.0569
67.0569
67.0569
67.0569
67.0569
67.0569
67.0569
67.0569
67.0569
67.0569
67.0569
67.0569
67.0569
67.0569
67.0569
67.0569
67.0569
67.0569
67.0569
67.0569
67.0569
67.0569
67.0569
67.0569
67.0569
67.0569
67.0569
67.0569
67.0569
67.0569
67.0569
67.0569
67.0569
67.0569
67.0569
67.0569
67.0569
67.0569
67.0569
67.0569
67.0569
67.0569
67.0569
67.0569
67.0569
67.0569
67.0569
67.0569
67.0569
67.0569
67.0569
67.0569
67.0569
67.0569
67.0569
67.0569
67.0569
67.0569
67.0569
67.0569
67.0569
67.0569
67.0569
67.0569
67.0569
67.0569
67.0569
67.0569
67.0569
67.0569
67.0569
67.0569
67.0569
67.0569
67.0569
67.0569
67.0569
67.0569
67.0569
67.0569
67.0569
67.0569
67.0569
67.0569
67.0569
67.0569
67.0569
67.0569
67.0569
67.0569
67.0569
67.0569
67.0569
67.0569
67.0569
67.0569
67.0569
67.0569
67.0569
67.0569
67.0569
67.0569
67.0569
67.0569
67.0569
67.0569
67.0569
67.0569
67.0569
67.0569
67.0569
67.0569
67.0569
67.0569
67.0569
67.0569
67.0569
67.0569
67.0569
67.0569
67.0569
67.0569
67.0569
67.0569
67.0569
67.0569
67.0569
67.0569
67.0569
67.0569
67.0569
67.0569
67.0569
67.0569
67.0569
67.0569
67.0569
67.0569
67.0569
67.0569
67.0569
67.0569
67.0569
67.0569
67.0569
67.0569
67.0569
67.0569
67.0569
67.0569
67.0569
67.0569
67.0569
67.0569
67.0569
67.0569
67.0569
67.0569
67.0569
67.0569
67.0569
67.0569
67.0569
67.0569
67.0569
67.0569
67.0569
67.0569
67.0569
67.0569
67.0569
67.0569
67.0569
67.0569
67.0569
67.0569
67.0569
67.0569
67.0569
67.0569
67.0569
67.0569
67.0569
67.0569
67.0569
67.0569
67.0569
67.0569
67.0569
67.0569
67.0569
67.0569
67.0569
67.0569
67.0569
67.0569
67.0569
67.0569
67.0569
67.0569
67.0569
67.0569
67.0569
67.0569
67.0569
67.0569
67.0569
67.0569
67.0569
67.0569
67.0569
67.0569
67.0569
67.0569
67.0569
67.0569
67.0569
67.0569
67.0569
67.0569
67.0569
67.0569
67.0569
67.0569
67.0569
67.0569
67.0569
67.0569
67.0569
67.0569
67.0569
67.0569
67.0569
67.0569
67.0569
67.0569
67.0569
67.0569
67.0569
67.0569
67.0569
67.0569
67.0569
67.0569
67.0569
67.0569
67.0569
67.0569
67.0569
67.0569
67.0569
67.0569
67.0569
67.0569
67.0569
67.0569
67.0569
67.0569
67.0569
67.0569
67.0569
67.0569
67.0569
67.0569
67.0569
67.0569
67.0569
67.0569
67.0569
67.0569
67.0569
67.0569
67.0569
67.0569
67.0569
67.0569
67.0569
67.0569
67.0569
67.0569
67.0569
67.0569
67.0569
67.0569
67.0569
67.0569
67.0569
67.0569
67.0569
67.0569
67.0569
67.0569
67.0569
67.0569
66.3109
66.3109
66.3109
66.3109
65.7862
65.7862
65.7862
65.7862
65.7862
65.7862
65.7862
65.7862
65.7862
65.7862
65.7862
65.7862
65.7862
65.7862
65.7862
65.7862
65.7862
65.7862
65.7862
65.7862
65.7862
65.7862
65.7862
65.7862
65.7862
65.7862
65.7862
65.7862
65.7862
65.7862
65.7862
65.7862
65.7862
65.7862
65.7862
65.7862
65.7862
65.7862
65.7862
65.7862
65.7862
65.7862
65.7862
65.7862
65.7862
65.7862
65.7862
65.7862
65.7862
65.7862
65.7862
65.7862
65.7862
65.7862
65.7862
65.7862
65.7862
65.7862
65.7862
65.7862
65.7862
65.7862
65.7862
65.7862
65.7862
65.7862
65.7862
65.7862
65.7862
65.7862
65.7862
65.7862
65.7862
65.7862
65.7862
65.7862
65.7862
65.7862
65.7862
65.7862
65.7862
65.7862
65.7862
65.7862
65.7862
65.7862
65.7862
65.7862
65.7862
65.7862
65.7862
65.7862
65.7862
65.7862
65.7862
65.7862
65.7862
65.7862
65.7862
65.7862
65.7862
65.7862
65.7862
65.7862
65.7862
65.7862
65.7862
65.7862
65.7862
65.7862
65.7862
65.7862
65.7862
65.7862
65.7862
65.7862
65.7862
65.7862
65.7862
65.7862
65.7862
65.7862
65.7862
65.7862
65.7862
65.7862
65.7862
65.7862
65.7862
65.7862
65.7862
65.7862
65.7862
65.7862
65.7862
65.7862
65.7862
65.7862
65.7862
65.7862
65.7862
65.7862
65.7862
65.7862
65.7862
65.7862
65.7862
65.7862
65.7862
65.7862
65.7862
65.7862
65.7862
65.7862
65.7862
65.7862
65.7862
65.7862
65.7862
65.7862
65.7862
65.7862
65.7862
65.7862
65.7862
65.7862
65.7862
65.7862
65.7862
65.7862
65.7862
65.7862
65.7862
65.7862
65.7862
65.7862
65.7862
65.7862
65.7862
65.7862
65.7862
65.7862
65.7862
65.7862
65.7862
65.7862
65.7862
65.7862
65.7862
65.7862
65.7862
65.7862
65.7862
65.7862
65.7862
65.7862
65.7862
65.7862
65.7862
65.7862
65.7862
65.7862
65.7862
65.7862
65.7862
65.7862
65.7862
65.7862
65.7862
65.7862
65.7862
65.7862
65.7862
65.7862
65.7862
65.7862
65.7862
65.7862
65.7862
65.7862
65.7862
65.7862
65.7862
65.7862
65.7862
65.7862
65.7862
65.7862
65.7862
65.7862
65.7862
65.7862
65.7862
65.7862
65.7862
65.7862
65.7862
65.7862
65.7862
65.7862
65.7862
65.7862
65.7862
65.7862
65.7862
65.7862
65.7862
65.7862
65.7862
65.7862
65.7862
65.7862
65.7862
65.7862
65.7862
65.7862
65.7862
65.7862
65.7862
65.7862
65.7862
65.7862
65.7862
65.7862
65.7862
65.7862
65.7862
65.7862
65.7862
65.7862
65.7862
65.7862
65.7862
65.7862
65.7862
65.7862
65.7862
65.7862
65.7862
65.7862
65.7862
65.7862
65.7862
65.7862
65.7862
65.7862
65.7862
65.7862
65.7862
65.7862
65.7862
65.7862
65.7862
65.7862
65.7862
65.7862
65.7862
65.7862
65.7862
65.7862
65.7862
65.7862
65.7862
65.7862
65.7862
65.7862
65.7862
65.7862
65.7862
65.7862
65.7862
65.7862
65.7862
65.7862
65.7862
65.7862
65.7862
65.7862
65.7862
65.7862
65.7862
65.7862
65.7862
65.7862
65.7862
65.7862
65.7862
65.7862
65.7862
65.7862
65.7862
65.7862
65.7862
65.7862
65.7862
65.7862
65.7862
65.7862
65.7862
65.7862
65.7862
65.7862
65.7862
65.7862
65.7862
65.7862
65.7862
65.7862
65.7862
65.7862
65.7862
65.7862
65.7862
65.7862
65.7862
65.7862
65.7862
65.7862
65.7862
65.7862
65.7862
65.7862
65.7862
65.7862
65.7862
65.7862
65.7862
65.7862
65.7862
65.7862
65.7862
65.7862
65.7862
65.7862
65.7862
65.7862
65.7862
65.7862
65.7862
65.7862
65.7862
65.7862
65.7862
65.7862
65.7862
65.7862
65.7862
65.7862
65.7862
65.7862
65.7862
65.7862
65.7862
65.7862
65.7862
65.7862
65.7862
65.7862
65.7862
65.7862
65.7862
65.7862
65.7862
65.7862
65.7862
65.7862
65.7862
65.7862
65.7862
65.7862
65.7862
65.7862
65.7862
65.7862
65.7862
65.7862
65.7862
65.7862
65.7862
65.7862
65.7862
65.7862
65.7862
65.7862
65.7862
65.7862
65.7862
65.7862
65.7862
65.7862
65.7862
65.7862
65.7862
65.7862
65.7862
65.7862
65.7862
65.7862
65.7862
65.7862
65.7862
65.7862
65.7862
65.7862
65.7862
65.7862
65.7862
65.7862
65.7862
65.7862
65.7862
65.7862
65.7862
65.7862
65.7862
65.7862
65.7862
65.7862
65.7862
65.7862
65.7862
65.7862
65.7862
65.7862
65.7862
65.7862
65.7862
65.7862
65.7862
65.7862
65.7862
65.7862
65.7862
65.7862
65.7862
65.7862
65.7862
65.7862
65.7862
65.7862
65.7862
65.7862
65.7862
65.7862
65.7862
65.7862
65.7862
65.7862
65.7862
65.7862
65.7862
65.7862
65.7862
65.7862
65.7862
65.7862
65.7862
65.7862
65.7862
65.7862
65.7862
65.7862
65.7862
65.7862
65.7862
65.7862
65.7862
65.7862
65.7862
65.7862
65.7862
65.7862
65.7862
65.7862
65.7862
65.7862
65.7862
65.7862
65.7862
65.7862
65.7862
65.7862
65.7862
65.7862
65.7862
65.7862
65.7862
65.7862
65.7862
65.7862
65.7862
65.7862
65.7862
65.7862
65.7862
65.7862
65.7862
65.7862
65.7862
65.7862
65.7862
65.7862
65.7862
65.7862
65.7862
65.7862
65.7862
65.7862
65.7862
65.7862
65.7862
65.7862
65.7862
65.7862
65.7862
65.7862
65.7862
65.7862
65.7862
65.7862
65.7862
65.7862
65.7862
65.7862
65.7862
65.7862
65.7862
65.7862
65.7862
65.7862
65.7862
65.7862
65.7862
65.7862
65.7862
65.7862
65.7862
65.7862
65.7862
65.7862
65.7862
65.7862
65.7862
65.7862
65.7862
65.7862
65.7862
65.7862
65.7862
65.7862
65.7862
65.7862
65.7862
65.7862
65.7862
65.7862
65.7862
65.7862
65.7862
65.7862
65.7862
65.7862
65.7862
65.7862
65.7862
65.7862
65.7862
65.7862
65.7862
65.7862
65.7862
65.7862
65.7862
65.7862
65.7862
65.7862
65.7862
65.7862
65.7862
65.7862
65.7862
65.7862
65.7862
65.7862
65.7862
65.7862
65.7862
65.7862
65.7862
65.7862
65.7862
65.7862
65.7862
65.7862
65.7862
65.7862
65.7862
65.7862
65.7862
65.7862
65.7862
65.7862
65.7862
65.7862
65.7862
65.7862
65.7862
65.7862
65.7862
65.7862
65.7862
65.7862
65.7862
65.7862
65.7862
65.7862
65.7862
65.7862
65.7862
65.7862
65.7862
65.7862
65.7862
65.7862
65.7862
65.7862
65.7862
65.7862
65.7862
65.7862
65.7862
65.7862
65.7862
65.7862
65.7862
65.7862
65.7862
65.7862
65.7862
65.7862
65.7862
65.7862
65.7862
65.7862
65.7862
65.7862
65.7862
65.7862
65.7862
65.7862
65.7862
65.7862
65.7862
65.7862
65.7862
65.7862
65.7862
65.7862
65.7862
65.7862
65.7862
65.7862
65.7862
65.7862
65.7862
65.7862
65.7862
65.7862
65.7862
65.7862
65.7862
65.7862
65.7862
65.7862
65.7862
65.7862
65.7862
65.7862
65.7862
65.7862
65.7862
65.7862
65.7862
65.7862
65.7862
65.7862
65.7862
65.7862
65.7862
65.7862
65.7862
65.7862
65.7862
65.7862
65.7862
65.7862
65.7862
65.7862
65.7862
65.7862
65.7862
65.7862
65.7862
65.7862
65.7862
65.7862
65.7862
65.7862
65.7862
65.7862
65.7862
65.7862
65.7862
65.7862
65.7862
65.7862
65.7862
65.7862
65.7862
65.7862
65.7862
65.7862
65.7862
65.7862
65.7862
65.7862
65.7862
65.7862
65.7862
65.7862
65.7862
65.7862
65.7862
65.7862
65.7862
65.7862
65.7862
65.7862
65.7862
65.7862
65.7862
65.7862
65.7862
65.7862
65.7862
65.7862
65.7862
65.7862
65.7862
65.7862
65.7862
65.7862
65.7862
65.7862
65.7862
65.7862
65.7862
65.7862
65.7862
65.7862
65.7862
65.7862
65.7862
65.7862
65.7862
65.7862
65.7862
65.7862
65.7862
65.7862
65.7862
65.7862
65.7862
65.7862
65.7862
65.7862
65.7862
65.7862
65.7862
65.7862
65.7862
65.7862
65.7862
65.7862
65.7862
65.7862
65.7862
65.7862
65.7862
65.7862
65.7862
65.7862
65.7862
65.7862
65.7862
65.7862
65.7862
65.7862
65.7862
65.7862
65.7862
65.7862
65.7862
65.7862
65.7862
65.7862
65.7862
65.7862
65.7862
65.7862
65.7862
65.7862
65.7862
65.7862
65.7862
65.7862
65.7862
65.7862
65.7862
65.7862
65.7862
65.7862
65.7862
65.7862
65.7862
65.7862
65.7862
65.7862
65.7862
65.7862
65.7862
65.7862
65.7862
65.7862
65.7862
65.7862
65.7862
65.7862
65.7862
65.7862
65.7862
65.7862
65.7862
65.7862
65.7862
65.7862
65.7862
65.7862
65.7862
65.7862
65.7862
65.7862
65.7862
65.7862
65.7862
65.7862
65.7862
65.7862
65.7862
65.7862
65.7862
65.7862
65.7862
65.7862
65.7862
65.7862
65.7862
65.7862
65.7862
65.7862
65.7862
65.7862
65.7862
65.7862
65.7862
65.7862
65.7862
65.7862
65.7862
65.7862
65.7862
65.7862
65.7862
65.7862
65.7862
65.7862
65.7862
65.7862
65.7862
65.7862
65.7862
65.7862
65.7862
65.7862
65.7862
65.7862
65.7862
65.7862
65.7862
65.7862
65.7862
65.7862
65.7862
65.7862
65.7862
65.7862
65.7862
65.7862
65.7862
65.7862
65.7862
65.7862
65.7862
65.7862
65.7862
65.7862
65.7862
65.7862
65.7862
65.7862
65.7862
65.7862
65.7862
65.7862
65.7862
65.7862
65.7862
65.7862
65.7862
65.7862
65.7862
65.7862
65.7862
65.7862
65.7862
65.7862
65.7862
65.7862
65.7862
65.7862
65.7862
65.7862
65.7862
65.7862
65.7862
65.7862
65.7862
65.7862
65.7862
65.7862
65.7862
65.7862
65.7862
65.7862
65.7862
65.7862
65.7862
65.7862
65.7862
65.7862
65.7862
65.7862
65.7862
65.7862
65.7862
65.7862
65.7862
65.7862
65.7862
65.7862
65.7862
65.7862
65.7862
65.7862
65.7862
65.7862
65.7862
65.7862
65.7862
65.7862
65.7862
65.7862
65.7862
65.7862
65.7862
65.7862
65.7862
65.7862
65.7862
65.7862
65.7862
65.7862
65.7862
65.7862
65.7862
65.7862
65.7862
65.7862
65.7862
65.7862
65.7862
65.7862
65.7862
65.7862
65.7862
65.7862
65.7862
65.7862
65.7862
65.7862
65.7862
65.7862
65.7862
65.7862
65.7862
65.7862
65.7862
65.7862
65.7862
65.7862
65.7862
65.7862
65.7862
65.7862
65.7862
65.7862
65.7862
65.7862
65.7862
65.7862
65.7862
65.7862
65.7862
65.7862
65.7862
65.7862
65.7862
65.7862
65.7862
65.7862
65.7862
65.7862
65.7862
65.7862
65.7862
65.7862
65.7862
65.7862
65.7862
65.7862
65.7862
65.7862
65.7862
65.7862
65.7862
65.7862
65.7862
65.7862
65.7862
65.7862
65.7862
65.7862
65.7862
65.7862
65.7862
65.7862
65.7862
65.7862
65.7862
65.7862
65.7862
65.7862
65.7862
65.7862
65.7862
65.7862
65.7862
65.7862
65.7862
65.7862
65.7862
65.7862
65.7862
65.7862
65.7862
65.7862
65.7862
65.7862
65.7862
65.7862
65.7862
65.7862
65.7862
65.7862
65.7862
65.7862
65.7862
65.7862
65.7862
65.7862
65.7862
65.7862
65.7862
65.7862
65.7862
65.7862
65.7862
65.7862
65.7862
65.7862
65.7862
65.7862
65.7862
65.7862
65.7862
65.7862
65.7862
65.7862
65.7862
65.7862
65.7862
65.7862
65.7862
65.7862
65.7862
65.7862
65.7862
65.7862
65.7862
65.7862
65.7862
65.7862
65.7862
65.7862
65.7862
65.7862
65.7862
65.7862
65.7862
65.7862
65.7862
65.7862
65.7862
65.7862
65.7862
65.7862
65.7862
65.7862
65.7862
65.7862
65.7862
65.7862
65.7862
65.7862
65.7862
65.7862
65.7862
65.7862
65.7862
65.7862
65.7862
65.7862
65.7862
65.7862
65.7862
65.7862
65.7862
65.7862
65.7862
65.7862
65.7862
65.7862
65.7862
65.7862
65.7862
65.7862
65.7862
65.7862
65.7862
65.7862
65.7862
65.7862
65.7862
65.7862
65.7862
65.7862
65.7862
65.7862
65.7862
65.7862
65.7862
65.7862
65.7862
65.7862
65.7862
65.7862
65.7862
65.7862
65.7862
65.7862
65.7862
65.7862
65.7862
65.7862
65.7862
65.7862
65.7862
65.7862
65.7862
65.7862
65.7862
65.7862
65.7862
65.7862
65.7862
65.7862
65.7862
65.7862
65.7862
65.7862
65.7862
65.7862
65.7862
65.7862
65.7862
65.7862
65.7862
65.7862
65.7862
65.7862
65.7862
65.7862
65.7862
65.7862
65.7862
65.7862
65.7862
65.7862
65.7862
65.7862
65.7862
65.7862
65.7862
65.7862
65.7862
65.7862
65.7862
65.7862
65.7862
65.7862
65.7862
65.7862
65.7862
65.7862
65.7862
65.7862
65.7862
65.7862
65.7862
65.7862
65.7862
65.7862
65.7862
65.7862
65.7862
65.7862
65.7862
65.7862
65.7862
65.7862
65.7862
65.7862
65.7862
65.7862
65.7862
65.7862
65.7862
65.7862
65.7862
65.7862
65.7862
65.7862
65.7862
65.7862
65.7862
65.7862
65.7862
65.7862
65.7862
65.7862
65.7862
65.7862
65.7862
65.7862
65.7862
65.7862
65.7862
65.7862
65.7862
65.7862
65.7862
65.7862
65.7862
65.7862
65.7862
65.7862
65.7862
65.7862
65.7862
65.7862
65.7862
65.7862
65.7862
65.7862
65.7862
65.7862
65.7862
65.7862
65.7862
65.7862
65.7862
65.7862
65.7862
65.7862
65.7862
65.7862
65.7862
65.7862
65.7862
65.7862
65.7862
65.7862
65.7862
65.7862
65.7862
65.7862
65.7862
65.7862
65.7862
65.7862
65.7862
65.7862
65.7862
65.7862
65.7862
65.7862
65.7862
65.7862
65.7862
65.7862
65.7862
65.7862
65.7862
65.7862
65.7862
65.7862
65.7862
65.7862
65.7862
65.7862
65.7862
65.7862
65.7862
65.7862
65.7862
65.7862
65.7862
65.7862
65.7862
65.7862
65.7862
65.7862
65.7862
65.7862
65.7862
65.7862
65.7862
65.7862
65.7862
65.7862
65.7862
65.7862
65.7862
65.7862
65.7862
65.7862
65.7862
65.7862
65.7862
65.7862
65.7862
65.7862
65.7862
65.7862
65.7862
65.7862
65.7862
65.7862
65.7862
65.7862
65.7862
65.7862
65.7862
65.7862
65.7862
65.7862
65.7862
65.7862
65.7862
65.7862
65.7862
65.7862
65.7862
65.7862
65.7862
65.7862
65.7862
65.7862
65.7862
65.7862
65.7862
65.7862
65.7862
65.7862
65.7862
65.7862
65.7862
65.7862
65.7862
65.7862
65.7862
65.7862
65.7862
65.7862
65.7862
65.7862
65.7862
65.7862
65.7862
65.7862
65.7862
65.7862
65.7862
65.7862
65.7862
65.7862
65.7862
65.7862
65.7862
65.7862
65.7862
65.7862
65.7862
65.7862
65.7862
65.7862
65.5714
65.5714
65.5714
65.5714
65.5714
65.5714
65.5714
65.5714
65.5714
65.5714
65.5714
65.5714
65.5714
65.5714
65.5714
65.5714
65.5714
65.5714
65.5714
65.5714
65.5714
65.5714
65.5714
65.5714
65.5714
65.5714
65.5714
65.5714
65.5714
65.5714
65.5714
65.5714
65.5714
65.5714
65.5714
65.5714
65.5714
65.5714
65.5714
65.5714
65.5714
65.5714
65.5714
65.5714
65.5714
65.5714
65.5714
65.5714
65.5714
65.5714
65.5714
65.5714
65.5714
65.5714
65.5714
65.5714
65.5714
65.5714
65.5714
65.5714
65.5714
65.5714
65.5714
65.5714
65.5714
65.5714
65.5714
65.5714
65.5714
65.5714
65.5714
65.5714
65.5714
65.5714
65.5714
65.5714
65.5714
65.5714
65.5714
65.5714
65.5714
65.5714
65.5714
65.5714
65.5714
65.5714
65.5714
65.5714
65.5714
65.5714
65.5714
65.5714
65.5714
65.5714
65.5714
65.5714
65.5714
65.5714
65.5714
65.5714
65.5714
65.5714
65.5714
65.5714
65.5714
65.5714
65.5714
65.5714
65.5714
65.5714
65.5714
65.5714
65.5714
65.5714
65.5714
65.5714
65.5714
65.5714
65.5714
65.5714
65.5714
65.5714
65.5714
65.5714
65.5714
65.5714
65.5714
65.5714
65.5714
65.5714
65.5714
65.5714
65.5714
65.5714
65.5714
65.5714
65.5714
65.5714
65.5714
65.5714
65.5714
65.5714
65.5714
65.5714
65.5714
65.5714
65.5714
65.5714
65.5714
65.5714
65.5714
65.5714
65.5714
65.5714
65.5714
65.5714
65.5714
65.5714
65.5714
65.5714
65.5714
65.5714
65.5714
65.5714
65.5714
65.5714
65.5714
65.5714
65.5714
65.5714
65.5714
65.5714
65.5714
65.5714
65.5714
65.5714
65.5714
65.5714
65.5714
65.5714
65.5714
65.5714
65.5714
65.5714
65.5714
65.5714
65.5714
65.5714
65.5714
65.5714
65.5714
65.5714
65.5714
65.5714
65.5714
65.5714
65.5714
65.5714
65.5714
65.5714
65.5714
65.5714
65.5714
65.5714
65.5714
65.5714
65.5714
65.5714
65.5714
65.5714
65.5714
65.5714
65.5714
65.5714
65.5714
65.5714
65.5714
65.5714
65.5714
65.5714
65.5714
65.5714
65.5714
65.5714
65.5714
65.5714
65.5714
65.5714
65.5714
65.5714
65.5714
65.5714
65.5714
65.5714
65.5714
65.5714
65.5714
65.5714
65.5714
65.5714
65.5714
65.5714
65.5714
65.5714
65.5714
65.5714
65.5714
65.5714
65.5714
65.5714
65.5714
65.5714
65.5714
65.5714
65.5714
65.5714
65.5714
65.5714
65.5714
65.5714
65.5714
65.5714
65.5714
65.5714
65.5714
65.5714
65.5714
65.5714
65.5714
65.5714
65.5714
65.5714
65.5714
65.5714
65.5714
65.5714
65.5714
65.5714
65.5714
65.5714
65.5714
65.5714
65.5714
65.5714
65.5714
65.5714
65.5714
65.5714
65.5714
65.5714
65.5714
65.5714
65.5714
65.5714
65.5714
65.5714
65.5714
65.5714
65.5714
65.5714
65.5714
65.5714
65.5714
65.5714
65.5714
65.5714
65.5714
65.5714
65.5714
65.5714
65.5714
65.5714
65.5714
65.5714
65.5714
65.5714
65.5714
65.5714
65.5714
65.5714
65.5714
65.5714
65.5714
65.5714
65.5714
65.5714
65.5714
65.5714
65.5714
65.5714
65.5714
65.5714
65.5714
65.5714
65.5714
65.5714
65.5714
65.5714
65.5714
65.5714
65.5714
65.5714
65.5714
65.5714
65.5714
65.5714
65.5714
65.5714
65.5714
65.5714
65.5714
65.5714
65.5714
65.5714
65.5714
65.5714
65.5714
65.5714
65.5714
65.5714
65.5714
65.5714
65.5714
65.5714
65.5714
65.5714
65.5714
65.5714
65.5714
65.5714
65.5714
65.5714
65.5714
65.5714
65.5714
65.5714
65.5714
65.5714
65.5714
65.5714
65.5714
65.5714
65.5714
65.5714
65.5714
65.5714
65.5714
65.5714
65.5714
65.5714
65.5714
65.5714
65.5714
65.5714
65.5714
65.5714
65.5714
65.5714
65.5714
65.5714
65.5714
65.5714
65.5714
65.5714
65.5714
65.5714
65.5714
65.5714
65.5714
65.5714
65.5714
65.5714
65.5714
65.5714
65.5714
65.5714
65.5714
65.5714
65.5714
65.5714
65.5714
65.5714
65.5714
65.5714
65.5714
65.5714
65.5714
65.5714
65.5714
65.5714
65.5714
65.5714
65.5714
65.5714
65.5714
65.5714
65.5714
65.5714
65.5714
65.5714
65.5714
65.5714
65.5714
65.5714
65.5714
65.5714
65.5714
65.5714
65.5714
65.5714
65.5714
65.5714
65.5714
65.5714
65.5714
65.5714
65.5714
65.5714
65.5714
65.5714
65.5714
65.5714
65.5714
65.5714
65.5714
65.5714
65.5714
65.5714
65.5714
65.5714
65.5714
65.5714
65.5714
65.5714
65.5714
65.5714
65.5714
65.5714
65.5714
65.5714
65.5714
65.5714
65.5714
65.5714
65.5714
65.5714
65.5714
65.5714
65.5714
65.5714
65.5714
65.5714
65.5714
65.5714
65.5714
65.5714
65.5714
65.5714
65.5714
65.5714
65.5714
65.5714
65.5714
65.5714
65.5714
65.5714
65.5714
65.5714
65.5714
65.5714
65.5714
65.5714
65.5714
65.5714
65.5714
65.5714
65.5714
65.5714
65.5714
65.5714
65.5714
65.5714
65.5714
65.5714
65.5714
65.5714
65.5714
65.5714
65.5714
65.5714
65.5714
65.5714
65.5714
65.5714
65.5714
65.5714
65.5714
65.5714
65.5714
65.5714
65.5714
65.5714
65.5714
65.5714
65.5714
65.5714
65.5714
65.5714
65.5714
65.5714
65.5714
65.5714
65.5714
65.5714
65.5714
65.5714
65.5714
65.5714
65.5714
65.5714
65.5714
65.5714
65.5714
65.5714
65.5714
65.5714
65.5714
65.5714
65.5714
65.5714
65.5714
65.5714
65.5714
65.5714
65.5714
65.5714
65.5714
65.5714
65.5714
65.5714
65.5714
65.5714
65.5714
65.5714
65.5714
65.5714
65.5714
65.5714
65.5714
65.5714
65.5714
65.5714
65.5714
65.5714
65.5714
65.5714
65.5714
65.5714
65.5714
65.5714
65.5714
65.5714
65.5714
65.5714
65.5714
65.5714
65.5714
65.5714
65.5714
65.5714
65.5714
65.5714
65.5714
65.5714
65.5714
65.5714
65.5714
65.5714
65.5714
65.5714
65.5714
65.5714
65.5714
65.5714
65.5714
65.5714
65.5714
65.5714
65.5714
65.5714
65.5714
65.5714
65.5714
65.5714
65.5714
65.5714
65.5714
65.5714
65.5714
65.5714
65.5714
65.5714
65.5714
65.5714
65.5714
65.5714
65.5714
65.5714
65.5714
65.5714
65.5714
65.5714
65.5714
65.5714
65.5714
65.5714
65.5714
65.5714
65.5714
65.5714
65.5714
65.5714
65.5714
65.5714
65.5714
65.5714
65.5714
65.5714
65.5714
65.5714
65.5714
65.5714
65.5714
65.5714
65.5714
65.5714
65.5714
65.5714
65.5714
65.5714
65.5714
65.5714
65.5714
65.5714
65.5714
65.5714
65.5714
65.5714
65.5714
65.5714
65.5714
65.5714
65.5714
65.5714
65.5714
65.5714
65.5714
65.5714
65.5714
65.5714
65.5714
65.5714
65.5714
65.5714
65.5714
65.5714
65.5714
65.5714
65.5714
65.5714
65.5714
65.5714
65.5714
65.5714
65.5714
65.5714
65.5714
65.5714
65.5714
65.5714
65.5714
65.5714
65.5714
65.5714
65.5714
65.5714
65.5714
65.5714
65.5714
65.5714
65.5714
65.5714
65.5714
65.5714
65.5714
65.5714
65.5714
65.5714
65.5714
65.5714
65.5714
65.5714
65.5714
65.5714
65.5714
65.5714
65.5714
65.5714
65.5714
65.5714
65.5714
65.5714
65.5714
65.5714
65.5714
65.5714
65.5714
65.5714
65.5714
65.5714
65.5714
65.5714
65.5714
65.5714
65.5714
65.5714
65.5714
65.5714
65.5714
65.5714
65.5714
65.5714
65.5714
65.5714
65.5714
65.5714
65.5714
65.5714
65.5714
65.5714
65.5714
65.5714
65.5714
65.5714
65.5714
65.5714
65.5714
65.5714
65.5714
65.5714
65.5714
65.5714
65.5714
65.5714
65.5714
65.5714
65.5714
65.5714
65.5714
65.5714
65.5714
65.5714
65.5714
65.5714
65.5714
65.5714
65.5714
65.5714
65.5714
65.5714
65.5714
65.5714
65.5714
65.5714
65.5714
65.5714
65.5714
65.5714
65.5714
65.5714
65.5714
65.5714
65.5714
65.5714
65.5714
65.5714
65.5714
65.5714
65.5714
65.5714
65.5714
65.5714
65.5714
65.5714
65.5714
65.5714
65.5714
65.5714
65.5714
65.5714
65.5714
65.5714
65.5714
65.5714
65.5714
65.5714
65.5714
65.5714
65.5714
65.5714
65.5714
65.5714
65.5714
65.5714
65.5714
65.5714
65.5714
65.5714
65.5714
65.5714
65.5714
65.5714
65.5714
65.5714
65.5714
65.5714
65.5714
65.5714
65.5714
65.5714
65.5714
65.5714
65.5714
65.5714
65.5714
65.5714
65.5714
65.5714
65.5714
65.5714
65.5714
65.5714
65.5714
65.5714
65.5714
65.5714
65.5714
65.5714
65.5714
65.5714
65.5714
65.5714
65.5714
65.5714
65.5714
65.5714
65.5714
65.5714
65.5714
65.5714
65.5714
65.5714
65.5714
65.5714
65.5714
65.5714
65.5714
65.5714
65.5714
65.5714
65.5714
65.5714
65.5714
65.5714
65.5714
65.5714
65.5714
65.5714
65.5714
65.5714
65.5714
65.5714
65.5714
65.5714
65.5714
65.5714
65.5714
65.5714
65.5714
65.5714
65.5714
65.5714
65.5714
65.5714
65.5714
65.5714
65.5714
65.5714
65.5714
65.5714
65.5714
65.5714
65.5714
65.5714
65.5714
65.5714
65.5714
65.5714
65.5714
65.5714
65.5714
65.5714
65.5714
65.5714
65.5714
65.5714
65.5714
65.5714
65.5714
65.5714
65.5714
65.5714
65.5714
65.5714
65.5714
65.5714
65.5714
65.5714
65.5714
65.5714
65.5714
65.5714
65.5714
65.5714
65.5714
65.5714
65.5714
65.5714
65.5714
65.5714
65.5714
65.5714
65.5714
65.5714
65.5714
65.5714
65.5714
65.5714
65.5714
65.5714
65.5714
65.5714
65.5714
65.5714
65.5714
65.5714
65.5714
65.5714
65.5714
65.5714
65.4397
65.4397
65.4397
65.4397
65.3812
65.3812
65.3812
65.3812
65.3812
65.3812
65.3812
65.3812
65.3812
65.3812
65.3812
65.3812
65.3812
65.3812
65.3812
65.3812
65.3812
65.3812
65.3812
65.3812
65.3812
65.3812
65.3812
65.3812
65.3812
65.3812
65.3812
65.3812
65.3812
65.3812
65.3812
65.3812
65.3812
65.3812
65.3812
65.3812
65.3812
65.3812
65.3812
65.3812
65.3812
65.3812
65.3812
65.3812
65.3812
65.3812
65.3812
65.3812
65.3812
65.3812
65.3812
65.3812
65.3812
65.3812
65.3812
65.3812
65.3812
65.3812
65.3812
65.3812
65.3812
65.3812
65.3812
65.3812
65.3812
65.3812
65.3812
65.3812
65.3812
65.3812
65.3812
65.3812
65.3812
65.3812
65.3812
65.3812
65.3812
65.3812
65.3812
65.3812
65.3812
65.3812
65.3812
65.3812
65.3812
65.3812
65.3812
65.3812
65.3812
65.3812
65.3812
65.3812
65.3812
65.3812
65.3812
65.3812
65.3812
65.3812
65.3812
65.3812
65.3812
65.3812
65.3812
65.3812
65.3812
65.3812
65.3812
65.3812
65.3812
65.3812
65.3812
65.3812
65.3812
65.3812
65.3812
65.3812
65.3812
65.3812
65.3812
65.3812
65.3812
65.3812
65.3812
65.3812
65.3812
65.3812
65.3812
65.3812
65.3812
65.3812
65.3812
65.3812
65.3812
65.3812
65.3812
65.3812
65.3812
65.3812
65.3812
65.3812
65.3812
65.3812
65.3812
65.3812
65.3812
65.3812
65.3812
65.3812
65.3812
65.3812
65.3812
65.3812
65.3812
65.3812
65.3812
65.3812
65.3812
65.3812
65.3812
65.3812
65.3812
65.3812
65.3812
65.3812
65.3812
65.3812
65.3812
65.3812
65.3812
65.3812
65.3812
65.3812
65.3812
65.3812
65.3812
65.3812
65.3812
65.3812
65.3812
65.3812
65.3812
65.3812
65.3812
65.3812
65.3812
65.3812
65.3812
65.3812
65.3812
65.3812
65.3812
65.3812
65.3812
65.3812
65.3812
65.3812
65.3812
65.3812
65.3812
65.3812
65.3812
65.3812
65.3812
65.3812
65.3812
65.3812
65.3812
65.3812
65.3812
65.3812
65.3812
65.3812
65.3812
65.3812
65.3812
65.3812
65.3812
65.3812
65.3812
65.3812
65.3812
65.3812
65.3812
65.3812
65.3812
65.3812
65.3812
65.3812
65.3812
65.3812
65.3812
65.3812
65.3812
65.3812
65.3812
65.3812
65.3812
65.3812
65.3812
65.3812
65.3812
65.3812
65.3812
65.3812
65.3812
65.3812
65.3812
65.3812
65.3812
65.3812
65.3812
65.3812
65.3812
65.3812
65.3812
65.3812
65.3812
65.3812
65.3812
65.3812
65.3812
65.3812
65.3812
65.3812
65.3812
65.3812
65.3812
65.3812
65.3812
65.3812
65.3812
65.3812
65.3812
65.3812
65.3812
65.3812
65.3812
65.3812
65.3812
65.3812
65.3812
65.3812
65.3812
65.3812
65.3812
65.3812
65.3812
65.3812
65.3812
65.3812
65.3812
65.3812
65.3812
65.3812
65.3812
65.3812
65.3812
65.3812
65.3812
65.3812
65.3812
65.3812
65.3812
65.3812
65.3812
65.3812
65.3812
65.3812
65.3812
65.3812
65.3812
65.3812
65.3812
65.3812
65.3812
65.3812
65.3812
65.3812
65.3812
65.3812
65.3812
65.3812
65.3812
65.3812
65.3812
65.3812
65.3812
65.3812
65.3812
65.3812
65.3812
65.3812
65.3812
65.3812
65.3812
65.3812
65.3812
65.3812
65.3812
65.3812
65.3812
65.3812
65.3812
65.3812
65.3812
65.3812
65.3812
65.3812
65.3812
65.3812
65.3812
65.3812
65.3812
65.3812
65.3812
65.3812
65.3812
65.3812
65.3812
65.3812
65.3812
65.3812
65.3812
65.3812
65.3812
65.3812
65.3812
65.3812
65.3812
65.3812
65.3812
65.3812
65.3812
65.3812
65.3812
65.3812
65.3812
65.3812
65.3812
65.3812
65.3812
65.3812
65.3812
65.3812
65.3812
65.3812
65.3812
65.3812
65.3812
65.3812
65.3812
65.3812
65.3812
65.3812
65.3812
65.3812
65.3812
65.3812
65.3812
65.3812
65.3812
65.3812
65.3812
65.3812
65.3812
65.3812
65.3812
65.3812
65.3812
65.3812
65.3812
65.3812
65.3812
65.3812
65.3812
65.3812
65.3812
65.3812
65.3812
65.3812
65.3812
65.3812
65.3812
65.3812
65.3812
65.3812
65.3812
65.3812
65.3812
65.3812
65.3812
65.3812
65.3812
65.3812
65.3812
65.3812
65.3812
65.3812
65.3812
65.3812
65.3812
65.3812
65.3812
65.3812
65.3812
65.3812
65.3812
65.3812
65.3812
65.3812
65.3812
65.3812
65.3812
65.3812
65.3812
65.3812
65.3812
65.3812
65.3812
65.3812
65.3812
65.3812
65.3812
65.3812
65.3812
65.3812
65.3812
65.3812
65.3812
65.3812
65.3812
65.3812
65.3812
65.3812
65.3812
65.3812
65.3812
65.3812
65.3812
65.3812
65.3812
65.3812
65.3812
65.3812
65.3812
65.3812
65.3812
65.3812
65.3812
65.3812
65.3812
65.3812
65.3812
65.3812
65.3812
65.3812
65.3812
65.3812
65.3812
65.3812
65.3812
65.3812
65.3812
65.3812
65.3812
65.3812
65.3812
65.3812
65.3812
65.3812
65.3812
65.3812
65.3812
65.3812
65.3812
65.3812
65.3812
65.3812
65.3812
65.3812
65.3812
65.3812
65.3812
65.3812
65.3812
65.3812
65.3812
65.3812
65.3812
65.3812
65.3812
65.3812
65.3812
65.3812
65.3812
65.3812
65.3812
65.3812
65.3812
65.3812
65.3812
65.3812
65.3812
65.3812
65.3812
65.3812
65.3812
65.3812
65.3812
65.3812
65.3812
65.3812
65.3812
65.3812
65.3812
65.3812
65.3812
65.3812
65.3812
65.3812
65.3812
65.3812
65.3812
65.3812
65.3812
65.3812
65.3812
65.3812
65.3812
65.3812
65.3812
65.3812
65.3812
65.3812
65.3812
65.3812
65.3812
65.3812
65.3812
65.3812
65.3812
65.3812
65.3812
65.3812
65.3812
65.3812
65.3812
65.3812
65.3812
65.3812
65.3812
65.3812
65.3812
65.3812
65.3812
65.3812
65.3812
65.3812
65.3812
65.3812
65.3812
65.3812
65.3812
65.3812
65.3812
65.3812
65.3812
65.3812
65.3812
65.3812
65.3812
65.3812
65.3812
65.3812
65.3812
65.3812
65.3812
65.3812
65.3812
65.3812
65.3812
65.3812
65.3812
65.3812
65.3812
65.3812
65.3812
65.3812
65.3812
65.3812
65.3812
65.3812
65.3812
65.3812
65.3812
65.3812
65.3812
65.3812
65.3812
65.3812
65.3812
65.3812
65.3812
65.3812
65.3812
65.3812
65.3812
65.3812
65.3812
65.3812
65.3812
65.3812
65.3812
65.3812
65.3812
65.3812
65.3812
65.3812
65.3812
65.3812
65.3812
65.3812
65.3812
65.3812
65.3812
65.3812
65.3812
65.3812
65.3812
65.3812
65.3812
65.3812
65.3812
65.3812
65.3812
65.3812
65.3812
65.3812
65.3812
65.3812
65.3812
65.3812
65.3812
65.3812
65.3812
65.3812
65.3812
65.3812
65.3812
65.3812
65.3812
65.3812
65.3812
65.3812
65.3812
65.3812
65.3812
65.3812
65.3812
65.3812
65.3812
65.3812
65.3812
65.3812
65.3812
65.3812
65.3812
65.3812
65.3812
65.3812
65.3812
65.3812
65.3812
65.3812
65.3812
65.3812
65.3812
65.3812
65.3812
65.3812
65.3812
65.3812
65.3812
65.3812
65.3812
65.3812
65.3812
65.3812
65.3812
65.3812
65.3812
65.3812
65.3812
65.3812
65.3812
65.3812
65.3812
65.3812
65.3812
65.3812
65.3812
65.3812
65.3812
65.3812
65.3812
65.3812
65.3812
65.3812
65.3812
65.3812
65.3812
65.3812
65.3812
65.3812
65.3812
65.3812
65.3812
65.3812
65.3812
65.3812
65.3812
65.3812
65.3812
65.3812
65.3812
65.3812
65.3812
65.3812
65.3812
65.3812
65.3812
65.3812
65.3812
65.3812
65.3812
65.3812
65.3812
65.3812
65.3812
65.3812
65.3812
65.3812
65.3812
65.3812
65.3812
65.3812
65.3812
65.3812
65.3812
65.3812
65.3812
65.3812
65.3812
65.3812
65.3812
65.3812
65.3812
65.3812
65.3812
65.3812
65.3812
65.3812
65.3812
65.3812
65.3812
65.3812
65.3812
65.3812
65.3812
65.3812
65.3812
65.3812
65.3812
65.3812
65.3812
65.3812
65.3812
65.3812
65.3812
65.3812
65.3812
65.3812
65.3812
65.3812
65.3812
65.3812
65.3812
65.3812
65.3812
65.3812
65.3812
65.3812
65.3812
65.3812
65.3812
65.3812
65.3812
65.3812
65.3812
65.3812
65.3812
65.3812
65.3812
65.3812
65.3812
65.3812
65.3812
65.3812
65.3812
65.3812
65.3812
65.3812
65.3812
65.3812
65.3812
65.3812
65.3812
65.3812
65.3812
65.3812
65.3812
65.3812
65.3812
65.3812
65.3812
65.3812
65.3812
65.3812
65.3812
65.3812
65.3812
65.3812
65.3812
65.3812
65.3812
65.3812
65.3812
65.3812
65.3812
65.3812
65.3812
65.3812
65.3812
65.3812
65.3812
65.3812
65.3812
65.3812
65.3812
65.3812
65.3812
65.3812
65.3812
65.3812
65.3812
65.3812
65.3812
65.3812
65.3812
65.3812
65.3812
65.3812
65.3812
65.3812
65.3812
65.3812
65.3812
65.3812
65.3812
65.3812
65.3812
65.3812
65.3812
65.3812
65.3812
65.3812
65.3812
65.3812
65.3812
65.3812
65.3812
65.3812
65.3812
65.3812
65.3812
65.3812
65.3812
65.3812
65.3812
65.3812
65.3812
65.3812
65.3812
65.3812
65.3812
65.3812
65.3812
65.3812
65.3812
65.3812
65.3812
65.3812
65.3812
65.3812
65.3812
65.3812
65.3812
65.3812
65.3812
65.3812
65.3812
65.3812
65.3812
65.3812
65.3812
65.3812
65.3812
65.3812
65.3812
65.3812
65.3812
65.3812
65.3812
65.3812
65.3812
65.3812
65.3812
65.3812
65.3812
65.3812
65.3812
65.3812
65.3812
65.3812
65.3812
65.3812
65.3812
65.3812
65.3812
65.3812
65.3812
65.3812
65.3812
65.3812
65.3812
65.3812
65.3812
65.3812
65.3812
65.3812
65.3812
65.3812
65.3812
65.3812
65.3812
65.3812
65.1253
65.1253
65.1253
65.1253
65.1253
65.1253
65.1253
65.1253
65.1253
65.1253
65.1253
65.1253
65.1253
65.1253
65.1253
65.1253
65.1253
65.1253
65.1253
65.1253
65.1253
65.1253
65.1253
65.1253
65.1253
65.1253
65.1253
65.1253
65.1253
65.1253
65.1253
65.1253
65.1253
65.1253
65.1253
65.1253
65.1253
65.1253
65.1253
65.1253
65.1253
65.1253
65.1253
65.1253
65.1253
65.1253
65.1253
65.1253
65.1253
65.1253
65.1253
65.1253
65.1253
65.1253
65.1253
65.1253
65.1253
65.1253
65.1253
65.1253
65.1253
65.1253
65.1253
65.1253
65.1253
65.1253
65.1253
65.1253
65.1253
65.1253
65.1253
65.1253
65.1253
65.1253
65.1253
65.1253
65.1253
65.1253
65.1253
65.1253
65.1253
65.1253
65.1253
65.1253
65.1253
65.1253
65.1253
65.1253
65.1253
65.1253
65.1253
65.1253
65.1253
65.1253
65.1253
65.1253
65.1253
65.1253
65.1253
65.1253
65.1253
65.1253
65.1253
65.1253
65.1253
65.1253
65.1253
65.1253
65.1253
65.1253
65.1253
65.1253
65.1253
65.1253
65.1253
65.1253
65.1253
65.1253
65.1253
65.1253
65.1253
65.1253
65.1253
65.1253
65.1253
65.1253
65.1253
65.1253
65.1253
65.1253
65.1253
65.1253
65.1253
65.1253
65.1253
65.1253
65.1253
65.1253
65.1253
65.1253
65.1253
65.1253
65.1253
65.1253
65.1253
65.1253
65.1253
65.1253
65.1253
65.1253
65.1253
65.1253
65.1253
65.1253
65.1253
65.1253
65.1253
65.1253
65.1253
65.1253
65.1253
65.1253
65.1253
65.1253
65.1253
65.1253
65.1253
65.1253
65.1253
65.1253
65.1253
65.1253
65.1253
65.1253
65.1253
65.1253
65.1253
65.1253
65.1253
65.1253
65.1253
65.1253
65.1253
65.1253
65.1253
65.1253
65.1253
65.1253
65.1253
65.1253
65.1253
65.1253
65.1253
65.1253
65.1253
65.1253
65.1253
65.1253
65.1253
65.1253
65.1253
65.1253
65.1253
65.1253
65.1253
65.1253
65.1253
65.1253
65.1253
65.1253
65.1253
65.1253
65.1253
65.1253
65.1253
65.1253
65.1253
65.1253
65.1253
65.1253
65.1253
65.1253
65.1253
65.1253
65.1253
65.1253
65.1253
65.1253
65.1253
65.1253
65.1253
65.1253
65.1253
65.1253
65.1253
65.1253
65.1253
65.1253
65.1253
65.1253
65.1253
65.1253
65.1253
65.1253
65.1253
65.1253
65.1253
65.1253
65.1253
65.1253
65.1253
65.1253
65.1253
65.1253
65.1253
65.1253
65.1253
65.1253
65.1253
65.1253
65.1253
65.1253
65.1253
65.1253
65.1253
65.1253
65.1253
65.1253
65.1253
65.1253
65.1253
65.1253
65.1253
65.1253
65.1253
65.1253
65.1253
65.1253
65.1253
65.1253
65.1253
65.1253
65.1253
65.1253
65.1253
65.1253
65.1253
65.1253
65.1253
65.1253
65.1253
65.1253
65.1253
65.1253
65.1253
65.1253
65.1253
65.1253
65.1253
65.1253
65.1253
65.1253
65.1253
65.1253
65.1253
65.1253
65.1253
65.1253
65.1253
65.1253
65.1253
65.1253
65.1253
65.1253
65.1253
65.1253
65.1253
65.1253
65.1253
65.1253
65.1253
65.1253
65.1253
65.1253
65.1253
65.1253
65.1253
65.1253
65.1253
65.1253
65.1253
65.1253
65.1253
65.1253
65.1253
65.1253
65.1253
65.1253
65.1253
65.1253
65.1253
65.1253
65.1253
65.1253
65.1253
65.1253
65.1253
65.1253
65.1253
65.1253
65.1253
65.1253
65.1253
65.1253
65.1253
65.1253
65.1253
65.1253
65.1253
65.1253
65.1253
65.1253
65.1253
65.1253
65.1253
65.1253
65.1253
65.1253
65.1253
65.1253
65.1253
65.1253
65.1253
65.1253
65.1253
65.1253
65.1253
65.1253
65.1253
65.1253
65.1253
65.1253
65.1253
65.1253
65.1253
65.1253
65.1253
65.1253
65.1253
65.1253
65.1253
65.1253
65.1253
65.1253
65.1253
65.1253
65.1253
65.1253
65.1253
65.1253
65.1253
65.1253
65.1253
65.1253
65.1253
65.1253
65.1253
65.1253
65.1253
65.1253
65.1253
65.1253
65.1253
65.1253
65.1253
65.1253
65.1253
65.1253
65.1253
65.1253
65.1253
65.1253
65.1253
65.1253
65.1253
65.1253
65.1253
65.1253
65.1253
65.1253
65.1253
65.1253
65.1253
65.1253
65.1253
65.1253
65.1253
65.1253
65.1253
65.1253
65.1253
65.1253
65.1253
65.1253
65.1253
65.1253
65.1253
65.1253
65.1253
65.1253
65.1253
65.1253
65.1253
65.1253
65.1253
65.1253
65.1253
65.1253
65.1253
65.1253
65.1253
65.1253
65.1253
65.1253
65.1253
65.1253
65.1253
65.1253
65.1253
65.1253
65.1253
65.1253
65.1253
65.1253
65.1253
65.1253
65.1253
65.1253
65.1253
65.1253
65.1253
65.1253
65.1253
65.1253
65.1253
65.1253
65.1253
65.1253
65.1253
65.1253
65.1253
65.1253
65.1253
65.1253
65.1253
65.1253
65.1253
65.1253
65.1253
65.1253
65.1253
65.1253
65.1253
65.1253
65.1253
65.1253
65.1253
65.1253
65.1253
65.1253
65.1253
65.1253
65.1253
65.1253
65.1253
65.1253
65.1253
65.1253
65.1253
65.1253
65.1253
65.1253
65.1253
65.1253
65.1253
65.1253
65.1253
65.1253
65.1253
65.1253
65.1253
65.1253
65.1253
65.1253
65.1253
65.1253
65.1253
65.1253
65.1253
65.1253
65.1253
65.1253
65.1253
65.1253
65.1253
65.1253
65.1253
65.1253
65.1253
65.1253
65.1253
65.1253
65.1253
65.1253
65.1253
65.1253
65.1253
65.1253
65.1253
65.1253
65.1253
65.1253
65.1253
65.1253
65.1253
65.1253
65.1253
65.1253
65.1253
65.1253
65.1253
65.1253
65.1253
65.1253
65.1253
65.1253
65.1253
65.1253
65.1253
65.1253
65.1253
65.1253
65.1253
65.1253
65.1253
65.1253
65.1253
65.1253
65.1253
65.1253
65.1253
65.1253
65.1253
65.1253
65.1253
65.1253
65.1253
65.1253
65.1253
65.1253
65.1253
65.1253
65.1253
65.1253
65.1253
65.1253
65.1253
65.1253
65.1253
65.1253
65.1253
65.1253
65.1253
65.1253
65.1253
65.1253
65.1253
65.1253
65.1253
65.1253
65.1253
65.1253
65.1253
65.1253
65.1253
65.1253
65.1253
65.1253
65.1253
65.1253
65.1253
65.1253
65.1253
65.1253
65.1253
65.1253
65.1253
65.1253
65.1253
65.1253
65.1253
65.1253
65.1253
65.1253
65.1253
65.1253
65.1253
65.1253
65.1253
65.1253
65.1253
65.1253
65.1253
65.1253
65.1253
65.1253
65.1253
65.1253
65.1253
65.1253
65.1253
65.1253
65.1253
65.1253
65.1253
65.1253
65.1253
65.1253
65.1253
65.1253
65.1253
65.1253
65.1253
65.1253
65.1253
65.1253
65.1253
65.1253
65.1253
65.1253
65.1253
65.1253
65.1253
65.1253
65.1253
65.1253
65.1253
65.1253
65.1253
65.1253
65.1253
65.1253
65.1253
65.1253
65.1253
65.1253
65.1253
65.1253
65.1253
65.1253
65.1253
65.1253
65.1253
65.1253
65.1253
65.1253
65.1253
65.1253
65.1253
65.1253
65.1253
65.1253
65.1253
65.1253
65.1253
65.1253
65.1253
65.1253
65.1253
65.1253
65.1253
65.1253
65.1253
65.1253
65.1253
65.1253
65.1253
65.1253
65.1253
65.1253
65.1253
65.1253
65.1253
65.1253
65.1253
65.1253
65.1253
65.1253
65.1253
65.1253
65.1253
65.1253
65.1253
65.1253
65.1253
65.1253
65.1253
65.1253
65.1253
65.1253
65.1253
65.1253
65.1253
65.1253
65.1253
65.1253
65.1253
65.1253
65.1253
65.1253
65.1253
65.1253
65.1253
65.1253
65.1253
65.1253
65.1253
65.1253
65.1253
65.1253
65.1253
65.1253
65.1253
65.1253
65.1253
65.1253
65.1253
65.1253
65.1253
65.1253
65.1253
65.1253
65.1253
65.1253
65.1253
65.1253
65.1253
65.1253
65.1253
65.1253
65.1253
65.1253
65.1253
65.1253
65.1253
65.1253
65.1253
65.1253
65.1253
65.1253
65.1253
65.1253
65.1253
65.1253
65.1253
65.1253
65.1253
65.1253
65.1253
65.1253
65.1253
65.1253
65.1253
65.1253
65.1253
65.1253
65.1253
65.1253
65.1253
65.1253
65.1253
65.1253
65.1253
65.1253
65.1253
65.1253
65.1253
65.1253
65.1253
65.1253
65.1253
65.1253
65.1253
65.1253
65.1253
65.1253
65.1253
65.1253
65.1253
65.1253
65.1253
65.1253
65.1253
65.1253
65.1253
65.1253
65.1253
65.1253
65.1253
65.1253
65.1253
65.1253
65.1253
65.1253
65.1253
65.1253
65.1253
65.1253
65.1253
65.1253
65.1253
65.1253
65.1253
65.1253
65.1253
65.1253
65.1253
65.1253
65.1253
65.1253
65.1253
65.1253
65.1253
65.1253
65.1253
65.1253
65.1253
65.1253
65.1253
65.1253
65.1253
65.1253
65.1253
65.1253
65.1253
65.1253
65.1253
65.1253
65.1253
65.1253
65.1253
65.1253
65.1253
65.1253
65.1253
65.1253
65.1253
65.1253
65.1253
65.1253
65.1253
65.1253
65.1253
65.1253
65.1253
65.1253
65.1253
65.1253
65.1253
65.1253
65.1253
65.1253
65.1253
65.1253
65.1253
65.1253
65.1253
65.1253
65.1253
65.1253
65.1253
65.1253
65.1253
65.1253
65.1253
65.1253
65.1253
65.1253
65.1253
65.1253
65.1253
65.1253
65.1253
65.1253
65.1253
65.1253
65.1253
65.1253
65.1253
65.1253
65.1253
65.1253
65.1253
65.1253
65.1253
65.1253
65.1253
65.1253
65.1253
65.1253
65.1253
65.1253
65.1253
65.1253
65.1253
65.1253
65.1253
65.1253
65.1253
65.1253
65.1253
65.1253
65.1253
65.1253
65.1253
65.1253
65.1253
65.1253
65.1253
65.1253
65.1253
65.1253
65.1253
65.1253
65.1253
65.1253
65.1253
65.1253
65.1253
65.1253
65.1253
65.1253
65.1253
65.1253
65.1253
65.1253
65.1253
65.1253
65.1253
65.1253
65.1253
65.1253
65.1253
65.1253
65.1253
65.1253
65.1253
65.1253
65.1253
65.1253
65.1253
65.1253
65.1253
65.1253
65.1253
65.1253
65.1253
65.1253
65.1253
65.1253
65.1253
65.1253
65.1253
65.1253
65.1253
65.1253
65.1253
65.1253
65.1253
65.1253
65.1253
65.1253
65.1253
65.1253
65.1253
65.1253
65.1253
65.1253
65.1253
65.1253
65.1253
65.1253
65.1253
65.1253
65.1253
65.1253
65.1253
65.1253
65.1253
65.1253
65.1253
65.1253
65.1253
65.1253
65.1253
65.1253
65.1253
65.1253
65.1253
65.1253
65.1253
65.1253
65.1253
65.1253
65.1253
65.1253
65.1253
65.1253
65.1253
65.1253
65.1253
65.1253
65.1253
65.1253
65.1253
65.1253
65.1253
65.1253
65.1253
65.1253
65.1253
65.1253
65.1253
65.1253
65.1253
65.1253
65.1253
65.1253
65.1253
65.1253
65.1253
65.1253
65.1253
65.1253
65.1253
65.1253
65.1253
65.1253
65.1253
65.1253
65.1253
65.1253
65.1253
65.1253
65.1253
65.1253
65.1253
65.1253
65.1253
65.1253
65.1253
65.1253
65.1253
65.1253
65.1253
65.1253
65.1253
65.1253
65.1253
65.1253
65.1253
65.1253
65.1253
65.1253
65.1253
65.1253
65.1253
65.1253
65.1253
65.1253
65.1253
65.1253
65.1253
65.1253
65.1253
65.1253
65.1253
65.1253
65.1253
65.1253
65.1253
65.1253
65.1253
65.1253
65.1253
65.1253
65.1253
65.1253
65.1253
65.1253
65.1253
65.1253
65.1253
65.1253
65.1253
65.1253
65.1253
65.1253
65.1253
65.1253
65.1253
65.1253
65.1253
65.1253
65.1253
65.1253
65.1253
65.1253
65.1253
65.1253
65.1253
65.1253
65.1253
65.1253
65.1253
65.1253
65.1253
65.1253
65.1253
65.1253
65.1253
65.1253
65.1253
65.1253
65.1253
65.1253
65.1253
65.1253
65.1253
65.1253
65.1253
65.1253
65.1253
65.1253
65.1253
65.1253
65.1253
65.1253
65.1253
65.1253
65.1253
65.1253
65.1253
65.1253
65.1253
65.1253
65.1253
65.1253
65.1253
65.1253
65.1253
65.1253
65.1253
65.1253
65.1253
65.1253
65.1253
65.1253
65.1253
65.1253
65.1253
65.1253
65.1253
65.1253
65.1253
65.1253
65.1253
65.1253
65.1253
65.1253
65.1253
65.1253
65.1253
65.1253
65.1253
65.1253
65.1253
65.1253
65.1253
65.1253
65.1253
65.1253
65.1253
65.1253
65.1253
65.1253
65.1253
65.1253
65.1253
65.1253
65.1253
65.1253
65.1253
65.1253
65.1253
65.1253
65.1253
65.1253
65.1253
65.1253
65.1253
65.1253
65.1253
65.1253
65.1253
65.1253
65.1253
65.1253
65.1253
65.1253
65.1253
65.1253
65.1253
65.1253
65.1253
65.1253
65.1253
65.1253
65.1253
65.1253
65.1253
65.1253
65.1253
65.1253
65.1253
65.1253
65.1253
65.1253
65.1253
65.1253
65.1253
65.1253
65.1253
65.1253
65.1253
65.1253
65.1253
65.1253
65.1253
65.1253
65.1253
65.1253
65.1253
65.1253
65.1253
65.1253
65.1253
65.1253
65.1253
65.1253
65.1253
65.1253
65.1253
65.1253
65.1253
65.1253
65.1253
65.1253
65.1253
65.1253
65.1253
65.1253
65.1253
65.1253
65.1253
65.1253
65.1253
65.1253
65.1253
65.1253
65.1253
65.1253
65.1253
65.1253
65.1253
65.1253
65.1253
65.1253
65.1253
65.1253
65.1253
65.1253
65.1253
65.1253
65.1253
65.1253
65.1253
65.1253
65.1253
65.1253
65.1253
65.1253
65.1253
65.1253
65.1253
65.1253
65.1253
65.1253
65.1253
65.1253
65.1253
65.1253
65.1253
65.1253
65.1253
65.1253
65.1253
65.1253
65.1253
65.1253
65.1253
65.1253
65.1253
65.1253
65.1253
65.1253
65.1253
65.1253
65.1253
65.1253
65.1253
65.1253
65.1253
65.1253
65.1253
65.1253
65.1253
65.1253
65.1253
65.1253
65.1253
65.1253
65.1253
65.1253
65.1253
65.1253
65.1253
65.1253
65.1253
65.1253
65.1253
65.1253
65.1253
65.1253
65.1253
65.1253
65.1253
65.1253
65.1253
65.1253
65.1253
65.1253
65.1253
65.1253
65.1253
65.1253
65.1253
65.1253
65.1253
65.1253
65.1253
65.1253
65.1253
65.1253
65.1253
65.1253
65.1253
65.1253
65.1253
65.1253
65.1253
65.1253
65.1253
65.1253
65.1253
65.1253
65.1253
65.1253
65.1253
65.1253
65.1253
65.1253
65.1253
65.1253
65.1253
65.1253
65.1253
65.1253
65.1253
65.1253
65.1253
65.1253
65.1253
65.1253
65.1253
65.1253
65.1253
65.1253
65.1253
65.1253
65.1253
65.1253
65.1253
65.1253
65.1253
65.1253
65.1253
65.1253
65.1253
65.1253
65.1253
65.1253
65.1253
65.1253
65.1253
65.1253
65.1253
65.1253
65.1253
65.1253
65.1253
65.1253
65.1253
65.1253
65.1253
65.1253
65.1253
65.1253
65.1253
65.1253
65.1253
65.1253
65.1253
65.1253
65.1253
65.1253
65.1253
65.1253
65.1253
65.1253
65.1253
65.1253
65.1253
65.1253
65.1253
65.1253
65.1253
65.1253
65.1253
65.1253
65.1253
65.1253
65.1253
65.1253
65.1253
65.1253
65.1253
65.1253
65.1253
65.1253
65.1253
65.1253
65.1253
65.1253
65.1253
65.1253
65.1253
65.1253
65.1253
65.1253
65.1253
65.1253
65.1253
65.1253
65.1253
65.1253
65.1253
65.1253
65.1253
65.1253
65.1253
65.1253
65.1253
65.1253
65.1253
65.1253
65.1253
65.1253
65.1253
65.1253
65.1253
65.1253
65.1253
65.1253
65.1253
65.1253
65.1253
65.1253
65.1253
65.1253
65.1253
65.1253
65.1253
65.1253
65.1253
65.1253
65.1253
65.1253
65.1253
65.1253
65.1253
65.1253
65.1253
65.1253
65.1253
65.1253
65.1253
65.1253
65.1253
65.1253
65.1253
65.1253
65.1253
65.1253
65.1253
65.1253
65.1253
65.1253
65.1253
65.1253
65.1253
65.1253
65.1253
65.1253
65.1253
65.1253
65.1253
65.1253
65.1253
65.1253
65.1253
65.1253
65.1253
65.1253
65.1253
65.1253
65.1253
65.1253
65.1253
65.1253
65.1253
65.1253
65.1253
65.1253
65.1253
65.1253
65.1253
65.1253
65.1253
65.1253
65.1253
65.1253
65.1253
65.1253
65.1253
65.1253
65.1253
65.1253
65.1253
65.1253
65.1253
65.1253
65.1253
65.1253
65.1253
65.1253
65.1253
65.1253
65.1253
65.1253
65.1253
65.1253
65.1253
65.1253
65.1253
65.1253
65.1253
65.1253
65.1253
65.1253
65.1253
65.1253
65.1253
65.1253
65.1253
65.1253
65.1253
65.1253
65.1253
65.1253
65.1253
65.1253
65.1253
65.1253
65.1253
65.1253
65.1253
65.1253
65.1253
65.1253
65.1253
65.1253
65.1253
65.1253
65.1253
65.1253
65.1253
65.1253
65.1253
65.1253
65.1253
65.1253
65.1253
65.1253
65.1253
65.1253
65.1253
65.1253
65.1253
65.1253
65.1253
65.1253
65.1253
65.1253
65.1253
65.1253
65.1253
65.1253
65.1253
65.1253
65.1253
65.1253
65.1253
65.1253
65.1253
65.1253
65.1253
65.1253
65.1253
65.1253
65.1253
65.1253
65.1253
65.1253
65.1253
65.1253
65.1253
65.1253
65.1253
65.1253
65.1253
65.1253
65.1253
65.1253
65.1253
65.1253
65.1253
65.1253
65.1253
65.1253
65.1253
65.1253
65.1253
65.1253
65.1253
65.1253
65.1253
65.1253
65.1253
65.1253
65.1253
65.1253
65.1253
65.1253
65.1253
65.1253
65.1253
65.1253
65.1253
65.1253
65.1253
65.1253
65.1253
65.1253
65.1253
65.1253
65.1253
65.1253
65.1253
65.1253
65.1253
65.1253
65.1253
65.1253
65.1253
65.1253
65.1253
65.1253
65.1253
65.1253
65.1253
65.1253
65.1253
65.1253
65.1253
65.1253
65.1253
65.1253
65.1253
65.1253
65.1253
65.1253
65.1253
65.1253
65.1253
65.1253
65.1253
65.1253
65.1253
65.1253
65.1253
65.1253
65.1253
65.1253
65.1253
65.1253
65.1253
65.1253
65.1253
65.1253
65.1253
65.1253
65.1253
65.1253
65.1253
65.1253
65.1253
65.1253
65.1253
65.1253
65.1253
65.1253
65.1253
65.1253
65.1253
65.1253
65.1253
65.1253
65.1253
65.1253
65.1253
65.1253
65.1253
65.1253
65.1253
65.1253
65.1253
65.1253
65.1253
65.1253
65.1253
65.1253
65.1253
65.1253
65.1253
65.1253
65.1253
65.1253
65.1253
65.1253
65.1253
65.1253
65.1253
65.1253
65.1253
65.1253
65.1253
65.1253
65.1253
65.1253
65.1253
65.1253
65.1253
65.1253
65.1253
65.1253
65.1253
65.1253
65.1253
65.1253
65.1253
65.1253
65.1253
65.1253
65.1253
65.1253
65.1253
65.1253
65.1253
65.1253
65.1253
65.1253
65.1253
65.1253
65.1253
65.1253
65.1253
65.1253
65.1253
65.1253
65.1253
65.1253
65.1253
65.1253
65.1253
65.1253
65.1253
65.1253
65.1253
65.1253
65.1253
65.1253
65.1253
65.1253
65.1253
65.1253
65.1253
65.1253
65.1253
65.1253
65.1253
65.1253
65.1253
65.1253
65.1253
65.1253
65.1253
65.1253
65.1253
65.1253
65.1253
65.1253
65.1253
65.1253
65.1253
65.1253
65.1253
65.1253
65.1253
65.1253
65.1253
65.1253
65.1253
65.1253
65.1253
65.1253
65.1253
65.1253
65.1253
65.1253
65.1253
65.1253
65.1253
65.1253
65.1253
65.1253
65.1253
65.1253
65.1253
65.1253
65.1253
65.1253
65.1253
65.1253
65.1253
65.1253
65.1253
65.1253
65.1253
65.1253
65.1253
65.1253
65.1253
65.1253
65.1253
65.1253
65.1253
65.1253
65.1253
65.1253
65.1253
65.1253
65.1253
65.1253
65.1253
65.1253
65.1253
65.1253
65.1253
65.1253
65.1253
65.1253
65.1253
65.1253
65.1253
65.1253
65.1253
65.1253
65.1253
65.1253
65.1253
65.1253
65.1253
65.1253
65.1253
65.1253
65.1253
65.1253
65.1253
65.1253
65.1253
65.1253
65.1253
65.1253
65.1253
65.1253
65.1253
65.1253
65.1253
65.1253
65.1253
65.1253
65.1253
65.1253
65.1253
65.1253
65.1253
65.1253
65.1253
65.1253
65.1253
65.1253
65.1253
65.1253
65.1253
65.1253
65.1253
65.1253
65.1253
65.1253
65.1253
65.1253
65.1253
65.1253
65.1253
65.1253
65.1253
65.1253
65.1253
65.1253
65.1253
65.1253
65.1253
65.1253
65.1253
65.1253
65.1253
65.1253
65.1253
65.1253
65.1253
65.1253
65.1253
65.1253
65.1253
65.1253
65.1253
65.1253
65.1253
65.1253
65.1253
65.1253
65.1253
65.1253
65.1253
65.1253
65.1253
65.1253
65.1253
65.1253
65.1253
65.1253
65.1253
65.1253
65.1253
65.1253
65.1253
65.1253
65.1253
65.1253
65.1253
65.1253
65.1253
65.1253
65.1253
65.1253
65.1253
65.1253
65.1253
65.1253
65.1253
65.1253
65.1253
65.1253
65.1253
65.1253
65.1253
65.1253
65.1253
65.1253
65.1253
65.1253
65.1253
65.1253
65.1253
65.1253
65.1253
65.1253
65.1253
65.1253
65.1253
65.1253
65.1253
65.1253
65.1253
65.1253
65.1253
65.1253
65.1253
65.1253
65.1253
65.1253
65.1253
65.1253
65.1253
65.1253
65.1253
65.1253
65.1253
65.1253
65.1253
65.1253
65.1253
65.1253
65.1253
65.1253
65.1253
65.1253
65.1253
65.1253
65.1253
65.1253
65.1253
65.1253
65.1253
65.1253
65.1253
65.1253
65.1253
65.1253
65.1253
65.1253
65.1253
65.1253
65.1253
65.1253
65.1253
65.1253
65.1253
65.1253
65.1253
65.1253
65.1253
65.1253
65.1253
65.1253
65.1253
65.1253
65.1253
65.1253
65.1253
65.1253
65.1253
65.1253
65.1253
65.1253
65.1253
65.1253
65.1253
65.1253
65.1253
65.1253
65.1253
65.1253
65.1253
65.1253
65.1253
65.1253
65.1253
65.1253
65.1253
65.1253
65.1253
65.1253
65.1253
65.1253
65.1253
65.1253
65.1253
65.1253
65.1253
65.1253
65.1253
65.1253
65.1253
65.1253
65.1253
65.1253
65.1253
65.1253
65.1253
65.1253
65.1253
65.1253
65.1253
65.1253
65.1253
65.1253
65.1253
65.1253
65.1253
65.1253
65.1253
65.1253
65.1253
65.1253
65.1253
65.1253
65.1253
65.1253
65.1253
65.1253
65.1253
65.1253
65.1253
65.1253
65.1253
65.1253
65.1253
65.1253
65.1253
65.1253
65.1253
65.1253
65.1253
65.1253
65.1253
65.1253
65.1253
65.1253
65.1253
65.1253
65.1253
65.1253
65.1253
65.1253
65.1253
65.1253
65.1253
65.1253
65.1253
65.1253
65.1253
65.1253
65.1253
65.1253
65.1253
65.1253
65.1253
65.1253
65.1253
65.1253
65.1253
65.1253
65.1253
65.1253
65.1253
65.1253
65.1253
65.1253
65.1253
65.1253
65.1253
65.1253
65.1253
65.1253
65.1253
65.1253
65.1253
65.1253
65.1253
65.1253
65.1253
65.1253
65.1253
65.1253
65.1253
65.1253
65.1253
65.1253
65.1253
65.1253
65.1253
65.1253
65.1253
65.1253
65.1253
65.1253
65.1253
65.1253
65.1253
65.1253
65.1253
65.1253
65.1253
65.1253
65.1253
65.1253
65.1253
65.1253
65.1253
65.1253
65.1253
65.1253
65.1253
65.1253
65.1253
65.1253
65.1253
65.1253
65.1253
65.1253
65.1253
65.1253
65.1253
65.1253
65.1253
65.1253
65.1253
65.1253
65.1253
65.1253
65.1253
65.1253
65.1253
65.1253
65.1253
65.1253
65.1253
65.1253
65.1253
65.1253
65.1253
65.1253
65.1253
65.1253
65.1253
65.1253
65.1253
65.1253
65.1253
65.1253
65.1253
65.1253
65.1253
65.1253
65.1253
65.1253
65.1253
65.1253
65.1253
65.1253
65.1253
65.1253
65.1253
65.1253
65.1253
65.1253
65.1253
65.1253
65.1253
65.1253
65.1253
65.1253
65.1253
65.1253
65.1253
65.1253
65.1253
65.1253
65.1253
65.1253
65.1253
65.1253
65.1253
65.1253
65.1253
65.1253
65.1253
65.1253
65.1253
65.1253
65.1253
65.1253
65.1253
65.1253
65.1253
65.1253
65.1253
65.1253
65.1253
65.1253
65.1253
65.1253
65.1253
65.1253
65.1253
65.1253
65.1253
65.1253
65.1253
65.1253
65.1253
65.1253
65.1253
65.1253
65.1253
65.1253
65.1253
65.1253
65.1253
65.1253
65.1253
65.1253
65.1253
65.1253
65.1253
65.1253
65.1253
65.1253
65.1253
65.1253
65.1253
65.1253
65.1253
65.1253
65.1253
65.1253
65.1253
65.1253
65.1253
65.1253
65.1253
65.1253
65.1253
65.1253
65.1253
65.1253
65.1253
65.1253
65.1253
65.1253
65.1253
65.1253
65.1253
65.1253
65.1253
65.1253
65.1253
65.1253
65.1253
65.1253
65.1253
65.1253
65.1253
65.1253
65.1253
65.1253
65.1253
65.1253
65.1253
65.1253
65.1253
65.1253
65.1253
65.1253
65.1253
65.1253
65.1253
65.1253
65.1253
65.1253
65.1253
65.1253
65.1253
65.1253
65.1253
65.1253
65.1253
65.1253
65.1253
65.1253
65.1253
65.1253
65.1253
65.1253
65.1253
65.1253
65.1253
65.1253
65.1253
65.1253
65.1253
65.1253
65.1253
65.1253
65.1253
65.1253
65.1253
65.1253
