442.118
442.118
438.565
432.604
418.589
413.984
411.704
411.704
411.431
411.431
408.739
406.741
398.465
398.465
387.899
381.211
381.211
378.814
378.814
374.745
368.572
352.921
352.921
352.921
352.256
346.167
344.513
341.444
341.444
336.281
332.167
332.167
332.167
328.734
324.266
324.266
324.21
324.21
320.309
318.049
318.049
312.962
312.704
311.53
309.942
299.988
292.191
290.046
290.046
289.677
286.071
286.071
286.071
282.305
280.815
273.086
273.086
269.874
262.644
262.644
255.457
255.457
255.457
255.457
255.457
254.183
252.552
250.401
250.115
249.869
249.869
249.869
248.716
244.952
244.952
244.418
241.794
241.794
241.794
240.877
238.711
238.711
237.45
232.575
232.575
232.575
232.575
232.436
230.368
226.223
226.223
224.126
223.069
223.069
222.836
220.684
220.684
220.684
220.684
218.129
218.129
218.129
217.884
217.427
215.33
215.11
208.726
208.726
208.726
208.726
206.703
206.703
206.051
204.613
204.613
204.613
201.956
201.956
201.622
199.612
196.929
196.929
196.929
196.762
196.251
193.032
193.032
193.032
192.601
192.601
190.84
189.505
189.505
188.828
187.143
187.143
187.143
186.662
186.662
186.662
186.6
185.205
185.205
181.837
181.837
181.582
180.955
180.587
180.587
180.235
180.235
180.235
180.235
178.163
178.163
178.163
175.563
175.49
175.007
175.007
175.007
173.668
173.668
173.473
173.374
172.939
169.646
169.646
169.349
169.349
168.495
168.495
168.201
168.201
168.201
167.218
167.218
166.215
166.215
165.474
165.474
165.474
165.457
165.13
165.13
165.13
164.466
163.855
161.823
161.823
161.823
161.44
161.44
160.808
160.338
160.338
160.007
158.393
157.959
157.959
157.923
156.601
155.871
154.967
154.967
153.828
153.828
151.43
151.43
151.43
151.43
151.43
151.43
150.533
150.533
150.533
150.533
150.533
148.666
147.762
147.762
147.762
147.762
147.762
147.029
147.029
147.029
146.766
146.766
146.098
146.098
146.098
145.634
145.634
145.634
145.634
145.634
144.986
144.986
144.986
144.986
144.986
144.055
144.055
144.055
144.055
144.055
143.931
143.931
143.931
143.332
143.332
142.26
142.26
141.992
141.992
141.772
141.772
140.663
140.663
140.663
140.663
140.663
140.663
140.596
140.596
140.516
140.516
140.157
140.157
140.111
139.779
139.779
139.383
139.383
139.383
138.177
138.177
138.177
138.177
138.177
138.177
137.804
137.804
137.804
137.804
137.759
137.294
137.294
135.701
135.701
135.701
134.904
133.122
133.122
133.122
132.325
132.325
132.325
132.325
132.325
132.325
132.325
131.666
131.666
131.666
131.471
131.471
131.132
131.132
131.132
131.132
130.809
130.751
130.751
130.751
130.341
130.341
130.341
130.341
130.341
130.341
130.048
130.048
130.048
130.048
130.048
130.048
130.048
130.048
130.048
127.171
127.171
127.171
127.171
127.171
127.171
125.651
125.651
125.651
125.651
125.651
124.688
124.688
124.688
124.688
124.221
124.221
124.221
124.221
124.221
124.221
124.221
123.799
123.799
123.799
123.799
123.766
123.766
123.376
123.376
123.376
123.376
123.121
122.289
122.289
122.289
122.289
122.222
121.915
121.915
121.915
121.915
121.915
121.915
121.686
121.076
120.81
120.81
120.81
119.493
119.493
119.493
119.493
118.733
118.733
118.733
118.444
118.318
116.967
116.967
116.967
116.967
116.967
116.967
116.967
116.967
116.967
116.967
116.967
116.967
116.967
116.967
116.967
116.967
116.961
115.892
115.892
115.892
115.818
113.952
113.952
113.952
113.952
113.952
113.952
113.886
113.873
112.954
112.954
112.954
112.954
112.954
112.954
112.13
112.13
112.13
112.13
112.04
112.04
112.04
110.131
110.131
110.131
110.025
110.025
110.025
110.025
110.025
110.025
110.025
110.025
110.025
109.357
109.357
108.109
108.109
108.109
108.109
108.109
108.026
108.026
108.026
108.026
108.026
108.026
107.807
107.807
107.625
104.371
104.371
104.371
104.227
104.227
104.227
104.227
104.227
104.227
104.227
104.227
103.677
103.677
103.677
103.677
103.677
103.677
103.677
103.677
103.677
103.677
103.677
103.677
103.677
103.677
103.601
103.601
103.601
103.601
103.02
103.02
103.02
103.02
101.584
101.584
101.584
101.175
101.175
101.175
101.175
100.283
97.2959
97.2959
97.2959
97.2959
97.2959
97.2959
97.2959
97.2959
97.2959
97.2945
96.7391
96.7391
96.7391
96.7391
96.7391
96.7391
96.7391
96.5158
96.5158
96.5158
96.5158
96.269
96.269
96.269
96.269
96.269
96.269
96.269
96.269
96.269
96.269
96.269
96.269
96.269
95.8864
95.0635
95.0635
95.0635
95.0635
95.0635
95.0635
94.5102
94.5102
94.5102
94.5102
94.5102
94.5102
94.5102
94.5102
94.5102
94.5102
94.5102
94.5102
94.5102
94.2222
94.2222
93.864
93.864
93.864
93.864
93.864
93.864
93.5885
92.9339
92.9339
92.9339
92.9339
92.9339
92.9339
92.9339
92.9339
92.9339
92.9339
92.1396
92.1396
92.1396
92.1396
92.1396
92.1396
92.1396
92.1396
91.7826
91.7826
91.7826
91.7826
91.0867
91.0867
91.0867
91.0867
91.0867
91.0867
90.9234
90.9234
90.9234
90.9234
90.9007
90.2277
90.2277
90.2277
89.9875
89.9875
89.9875
89.9875
89.9875
89.9875
89.9875
89.4041
89.4041
89.4041
89.4041
89.3272
89.3272
89.3272
89.3272
89.1056
89.1056
89.1056
88.8817
88.8817
88.8817
88.8817
88.8817
88.8817
88.7645
88.7645
88.7645
88.7645
88.7645
88.7645
88.7645
88.7645
88.7645
88.7645
88.7645
88.7645
88.7631
87.8378
87.8378
87.8378
87.8378
87.8378
87.8378
87.7611
87.7611
87.7611
87.7611
87.7611
87.7611
87.7611
87.7611
87.4036
87.4036
87.4036
87.4036
87.4036
87.4036
87.4036
87.3249
87.3249
87.3249
87.3249
86.7903
86.7903
86.7903
86.7903
86.7238
86.7238
86.7238
86.7238
86.7238
86.7238
86.7238
86.7238
86.7238
86.7238
86.5825
86.2506
86.2506
86.2506
86.2506
86.2506
86.2506
86.2506
86.2343
86.2279
86.2279
86.2279
86.2113
86.2113
86.2113
86.1886
85.1848
85.1848
85.1848
85.1848
85.1848
85.1848
84.9539
84.9539
84.9539
84.9539
84.9539
84.9539
84.9539
84.9539
84.9539
84.9539
84.9539
84.9539
84.8126
84.4942
84.4942
84.4942
84.4942
84.4942
84.4942
84.3529
84.3529
84.3529
84.3529
84.3529
83.7855
83.7855
83.1734
83.1734
83.1734
83.1734
83.1734
83.1734
83.0917
83.0917
83.0917
83.0917
83.0917
83.0917
82.9601
82.9601
82.9601
82.9601
82.9601
82.9601
82.9601
82.9601
82.9601
82.9438
82.8827
82.8827
82.8827
82.8827
82.8827
82.8812
82.8395
82.8395
82.8395
82.8395
82.8395
82.8252
82.1908
82.1908
82.1908
82.1908
82.1908
82.1894
82.1894
82.1894
82.1894
82.1894
82.1894
82.1894
82.1894
82.1894
82.1894
82.1894
82.1875
82.1731
82.1731
81.1192
81.1192
81.1192
81.1192
81.1192
81.1192
81.1192
81.1192
81.1192
81.1192
81.1192
81.1192
81.1192
81.1192
81.0306
81.0306
81.0306
81.0306
81.0306
81.0306
81.0306
81.0306
81.0306
81.0306
81.0306
81.0287
81.0287
81.0287
81.0287
80.8448
80.8448
80.7945
80.7945
80.7945
80.7945
80.7945
80.7945
80.7945
80.7945
80.2962
80.2962
80.2962
80.2962
80.2962
80.2962
80.2962
80.2962
80.2556
80.2556
80.2556
79.7185
79.7185
79.7185
79.691
79.691
79.691
79.691
79.691
79.691
79.691
79.691
79.691
79.691
79.691
79.691
79.691
79.6555
79.6555
79.6555
79.6555
79.6555
79.6555
79.6555
79.6555
79.6555
79.6555
79.6555
79.6555
79.6555
79.6555
79.6555
79.6555
79.0711
79.0711
79.0711
79.0711
79.0711
79.0711
79.0711
79.0711
79.0711
79.0711
79.0711
79.0711
79.0711
79.0711
79.0711
79.0711
79.0711
79.0711
79.0711
79.0711
79.0711
79.0711
79.0711
79.0711
79.0711
79.0711
79.0711
79.0711
79.0711
79.0711
79.0711
79.0711
79.0711
79.0711
79.0711
79.0711
79.0711
79.0711
79.0711
79.0448
79.0448
79.0448
79.0448
79.0448
79.0448
79.0448
79.0448
79.0448
79.0448
79.0448
78.9921
78.9921
78.9921
78.9921
78.9921
78.9921
78.9921
78.2685
78.2685
78.2685
78.2685
78.2158
78.2158
78.2158
78.2158
78.2158
77.9295
77.9295
77.9295
77.9295
77.9295
77.9295
77.9295
77.9295
77.9295
77.6609
77.6609
77.6609
77.6609
77.6609
77.6609
77.6609
77.6609
77.6609
77.6609
77.6609
77.6609
77.6609
77.6609
77.6609
77.6609
77.6609
77.6609
77.6609
77.6609
77.6609
77.6609
77.6609
77.6609
77.6609
77.6609
77.6609
77.6609
77.6609
77.6609
77.6609
77.5414
77.5414
77.5414
77.5414
77.5099
77.5099
77.5099
77.3899
77.3899
77.3899
77.3899
77.3899
77.3899
77.3899
77.3899
77.3899
77.3899
77.3899
77.3899
77.3899
77.3899
77.3899
76.7359
76.7359
76.7359
76.7359
76.7359
76.7359
76.7359
76.7359
76.7359
76.6856
76.6856
76.6856
76.6856
76.6856
76.6856
76.6856
76.6856
76.2953
76.2953
76.2953
75.7008
75.7008
75.7008
75.7008
75.7008
75.7008
75.7008
75.7008
75.7008
75.7008
75.7008
75.5477
75.5477
75.5477
75.5477
75.5477
75.5477
75.5477
75.5477
75.5477
75.5477
75.5477
75.5477
75.5477
75.5477
75.5477
75.5477
75.5477
75.5477
75.5477
75.5477
75.5477
75.5477
75.5477
75.5477
74.8988
74.8988
74.8988
74.8988
74.8988
74.8988
74.8988
74.8988
74.8988
74.8988
74.8988
74.8988
74.8988
74.8988
74.8988
74.8988
74.8988
74.8988
74.8988
74.8988
74.8988
74.8988
74.8988
74.8988
74.8988
74.8988
74.8988
74.8988
74.8988
74.8988
74.8988
74.8988
74.8988
74.8988
74.8988
74.8988
74.8988
74.8988
74.8988
74.8988
74.8988
74.8988
74.6117
74.6117
74.6117
74.6117
74.6117
74.6117
74.6117
74.6117
74.6117
74.6117
74.5288
74.5288
74.5288
74.5288
74.5288
74.5288
74.5288
74.5288
74.5288
74.5288
74.5288
74.5288
74.5288
74.5288
74.5288
74.5288
74.5288
74.5288
74.5288
74.5288
74.5288
74.5288
74.5288
74.5288
74.5288
74.5288
74.5288
74.5288
74.5288
74.5288
74.5288
74.5288
74.5288
74.5288
74.5288
74.5288
74.5288
74.5288
74.5288
74.5288
74.5288
74.5288
74.5288
74.5288
74.5288
74.5288
74.5288
74.5288
74.5288
74.5288
74.5288
74.5288
74.5288
74.5288
74.5288
74.5111
74.5111
74.5111
74.5111
74.4247
74.4247
74.4247
74.4247
74.4247
74.2017
74.2017
74.2017
74.2017
74.2017
74.2017
74.2017
74.2017
74.1999
74.1999
74.1999
74.1999
74.1999
74.1999
74.1999
74.1999
74.1999
74.1999
74.1999
74.1999
74.1999
74.1999
74.1999
74.1999
74.1999
74.1999
74.1999
74.1999
74.1999
74.1999
74.1999
74.1999
74.1999
74.1999
74.1999
74.1999
74.1999
74.1999
74.1842
74.1842
74.1842
74.1842
74.1842
74.1842
74.1842
74.1842
74.1842
74.1842
74.1842
74.1842
74.1842
74.1842
74.1842
74.1842
74.1842
74.1842
74.1842
74.1842
74.1842
74.1842
74.1842
74.1842
74.1842
74.1842
74.1842
74.1842
74.1842
74.1842
74.1186
74.1186
74.1186
74.1186
74.1186
74.0827
74.0827
74.0827
74.0827
74.0827
74.0827
74.0827
74.0827
73.6065
73.6065
73.6065
73.6065
73.6065
73.6065
73.6065
73.6065
73.6065
73.5746
73.5746
73.5746
73.0994
73.0994
73.0994
73.0994
73.0994
73.0994
73.0994
73.0994
73.0994
73.0994
73.0994
73.0994
73.0994
73.0994
73.0994
73.0994
73.0994
73.0994
73.0994
73.0994
73.0994
73.0994
73.0994
73.0994
73.0994
73.0994
73.0994
73.0994
73.0994
73.0994
73.0994
73.0994
73.0891
73.0891
73.0891
73.0891
73.0891
73.0891
73.0891
73.0891
73.0891
73.0891
73.0891
73.0891
73.0891
73.0891
73.0891
73.0891
73.0891
73.0891
73.0891
73.0891
73.0891
73.0891
73.0891
73.0891
73.0891
73.0891
73.0891
73.0891
73.0891
73.0891
73.0891
73.0891
73.0891
73.0452
73.0452
73.0452
73.0452
73.0452
73.0452
73.0452
73.0452
73.0452
73.0452
73.0452
73.0452
73.0452
73.0452
73.0452
73.0452
73.0452
73.0452
73.0452
73.0452
73.0452
73.0452
73.0452
72.5309
72.5309
72.5309
72.5309
72.5309
72.5309
72.5309
72.5309
72.5309
72.5309
72.5309
72.5309
72.5309
72.5309
72.5309
72.5309
72.5309
72.5309
72.5309
72.5309
72.5309
72.5309
72.5309
72.5309
72.5309
72.5309
72.5309
72.5309
72.5309
72.5309
72.5309
72.5309
72.5309
72.5309
72.5309
72.5309
72.5309
72.5309
72.5309
72.5309
72.5309
72.5309
72.5309
72.5309
72.5309
72.5309
72.5309
72.5309
72.5309
72.5309
72.5309
72.5309
72.5309
72.5309
72.5309
72.5309
72.5309
72.5309
72.5309
72.5309
72.5309
72.5309
72.5309
72.5309
72.5309
72.5309
72.5309
72.5309
72.5309
72.5309
72.5309
72.5309
72.5309
72.5309
72.5309
72.5309
72.5309
72.5309
72.5309
72.5309
72.5309
72.5309
72.5309
72.5309
72.5309
72.5309
72.5309
72.5309
72.5309
72.0611
72.0611
72.0611
72.0611
72.0611
72.0611
72.0611
72.0611
72.0611
72.0611
72.0611
72.0611
72.0611
72.0611
72.0611
72.0611
72.0611
72.0611
72.0611
72.0611
72.0611
72.0611
72.0611
72.0611
72.0611
72.0611
72.0611
72.0611
72.0611
72.0611
72.0611
72.0611
72.0611
72.0611
72.0611
72.0611
72.0611
72.0611
72.0611
72.0611
72.0611
72.0611
72.0611
72.0611
72.0611
72.0611
72.0611
72.0611
72.0611
72.0611
72.0611
72.0611
72.0611
72.0611
72.0611
72.0611
72.0611
72.0611
72.0611
72.0611
72.0611
72.0611
72.0611
72.0611
72.0611
72.0611
72.0611
72.0611
72.0611
72.0611
72.0611
72.0611
72.0109
71.9856
71.9856
71.9856
71.9856
71.9856
71.9856
71.9856
71.9856
71.9856
71.9856
71.9856
71.9856
71.9856
71.9856
71.9856
71.9856
71.9856
71.9856
71.9856
71.9856
71.9856
71.9856
71.9856
71.9856
71.9856
71.9856
71.9856
71.9856
71.9856
71.9856
71.9856
71.9856
71.9856
71.9856
71.9856
71.9856
71.9856
71.9856
71.9856
71.9856
71.9856
71.9856
71.9856
71.9856
71.9856
71.9856
71.9856
71.9856
71.9856
71.9856
71.9856
71.9856
71.9856
71.9856
71.9856
71.9856
71.9856
71.9856
71.9856
71.9856
71.9856
71.9856
71.9856
71.9856
71.9856
71.9856
71.9856
71.9856
71.9856
71.9856
71.9856
71.9856
71.9856
71.9856
71.9856
71.9856
71.9856
71.9856
71.9856
71.9856
71.9856
71.9856
71.9856
71.9856
71.9856
71.9856
71.9856
71.9856
71.9856
71.9856
71.9856
71.9856
71.9856
71.9856
71.9856
71.9856
71.9856
71.9856
71.9856
71.9856
71.9856
71.9856
71.9856
71.9856
71.8484
71.8484
71.8484
71.8484
71.8484
71.8484
71.8484
71.8484
71.8484
71.8484
71.8484
71.8484
71.8484
71.8484
71.8484
71.8484
71.8484
71.8484
71.8484
71.8484
71.8484
71.8484
71.8484
71.8484
71.8484
71.8484
71.8484
71.8484
71.8484
71.8484
71.8484
71.8484
71.8484
71.8484
71.8484
71.8484
71.8484
71.8484
71.8484
71.8484
71.8484
71.8484
71.8484
71.8484
71.8484
71.8484
71.8484
71.8484
71.8484
71.4609
71.4609
71.4609
71.4609
71.4609
71.4609
71.4609
71.4609
71.4609
71.4609
71.4609
71.4609
71.4609
71.4609
71.4609
71.4609
71.4609
71.4609
71.4609
71.4609
71.4609
71.4609
71.4609
71.4609
71.4609
71.4609
71.4609
71.4609
71.4609
71.4609
71.4609
71.4609
71.4609
71.4609
71.4609
71.4609
71.4609
71.4609
71.4609
71.4609
71.4609
71.4609
71.4609
71.4609
71.4609
71.4609
71.4609
71.4609
71.4609
71.4609
71.4609
71.4609
71.4609
71.4609
71.4609
71.4609
71.4609
71.4609
71.4609
71.4609
71.4609
71.4609
71.4609
71.4609
71.4609
71.4609
71.4609
71.4609
71.4609
71.4609
71.4609
71.4609
71.4609
71.4609
71.4609
71.4609
71.4609
71.4609
71.4609
71.4609
71.4609
71.4609
71.4609
71.4609
71.4609
71.4609
71.4609
71.4609
71.4609
71.4609
71.4609
71.4609
71.4609
71.4609
71.4609
71.4609
71.4609
71.4609
71.4609
71.4609
71.4609
71.4609
71.4609
71.4609
71.4609
71.4609
71.4609
71.4609
71.4609
71.4609
71.4609
71.3508
71.3508
71.3508
71.3508
71.3508
71.3508
71.3508
71.3508
71.3508
71.3508
71.3508
71.1572
71.1572
71.1572
71.1572
71.1572
71.1572
71.1572
71.1572
71.1572
71.1572
71.1572
71.1572
71.1572
71.1572
71.0021
71.0021
71.0021
71.0021
71.0021
71.0021
71.0021
71.0021
71.0021
71.0021
71.0021
71.0021
71.0021
70.5488
70.5488
70.5488
70.5488
70.5488
70.5488
70.5488
70.5488
70.5488
70.5488
70.5488
70.5488
70.5488
70.5488
70.5488
70.5488
70.5488
70.5488
70.5488
70.5488
70.5488
70.5488
70.5488
70.5488
70.5488
70.5488
70.2202
70.2202
70.2202
70.2202
70.2202
70.1972
70.1972
70.1972
70.1972
70.1972
70.1972
70.1972
70.1972
70.1972
70.1972
70.1972
70.1972
70.1972
70.0499
70.0499
70.0499
70.0499
70.0499
70.0499
70.0499
70.0499
70.0499
70.0499
70.0499
69.7069
69.7069
69.7069
69.7069
69.7069
69.7069
69.7069
69.7069
69.7069
69.7069
69.7069
69.7069
69.7069
69.7069
69.3481
69.3481
69.3481
69.3481
69.3481
69.3481
69.3481
69.3481
69.3481
69.3481
69.3481
69.3481
69.3481
69.3481
69.3481
69.3481
69.3481
69.3481
69.3481
69.3481
69.3481
69.3481
69.3481
69.3481
69.3481
69.3481
69.3481
69.3481
69.3481
69.3481
69.3481
69.3481
69.3481
69.3481
69.3481
69.3481
69.3481
69.3481
69.3481
69.3481
69.3481
69.3481
69.3481
69.3481
69.3481
69.3481
69.3481
69.3481
69.3481
69.3481
69.3481
69.3481
69.3481
69.3481
69.3481
69.3481
69.3481
69.3481
69.3481
69.3481
69.3481
69.3481
69.3481
69.3481
69.3481
69.3481
69.3481
69.3481
69.1676
69.1676
69.1676
69.1676
69.1676
69.1676
69.1676
69.1676
69.1676
69.1676
69.1676
69.1676
69.1676
69.1676
69.1676
69.1676
69.1676
69.1676
69.1676
69.1676
69.1676
69.1676
69.1676
69.1676
69.1676
69.1676
69.021
69.021
69.021
69.021
69.021
69.021
69.021
69.021
69.021
69.021
69.021
69.021
69.021
69.021
69.021
69.021
69.021
69.021
69.021
69.021
69.021
69.021
69.021
69.021
69.021
69.021
69.021
69.021
69.021
69.021
69.021
69.021
69.021
69.021
69.021
69.021
69.021
69.021
69.021
69.021
69.021
69.021
69.021
69.021
69.021
69.021
69.021
69.021
69.021
69.021
69.021
69.021
69.021
69.021
69.021
69.021
69.021
69.021
69.021
69.021
69.021
69.021
69.021
69.021
69.021
69.021
69.021
69.021
69.021
69.021
69.021
69.021
69.021
69.021
69.021
69.021
69.021
69.021
69.021
69.021
69.021
69.021
69.021
69.021
69.021
69.021
69.021
69.021
69.021
69.021
69.021
69.021
69.021
69.021
69.021
69.021
69.021
69.021
69.021
69.021
69.021
69.021
69.021
69.021
69.021
69.021
69.021
69.021
69.021
69.021
69.021
69.021
69.021
69.021
69.021
69.021
69.021
69.021
69.021
69.021
69.021
69.021
69.021
69.021
69.021
69.021
69.021
69.021
69.021
69.021
69.021
69.021
69.021
69.021
69.021
69.021
69.021
69.021
69.021
69.021
69.021
69.021
69.021
69.021
69.021
69.021
69.021
69.021
69.021
69.021
69.021
69.021
69.021
69.021
69.021
69.021
69.021
69.021
69.021
69.021
69.021
69.021
69.021
69.021
69.021
69.021
69.021
69.021
69.021
69.021
69.021
69.021
69.021
69.021
69.021
69.021
69.021
69.021
69.021
69.021
69.021
69.021
69.021
69.021
69.021
69.021
69.021
69.021
69.021
69.021
69.021
69.021
69.021
69.021
69.021
69.021
69.021
69.021
69.021
69.021
69.021
69.021
69.021
69.021
69.021
69.021
69.021
69.021
69.021
69.021
69.021
69.021
69.021
69.021
69.021
69.021
69.021
69.021
69.021
69.021
69.021
69.021
69.021
69.021
69.021
69.021
69.021
69.021
69.021
69.021
69.021
69.021
69.021
69.021
69.021
69.021
69.021
69.021
69.021
69.021
69.021
69.021
69.021
69.021
69.021
69.021
69.021
69.021
69.021
69.021
69.021
69.021
69.021
69.021
69.021
69.021
69.021
69.021
69.021
69.021
69.021
69.021
69.021
69.021
69.021
69.021
69.021
69.021
69.021
69.021
69.021
69.021
69.021
69.021
69.021
69.021
69.021
69.021
69.021
69.021
69.021
69.021
69.021
69.021
69.021
69.021
69.021
69.021
69.021
69.021
69.021
69.021
69.021
69.021
69.021
69.021
69.021
69.021
69.021
69.021
69.021
69.021
69.021
69.021
69.021
69.021
69.021
69.021
69.021
68.999
68.999
68.999
68.999
68.999
68.999
68.999
68.999
68.999
68.999
68.999
68.999
68.999
68.999
68.999
68.999
68.999
68.999
68.999
68.999
68.999
68.999
68.999
68.999
68.999
68.999
68.999
68.999
68.999
68.999
68.999
68.999
68.999
68.999
68.999
68.999
68.999
68.999
68.999
68.999
68.999
68.999
68.999
68.999
68.999
68.999
68.999
68.999
68.999
68.999
68.999
68.999
68.999
68.999
68.999
68.999
68.999
68.999
68.999
68.999
68.999
68.999
68.999
68.999
68.999
68.999
68.999
68.999
68.999
68.999
68.999
68.999
68.999
68.999
68.999
68.999
68.999
68.999
68.999
68.999
68.999
68.999
68.999
68.999
68.999
68.999
68.999
68.999
68.999
68.999
68.999
68.999
68.999
68.999
68.999
68.999
68.999
68.999
68.999
68.999
68.999
68.999
68.999
68.999
68.999
68.999
68.999
68.999
68.999
68.999
68.999
68.999
68.999
68.999
68.999
68.999
68.999
68.999
68.999
68.999
68.999
68.999
68.999
68.999
68.999
68.999
68.999
68.999
68.999
68.999
68.999
68.999
68.999
68.999
68.999
68.999
68.999
68.999
68.999
68.999
68.999
68.999
68.999
68.999
68.999
68.999
68.999
68.999
68.999
68.999
68.999
68.999
68.999
68.999
68.999
68.999
68.999
68.999
68.999
68.999
68.999
68.999
68.999
68.999
68.999
68.999
68.999
68.999
68.999
68.999
68.999
68.999
68.999
68.999
68.999
68.999
68.999
68.999
68.999
68.999
68.999
68.999
68.999
68.999
68.999
68.999
68.999
68.999
68.999
68.999
68.999
68.999
68.999
68.999
68.999
68.999
68.999
68.999
68.999
68.999
68.999
68.999
68.999
68.999
68.999
68.999
68.999
68.999
68.999
68.999
68.999
68.999
68.999
68.999
68.999
68.999
68.999
68.999
68.999
68.999
68.999
68.999
68.999
68.999
68.999
68.999
68.999
68.999
68.999
68.999
68.999
68.999
68.999
68.999
68.999
68.999
68.999
68.999
68.999
68.999
68.999
68.999
68.999
68.999
68.999
68.999
68.999
68.999
68.999
68.999
68.999
68.999
68.999
68.999
68.999
68.999
68.999
68.999
68.999
68.999
68.999
68.999
68.999
68.999
68.999
68.999
68.999
68.999
68.999
68.999
68.999
68.999
68.999
68.999
68.999
68.999
68.999
68.999
68.999
68.999
68.999
68.999
68.999
68.999
68.999
68.999
68.999
68.999
68.999
68.999
68.999
68.999
68.999
68.999
68.999
68.999
68.999
68.999
68.999
68.999
68.999
68.999
68.999
68.999
68.999
68.999
68.999
68.999
68.999
68.999
68.999
68.999
68.999
68.999
68.999
68.999
68.999
68.999
68.999
68.999
68.999
68.999
68.999
68.999
68.999
68.999
68.999
68.999
68.999
68.999
68.999
68.999
68.999
68.999
68.999
68.999
68.999
68.999
68.999
68.999
68.999
68.999
68.999
68.999
68.999
68.999
68.999
68.999
68.999
68.999
68.999
68.999
68.999
68.999
68.999
68.999
68.999
68.999
68.999
68.999
68.999
68.999
68.999
68.999
68.999
68.999
68.999
68.999
68.999
68.999
68.999
68.999
68.999
68.999
68.999
68.999
68.999
68.999
68.999
68.999
68.999
68.999
68.999
68.999
68.999
68.999
68.999
68.999
68.999
68.999
68.999
68.999
68.999
68.999
68.999
68.999
68.999
68.999
68.999
68.999
68.999
68.999
68.999
68.999
68.999
68.999
68.999
68.999
68.999
68.999
68.999
68.999
68.999
68.999
68.999
68.999
68.999
68.999
68.999
68.999
68.999
68.999
68.999
68.999
68.999
68.999
68.999
68.999
68.999
68.999
68.999
68.999
68.999
68.999
68.999
68.999
68.999
68.999
68.999
68.999
68.999
68.999
68.999
68.999
68.999
68.999
68.999
68.999
68.999
68.999
68.999
68.999
68.999
68.999
68.999
68.999
68.999
68.999
68.999
68.999
68.999
68.999
68.999
68.999
68.999
68.999
68.999
68.999
68.999
68.999
68.999
68.999
68.999
68.999
68.999
68.999
68.999
68.999
68.999
68.999
68.999
68.999
68.999
68.999
68.999
68.999
68.999
68.999
68.999
68.999
68.999
68.999
68.999
68.999
68.999
68.999
68.999
68.999
68.999
68.999
68.999
68.999
68.999
68.999
68.999
68.999
68.999
68.999
68.999
68.999
68.999
68.999
68.999
68.999
68.999
68.999
68.999
68.999
68.999
68.999
68.999
68.999
68.999
68.999
68.999
68.999
68.999
68.999
68.999
68.999
68.999
68.999
68.999
68.999
68.999
68.999
68.999
68.999
68.999
68.999
68.999
68.999
68.999
68.999
68.999
68.999
68.999
68.999
68.999
68.999
68.999
68.999
68.999
68.999
68.999
68.3351
68.3351
68.3351
68.3351
68.3351
68.3351
68.3351
68.3351
68.3351
68.3351
68.3351
68.3351
68.3351
68.3351
68.3351
68.3351
68.3351
68.3351
68.3351
68.3351
68.3351
68.3351
68.3351
68.3351
68.3351
68.3351
68.3351
68.3351
68.3351
68.3351
68.3351
68.3351
68.3351
68.3351
68.3351
68.3351
68.3351
68.3351
68.3351
68.3351
68.3351
68.3351
68.3351
68.3351
68.3351
68.3351
68.3351
68.3351
68.3351
68.3351
68.3351
68.3351
68.3351
68.3351
68.3351
68.3351
68.3351
68.3351
68.3351
68.3351
68.3351
68.3351
68.3351
68.3351
68.3351
68.3351
68.3351
68.3351
68.3351
68.3351
68.3351
68.3351
68.3351
68.3351
68.3351
68.3351
68.3351
68.3351
68.3351
68.3351
68.3351
68.3351
68.3351
68.3351
68.3351
68.3351
68.3351
68.3351
68.3351
68.3351
68.3351
68.3351
68.3351
68.3351
68.3351
68.3351
68.3351
68.3351
68.3351
68.3351
68.3351
68.3351
68.3351
68.3351
68.3351
68.3351
68.3351
68.3351
68.3351
68.3351
68.1115
68.1115
68.1115
68.1115
68.1115
68.1115
68.1115
68.1115
68.1115
68.1115
68.1115
68.1115
68.1115
68.1115
68.1115
68.1115
68.1115
68.1115
68.1115
68.1115
68.1115
68.1115
68.1115
68.1115
68.1115
68.1115
68.1115
68.1115
68.1115
68.1115
68.1115
68.1115
68.1115
68.1115
68.1115
68.1115
68.1115
68.1115
68.1115
68.1115
68.1115
68.1115
68.1115
68.1115
68.1115
68.1115
68.1115
68.1115
68.1115
68.1115
68.1115
68.1115
68.1115
68.1115
68.1115
68.1115
68.1115
68.1115
68.1115
68.1115
68.1115
68.1115
68.1115
68.1115
68.1115
68.1115
68.1115
68.1115
68.1115
68.1115
68.1115
68.1115
68.1115
68.1115
68.1115
68.1115
68.1115
68.1115
68.1115
68.1115
68.1115
68.1115
68.1115
68.1115
68.1115
68.1115
68.1115
68.1115
68.1115
68.1115
68.1115
68.1115
68.1115
68.1115
68.1115
68.1115
68.1115
68.1115
68.1115
68.1115
68.1115
68.1115
68.1115
68.1115
68.1115
68.1115
68.1115
68.1115
68.1115
68.1115
68.1115
68.1115
68.1115
68.1115
68.1115
68.1115
68.1115
68.1115
68.1115
68.1115
68.1115
68.1115
68.1115
68.1115
68.1115
68.1115
68.1115
68.1115
68.1115
68.1115
68.1115
68.1115
68.1115
68.1115
68.1115
68.1115
68.1115
68.1115
68.1115
68.1115
68.1115
68.1115
68.1115
68.1115
68.1115
68.1115
68.1115
68.1115
68.1115
68.1115
68.1115
68.1115
68.1115
68.1115
68.1115
68.1115
68.1115
68.1115
68.1115
68.1115
68.1115
68.1115
68.1115
68.1115
68.1115
68.1115
68.1115
68.1115
68.1115
68.1115
68.1115
68.1115
68.1115
68.1115
68.1115
68.1115
68.1115
68.1115
68.1115
68.1115
68.1115
68.1115
68.1115
68.1115
68.1115
68.1115
68.1115
68.1115
68.1115
68.1115
68.1115
68.1115
68.1115
68.1115
68.1115
68.1115
68.1115
68.1115
68.1115
68.1115
68.1115
68.1115
68.1115
68.1115
68.1115
68.1115
68.1115
68.1115
68.1115
68.1115
68.1115
68.1115
68.1115
68.1115
68.1115
68.1115
68.1115
68.1115
68.1115
68.1115
68.1115
68.1115
68.1115
68.1115
68.1115
68.1115
68.1115
68.1115
68.1115
68.1115
68.1115
68.1115
68.1115
68.1115
68.0308
68.0308
68.0308
68.0308
68.0308
68.0308
68.0308
68.0308
68.0308
68.0308
68.0308
68.0308
68.0308
67.948
67.948
67.948
67.948
67.948
67.948
67.948
67.948
67.948
67.948
67.948
67.948
67.948
67.948
67.948
67.948
67.948
67.948
67.948
67.948
67.948
67.948
67.948
67.948
67.948
67.948
67.948
67.948
67.948
67.948
67.948
67.948
67.948
67.948
67.948
67.948
67.948
67.948
67.948
67.948
67.948
67.948
67.948
67.948
67.948
67.948
67.948
67.948
67.948
67.948
67.948
67.948
67.948
67.948
67.948
67.6786
67.6786
67.6786
67.6786
67.6786
67.6786
67.6786
67.6786
67.6786
67.6786
67.6786
67.6786
67.6786
67.6743
67.6743
67.6743
67.6743
67.6743
67.6743
67.6743
67.6743
67.6743
67.6743
67.6743
67.6113
67.6113
67.6113
67.6113
67.6113
67.6113
67.6113
67.6113
67.6113
67.6113
67.6113
67.6113
67.6113
67.6113
67.6113
67.6113
67.6113
67.6113
67.6113
67.6113
67.6113
67.6113
67.6113
67.6113
67.6113
67.6113
67.6113
67.6113
67.6113
67.6113
67.6113
67.6113
67.6113
67.6113
67.6113
67.6113
67.6113
67.6113
67.6113
67.6113
67.6113
67.6113
67.6113
67.6113
67.6113
67.6113
67.6113
67.6113
67.6113
67.6113
67.6113
67.6113
67.6113
67.6113
67.6113
67.6113
67.6113
67.6113
67.6113
67.6113
67.6113
67.6113
67.6113
67.6113
67.6113
67.6113
67.6113
67.6113
67.6113
67.6113
67.6113
67.6113
67.6113
67.6113
67.6113
67.6113
67.6113
67.6113
67.6113
67.6113
67.6113
67.6113
67.6113
67.6113
67.6113
67.6113
67.6113
67.6113
67.6113
67.6113
67.6113
67.6113
67.6113
67.6113
67.6113
67.6113
67.6113
67.6113
67.6113
67.6113
67.6113
67.6113
67.6113
67.6113
67.6113
67.6113
67.6113
67.6113
67.6113
67.6113
67.6113
67.6113
67.6113
67.6113
67.6113
67.6113
67.6113
67.6113
67.6113
67.6113
67.6113
67.6113
67.6113
67.6113
67.6113
67.6113
67.6113
67.6113
67.6113
67.6113
67.6113
67.6113
67.6113
67.6113
67.6113
67.6113
67.6113
67.6113
67.6113
67.6113
67.6113
67.6113
67.6113
67.6113
67.6113
67.6113
67.6113
67.6113
67.6113
67.6113
67.6113
67.6113
67.6113
67.6113
67.6113
67.6113
67.6113
67.6113
67.6113
67.6113
67.6113
67.6113
67.6113
67.6113
67.6113
67.6113
67.6113
67.6113
67.6113
67.6113
67.6113
67.6113
67.6113
67.6113
67.6113
67.6113
67.6113
67.6113
67.6113
67.6113
67.6113
67.6113
67.6113
67.6113
67.6113
67.6113
67.6113
67.6113
67.6113
67.6113
67.6113
67.6113
67.6113
67.6113
67.6113
67.6113
67.6113
67.6113
67.6113
67.6113
67.6113
67.6113
67.6113
67.6113
67.6113
67.6113
67.6113
67.6113
67.6113
67.6113
67.6113
67.6113
67.6113
67.6113
67.6113
67.6113
67.6113
67.6113
67.6113
67.6113
67.6113
67.6113
67.6113
67.6113
67.6113
67.6113
67.6113
67.6113
67.6113
67.6113
67.6113
67.6113
67.6113
67.6113
67.6113
67.6113
67.6113
67.6113
67.6113
67.6113
67.6113
67.6113
67.6113
67.6113
67.6113
67.6113
67.6113
67.6113
67.6113
67.6113
67.6113
67.6113
67.6113
67.6113
67.6113
67.6113
67.6113
67.6113
67.6113
67.6113
67.6113
67.6113
67.6113
67.6113
67.6113
67.6113
67.6113
67.6113
67.6113
67.6113
67.6113
67.6113
67.6113
67.6113
67.6113
67.6113
67.6113
67.6113
67.6113
67.6113
67.6113
67.6113
67.6113
67.6113
67.6113
67.6113
67.6113
67.6113
67.6113
67.6113
67.6113
67.6113
67.6113
67.6113
67.6113
67.6113
67.6113
67.6113
67.6113
67.6113
67.6113
67.6113
67.6113
67.6113
67.6113
67.6113
67.6113
67.6113
67.6113
67.6113
67.6113
67.6113
67.6113
67.6113
67.6113
67.6113
67.6113
67.6113
67.6113
67.6113
67.6113
67.6113
67.6113
67.6113
67.6113
67.6113
67.6113
67.6113
67.6113
67.6113
67.6113
67.6113
67.6113
67.6113
67.6113
67.6113
67.6113
67.6113
67.6113
67.6113
67.6113
67.6113
67.6113
67.6113
67.6113
67.6113
67.6113
67.6113
67.6113
67.6113
67.6113
67.6113
67.6113
67.6113
67.6113
67.6113
67.6113
67.6113
67.6113
67.6113
67.6113
67.6113
67.6113
67.6113
67.6113
67.6113
67.6113
67.6113
67.6113
67.6113
67.6113
67.6113
67.6113
67.6113
67.6113
67.6113
67.6113
67.6113
67.6113
67.6113
67.6113
67.6113
67.6113
67.6113
67.6113
67.6113
67.6113
67.6113
67.6113
67.6113
67.6113
67.6113
67.6113
67.6113
67.6113
67.6113
67.6113
67.6113
67.6113
67.6113
67.6113
67.6113
67.6113
67.6113
67.6113
67.6113
67.6113
67.6113
67.6113
67.6113
67.6113
67.6113
67.6113
67.6113
67.6113
67.6113
67.6113
67.6113
67.6113
67.6113
67.6113
67.6113
67.6113
67.6113
67.6113
67.6113
67.6113
67.6113
67.6113
67.6113
67.6113
67.6113
67.6113
67.6113
67.6113
67.6113
67.6113
67.6113
67.6113
67.6113
67.6113
67.6113
67.6113
67.6113
67.6113
67.6113
67.6113
67.6113
67.6113
67.6113
67.6113
67.6113
67.6113
67.6113
67.6113
67.6113
67.6113
67.6113
67.6113
67.6113
67.6113
67.6113
67.6113
67.6113
67.6113
67.6113
67.6113
67.6113
67.6113
67.6113
67.6113
67.6113
67.6113
67.6113
67.6113
67.6113
67.6113
67.6113
67.6113
67.6113
67.6113
67.6113
67.6113
67.6113
67.6113
67.6113
67.6113
67.6113
67.6113
67.6113
67.6113
67.6113
67.6113
67.6113
67.6113
67.6113
67.6113
67.6113
67.6113
67.6113
67.6113
67.6113
67.6113
67.6113
67.6113
67.6113
67.6113
67.6113
67.6113
67.6113
67.6113
67.6113
67.6113
67.6113
67.6113
67.6113
67.6113
67.6113
67.6113
67.6113
67.6113
67.6113
67.6113
67.6113
67.6113
67.6113
67.6113
67.6113
67.6113
67.6113
67.6113
67.6113
67.6113
67.6113
67.6113
67.6113
67.6113
67.6113
67.6113
67.6113
67.6113
67.6113
67.6113
67.6113
67.6113
67.6113
67.6113
67.6113
67.6113
67.6113
67.6113
67.6113
67.6113
67.6113
67.6113
67.6113
67.6113
67.6113
67.6113
67.6113
67.6113
67.6113
67.6113
67.6113
67.6113
67.6113
67.6113
67.6113
67.6113
67.6113
67.6113
67.6113
67.6113
67.6113
67.6113
67.6113
67.6113
67.6113
67.6113
67.6113
67.6113
67.6113
67.6113
67.6113
67.6113
67.6113
67.6113
67.6113
67.6113
67.6113
67.6113
67.6113
67.6113
67.6113
67.6113
67.6113
67.6113
67.6113
67.6113
67.6113
67.6113
67.6113
67.6113
67.6113
67.6113
67.6113
67.6113
67.6113
67.6113
67.6113
67.6113
67.6113
67.6113
67.6113
67.6113
67.6113
67.6113
67.6113
67.6113
67.6113
67.6113
67.6113
67.6113
67.6113
67.6113
67.6113
67.6113
67.6113
67.6113
67.6113
67.6113
67.6113
67.6113
67.6113
67.6113
67.6113
67.6113
67.6113
67.6113
67.6113
67.6113
67.6113
67.6113
67.6113
67.6113
67.6113
67.6113
67.6113
67.6113
67.6113
67.6113
67.6113
67.6113
67.6113
67.6113
67.6113
67.6113
67.6113
67.6113
67.6113
67.6113
67.6113
67.6113
67.6113
67.6113
67.6113
67.6113
67.6113
67.6113
67.6113
67.6113
67.6113
67.6113
67.6113
67.6113
67.6113
67.6113
67.6113
67.6113
67.6113
67.6113
67.6113
67.6113
67.6113
67.6113
67.6113
67.6113
67.6113
67.6113
67.6113
67.6113
67.6113
67.6113
67.6113
67.6113
67.6113
67.6113
67.6113
67.6113
67.6113
67.6113
67.6113
67.6113
67.6113
67.6113
67.6113
67.6113
67.6113
67.6113
67.6113
67.6113
67.6113
67.6113
67.6113
67.6113
67.6113
67.6113
67.6113
67.6113
67.6113
67.6113
67.6113
67.6113
67.6113
67.6113
67.6113
67.6113
67.6113
67.6113
67.6113
67.6113
67.6113
67.6113
67.6113
67.6113
66.4831
66.4831
66.4831
66.457
66.457
66.457
66.457
66.457
66.457
66.457
66.457
66.457
66.457
66.457
66.457
66.457
66.457
66.457
66.3501
66.3501
66.3501
66.3501
66.3501
66.3501
66.3501
66.3501
66.3501
66.3501
66.3501
66.3501
66.3501
66.3501
66.3501
66.3501
66.3501
66.3501
66.3501
66.3501
66.3501
66.3501
66.3501
66.3501
66.3501
66.3501
66.3501
66.3501
66.3501
66.3501
66.3501
66.3501
66.3501
66.3501
66.3501
66.3501
66.3501
66.3501
66.3501
66.3501
66.3501
66.3501
66.3501
66.3501
66.3501
66.3501
66.3501
66.3501
66.3501
66.3501
66.3501
66.3501
66.3501
66.3501
66.3501
66.3501
66.3501
66.3501
66.3501
66.3501
66.3501
66.3501
66.3501
66.3501
66.3501
66.3501
66.3501
66.3501
66.3501
66.3501
66.3501
66.3501
66.3501
66.3501
66.3501
66.3501
66.3501
66.3501
66.3501
66.3501
66.3501
66.3501
66.3501
66.3501
66.3501
66.3501
66.3501
66.3501
66.3501
66.3501
66.3501
66.3501
66.3501
66.3501
66.3501
66.3501
66.3501
66.3501
66.3501
66.3501
66.3501
66.3501
66.3501
66.3501
66.3501
66.3501
66.3501
66.3501
66.3501
66.3501
66.3501
66.3501
66.3501
66.3501
66.3501
66.311
66.311
66.311
66.311
66.311
66.311
66.311
66.311
66.311
66.311
66.311
66.311
66.311
66.311
66.311
65.8127
65.8127
65.8127
65.8127
65.8127
65.8127
65.8127
65.8127
65.8127
65.8127
65.8127
65.8127
65.8127
65.8127
65.8127
65.8127
65.8127
65.8127
65.8127
65.8127
65.8127
65.8127
65.8127
65.8127
65.8127
65.8127
65.8127
65.8127
65.8127
65.8127
65.8127
65.8127
65.8127
65.8127
65.8127
65.8127
65.8127
65.8127
65.8127
65.8127
65.8127
65.8127
65.8127
65.8127
65.8127
65.8127
65.8127
65.8127
65.8127
65.8127
65.8127
65.8127
65.8127
65.8127
65.8127
65.8127
65.8127
65.8127
65.8127
65.8127
65.8127
65.8127
65.8127
65.8127
65.8127
65.8127
65.8127
65.8127
65.8127
65.8127
65.8127
65.8127
65.8127
65.8127
65.8127
65.8127
65.8127
65.8127
65.8127
65.8127
65.8127
65.8127
65.8127
65.8127
65.8127
65.8127
65.8127
65.8127
65.8127
65.8127
65.8127
65.8127
65.8127
65.8127
65.8127
65.8127
65.8127
65.8127
65.8127
65.8127
65.8127
65.8127
65.8127
65.8127
65.8127
65.8127
65.8127
65.8127
65.8127
65.8127
65.8127
65.8127
65.8127
65.8127
65.8127
65.8127
65.8127
65.8127
65.8127
65.8127
65.8127
65.8127
65.8127
65.8127
65.8127
65.8127
65.8127
65.8127
65.8127
65.8127
65.8127
65.8127
65.8127
65.8127
65.8127
65.8127
65.8127
65.8127
65.8127
65.8127
65.8127
65.8127
65.8127
65.8127
65.8127
65.8127
65.8127
65.8127
65.8127
65.8127
65.8127
65.8127
65.8127
65.8127
65.8127
65.8127
65.8127
65.8127
65.8127
65.8127
65.8127
65.8127
65.8127
65.8127
65.8127
65.8127
65.8127
65.8127
65.8127
65.8127
65.8127
65.8127
65.8127
65.8127
65.8127
65.8127
65.8127
65.8127
65.8127
65.8127
65.8127
65.8127
65.8127
65.8127
65.8127
65.8127
65.8127
65.8127
65.8127
65.8127
65.8127
65.8127
65.8127
65.8127
65.8127
65.8127
65.8127
65.8127
65.8127
65.8127
65.8127
65.8127
65.8127
65.8127
65.8127
65.8127
65.8127
65.8127
65.8127
65.8127
65.8127
65.8127
65.8127
65.8127
65.8127
65.8127
65.8127
65.8127
65.8127
65.8127
65.8127
65.8127
65.8127
65.8127
65.8127
65.8127
65.8127
65.8127
65.8127
65.8127
65.8127
65.8127
65.8127
65.8127
65.8127
65.8127
65.8127
65.8127
65.8127
65.8127
65.8127
65.8127
65.8127
65.8127
65.8127
65.8127
65.8127
65.8127
65.8127
65.8127
65.8127
65.8127
65.8127
65.8127
65.8127
65.8127
65.8127
65.8127
65.8127
65.8127
65.8127
65.8127
65.8127
65.8127
65.8127
65.8127
65.8127
65.8127
65.8127
65.8127
65.8127
65.8127
65.8127
65.8127
65.8127
65.8127
65.8127
65.8127
65.8127
65.8127
65.8127
65.8127
65.8127
65.8127
65.8127
65.8127
65.8127
65.8127
65.8127
65.8127
65.8127
65.8127
65.8127
65.8127
65.8127
65.8127
65.8127
65.8127
65.8127
65.8127
65.8127
65.8127
65.8127
65.8127
65.8127
65.8127
65.8127
65.8127
65.8127
65.8127
65.8127
65.8127
65.8127
65.8127
65.8127
65.8127
65.8127
65.8127
65.8127
65.8127
65.8127
65.8127
65.8127
65.8127
65.8127
65.8127
65.8127
65.8127
65.8127
65.8127
65.8127
65.8127
65.8127
65.8127
65.8127
65.8127
65.8127
65.8127
65.8127
65.8127
65.8127
65.8127
65.8127
65.8127
65.8127
65.8127
65.8127
65.8127
65.8127
65.8127
65.8127
65.8127
65.8127
65.8127
65.8127
65.8127
65.8127
65.8127
65.8127
65.8127
65.8127
65.8127
65.8127
65.8127
65.8127
65.8127
65.8127
65.8127
65.8127
65.8127
65.8127
65.8127
65.8127
65.8127
65.8127
65.8127
65.8127
65.8127
65.8127
65.8127
65.8127
65.8127
65.8127
65.8127
65.8127
65.8127
65.8127
65.8127
65.8127
65.8127
65.8127
65.8127
65.8127
65.8127
65.8127
65.8127
65.8127
65.8127
65.8127
65.8127
65.8127
65.8127
65.8127
65.8127
65.8127
65.8127
65.8127
65.8127
65.8127
65.8127
65.8127
65.8127
65.8127
65.8127
65.8127
65.8127
65.8127
65.8127
65.8127
65.8127
65.8127
65.8127
65.8127
65.8127
65.8127
65.8127
65.8127
65.8127
65.8127
65.8127
65.8127
65.8127
65.8127
65.8127
65.8127
65.8127
65.8127
65.8127
65.8127
65.8127
65.8127
65.8127
65.8127
65.8127
65.8127
65.8127
65.8127
65.8127
65.8127
65.8127
65.8127
65.8127
65.8127
65.8127
65.8127
65.8127
65.8127
65.8127
65.8127
65.8127
65.8127
65.8127
65.8127
65.8127
65.8127
65.8127
65.8127
65.8127
65.8127
65.8127
65.8127
65.8127
65.8127
65.8127
65.8127
65.8127
65.8127
65.8127
65.8127
65.8127
65.8127
65.8127
65.8127
65.8127
65.8127
65.8127
65.8127
65.8127
65.8127
65.8127
65.8127
65.8127
65.8127
65.8127
65.8127
65.8127
65.8127
65.8127
65.8127
65.8127
65.8127
65.8127
65.8127
65.8127
65.8127
65.8127
65.8127
65.8127
65.8127
65.8127
65.8127
65.8127
65.8127
65.8127
65.8127
65.8127
65.8127
65.8127
65.8127
65.8127
65.8127
65.8127
65.8127
65.8127
65.8127
65.8127
65.8127
65.8127
65.8127
65.8127
65.8127
65.8127
65.8127
65.8127
65.8127
65.8127
65.8127
65.8127
65.8127
65.8127
65.8127
65.8127
65.8127
65.8127
65.8127
65.8127
65.8127
65.8127
65.8127
65.8127
65.8127
65.8127
65.8127
65.8127
65.8127
65.8127
65.8127
65.8127
65.8127
65.8127
65.8127
65.8127
65.8127
65.8127
65.8127
65.8127
65.8127
65.8127
65.8127
65.8127
65.8127
65.8127
65.8127
65.8127
65.8127
65.8127
65.8127
65.8127
65.8127
65.8127
65.8127
65.8127
65.8127
65.8127
65.8127
65.8127
65.8127
65.8127
65.8127
65.8127
65.8127
65.8127
65.8127
65.8127
65.8127
65.8127
65.8127
65.8127
65.8127
65.8127
65.8127
65.8127
65.8127
65.8127
65.8127
65.8127
65.8127
65.8127
65.8127
65.8127
65.8127
65.8127
65.8127
65.8127
65.8127
65.8127
65.8127
65.8127
65.8127
65.8127
65.8127
65.8127
65.8127
65.8127
65.8127
65.8127
65.8127
65.8127
65.8127
65.8127
65.8127
65.8127
65.8127
65.8127
65.8127
65.8127
65.8127
65.8127
65.8127
65.8127
65.8127
65.8127
65.8127
65.8127
65.8127
65.8127
65.8127
65.8127
65.8127
65.8127
65.8127
65.8127
65.8127
65.8127
65.8127
65.8127
65.8127
65.8127
65.8127
65.8127
65.8127
65.8127
65.8127
65.8127
65.8127
65.8127
65.8127
65.8127
65.8127
65.8127
65.8127
65.8127
65.8127
65.8127
65.8127
65.8127
65.8127
65.8127
65.8127
65.8127
65.8127
65.8127
65.8127
65.8127
65.8127
65.8127
65.8127
65.8127
65.8127
65.8127
65.8127
65.8127
65.8127
65.8127
65.8127
65.8127
65.8127
65.8127
65.8127
65.8127
65.8127
65.8127
65.8127
65.8127
65.8127
65.8127
65.8127
65.8127
65.8127
65.8127
65.8127
65.8127
65.8127
65.8127
65.8127
65.8127
65.8127
65.8127
65.8127
65.8127
65.8127
65.8127
65.8127
65.8127
65.8127
65.8127
65.8127
65.8127
65.8127
65.8127
65.8127
65.8127
65.8127
65.8127
65.8127
65.8127
65.8127
65.8127
65.8127
65.8127
65.8127
65.8127
65.8127
65.8127
65.8127
65.8127
65.8127
65.8127
65.8127
65.8127
65.8127
65.8127
65.8127
65.8127
65.8127
65.8127
65.8127
65.8127
65.8127
65.8127
65.8127
65.8127
65.8127
65.8127
65.8127
65.8127
65.8127
65.8127
65.8127
65.8127
65.8127
65.8127
65.8127
65.8127
65.8127
65.8127
65.8127
65.8127
65.8127
65.8127
65.8127
65.8127
65.8127
65.8127
65.8127
65.8127
65.8127
65.8127
65.8127
65.8127
65.8127
65.8127
65.8127
65.8127
65.8127
65.8127
65.8127
65.8127
65.8127
65.8127
65.8127
65.8127
65.8127
65.8127
65.8127
65.8127
65.8127
65.8127
65.8127
65.8127
65.8127
65.8127
65.8127
65.8127
65.8127
65.8127
65.8127
65.8127
65.8127
65.8127
65.8127
65.8127
65.8127
65.8127
65.8127
65.8127
65.8127
65.8127
65.8127
65.8127
65.8127
65.8127
65.8127
65.8127
65.8127
65.8127
65.8127
65.8127
65.8127
65.8127
65.8127
65.8127
65.8127
65.8127
65.8127
65.8127
65.8127
65.8127
65.8127
65.8127
65.8127
65.8127
65.8127
65.8127
65.8127
65.8127
65.8127
65.8127
65.8127
65.8127
65.8127
65.8127
65.8127
65.8127
65.8127
65.8127
65.8127
65.8127
65.8127
65.8127
65.8127
65.8127
65.8127
65.8127
65.8127
65.8127
65.8127
65.8127
65.8127
65.8127
65.8127
65.8127
65.8127
65.8127
65.8127
65.8127
65.8127
65.8127
65.8127
65.8127
65.8127
65.8127
65.8127
65.8127
65.8127
65.8127
65.8127
65.8127
65.8127
65.8127
65.8127
65.8127
65.8127
65.8127
65.8127
65.8127
65.8127
65.8127
65.8127
65.8127
65.8127
65.8127
65.8127
65.8127
65.8127
65.8127
65.8127
65.8127
65.8127
65.8127
65.8127
65.8127
65.8127
65.8127
65.8127
65.8127
65.8127
65.8127
65.8127
65.8127
65.8127
65.8127
65.8127
65.8127
65.8127
65.8127
65.8127
65.8127
65.8127
65.8127
65.8127
65.8127
65.8127
65.8127
65.8127
65.8127
65.8127
65.8127
65.8127
65.8127
65.8127
65.8127
65.8127
65.8127
65.8127
65.8127
65.8127
65.8127
65.8127
65.8127
65.8127
65.8127
65.8127
65.8127
65.8127
65.8127
65.8127
65.8127
65.8127
65.8127
65.8127
65.8127
65.8127
65.8127
65.8127
65.8127
65.8127
65.8127
65.8127
65.8127
65.8127
65.8127
65.8127
65.8127
65.8127
65.8127
65.8127
65.8127
65.8127
65.8127
65.8127
65.8127
65.8127
65.8127
65.8127
65.8127
65.8127
65.8127
65.8127
65.8127
65.8127
65.8127
65.8127
65.8127
65.8127
65.8127
65.8127
65.8127
65.8127
65.8127
65.8127
65.8127
65.8127
65.8127
65.8127
65.8127
65.8127
65.8127
65.8127
65.8127
65.8127
65.8127
65.8127
65.8127
65.8127
65.8127
65.8127
65.8127
65.8127
65.8127
65.8127
65.8127
65.8127
65.8127
65.8127
65.8127
65.8127
65.8127
65.8127
65.8127
65.8127
65.8127
65.8127
65.8127
65.8127
65.8127
65.8127
65.8127
65.8127
65.8127
65.8127
65.8127
65.8127
65.8127
65.8127
65.8127
65.8127
65.8127
65.8127
65.8127
65.8127
65.8127
65.8127
65.8127
65.8127
65.8127
65.8127
65.8127
65.8127
65.8127
65.8127
65.8127
65.8127
65.8127
65.8127
65.8127
65.8127
65.8127
65.8127
65.8127
65.8127
65.8127
65.8127
65.8127
65.8127
65.8127
65.8127
65.8127
65.8127
65.8127
65.8127
65.8127
65.8127
65.8127
65.8127
65.8127
65.8127
65.8127
65.8127
65.8127
65.8127
65.8127
65.8127
65.8127
65.8127
65.8127
65.8127
65.8127
65.8127
65.8127
65.8127
65.8127
65.8127
65.8127
65.8127
65.8127
65.8127
65.8127
65.8127
65.8127
65.8127
65.8127
65.8127
65.8127
65.8127
65.8127
65.8127
65.8127
65.8127
65.8127
65.8127
65.8127
65.8127
65.8127
65.8127
65.8127
65.8127
65.8127
65.8127
65.8127
65.8127
65.8127
65.8127
65.8127
65.8127
65.8127
65.8127
65.8127
65.8127
65.8127
65.8127
65.8127
65.8127
65.8127
65.8127
65.8127
65.8127
65.8127
65.8127
65.8127
65.8127
65.8127
65.8127
65.8127
65.8127
65.8127
65.8127
65.8127
65.8127
65.8127
65.8127
65.8127
65.8127
65.8127
65.8127
65.8127
65.8127
65.8127
65.8127
65.8127
65.8127
65.8127
65.8127
65.8127
65.8127
65.8127
65.8127
65.8127
65.8127
65.8127
65.8127
65.8127
65.8127
65.8127
65.8127
65.8127
65.8127
65.8127
65.8127
65.8127
65.8127
65.8127
65.8127
65.8127
65.8127
65.8127
65.8127
65.8127
65.8127
65.8127
65.8127
65.8127
65.8127
65.8127
65.8127
65.8127
65.8127
65.8127
65.8127
65.8127
65.8127
65.8127
65.8127
65.8127
65.8127
65.8127
65.8127
65.8127
65.8127
65.8127
65.8127
65.8127
65.8127
65.8127
65.8127
65.8127
65.8127
65.8127
65.8127
65.8127
65.8127
65.8127
65.8127
65.8127
65.8127
65.8127
65.8127
65.8127
65.8127
65.8127
65.8127
65.8127
65.8127
65.8127
65.8127
65.8127
65.8127
65.8127
65.8127
65.8127
65.8127
65.8127
65.8127
65.8127
65.8127
65.8127
65.8127
65.8127
65.8127
65.8127
65.8127
65.8127
65.8127
65.8127
65.8127
65.8127
65.8127
65.8127
65.8127
65.8127
65.8127
65.8127
65.8127
65.8127
65.8127
65.8127
65.8127
65.8127
65.8127
65.8127
65.8127
65.8127
65.8127
65.8127
65.8127
65.8127
65.8127
65.8127
65.8127
65.8127
65.8127
65.8127
65.8127
65.8127
65.8127
65.8127
65.8127
65.8127
65.8127
65.8127
65.8127
65.8127
65.8127
65.8127
65.8127
65.8127
65.8127
65.8127
65.8127
65.8127
65.8127
65.8127
65.8127
65.8127
65.8127
65.8127
65.8127
65.8127
65.8127
65.8127
65.8127
65.8127
65.8127
65.8127
65.8127
65.8127
65.8127
65.8127
65.8127
65.8127
65.8127
65.8127
65.8127
65.8127
65.8127
65.8127
65.8127
65.8127
65.8127
65.8127
65.8127
65.8127
65.7862
65.7862
65.7862
65.7862
65.7862
65.7862
65.7862
65.7862
65.7862
65.7862
65.7862
65.7862
65.7862
65.7862
65.7862
65.7862
65.7862
65.7862
65.7862
65.7862
65.7862
65.7862
65.7862
65.7862
65.7862
65.7862
65.7862
65.7862
65.7862
65.7862
65.7862
65.7862
65.7862
65.7862
65.7862
65.7862
65.7862
65.7862
65.7862
65.7862
65.7862
65.7862
65.7862
65.7862
65.7862
65.7862
65.7862
65.7862
65.7862
65.7862
65.7862
65.7862
65.7862
65.7862
65.7862
65.7862
65.7862
65.7862
65.7862
65.7862
65.7862
65.7862
65.7862
65.7862
65.7862
65.7862
65.7862
65.7862
65.7862
65.7862
65.7862
65.7862
65.7862
65.7862
65.7862
65.7862
65.7862
65.7862
65.7862
65.7862
65.7862
65.7862
65.7862
65.7862
65.7862
65.7862
65.7862
65.7862
65.7862
65.7862
65.7862
65.7862
65.7862
65.7862
65.7862
65.7862
65.7862
65.7862
65.7862
65.7862
65.7862
65.7862
65.7862
65.7862
65.7862
65.7862
65.7862
65.7862
65.7862
65.7862
65.7862
65.7862
65.7862
65.7862
65.7862
65.7862
65.7862
65.7862
65.7862
65.7862
65.7862
65.7862
65.7862
65.7862
65.7862
65.7862
65.7862
65.7862
65.7862
65.7862
65.7862
65.7862
65.7862
65.7862
65.7862
65.7862
65.7862
65.7862
65.7862
65.7862
65.7862
65.7862
65.7862
65.7862
65.7862
65.7862
65.7862
65.7862
65.7862
65.7862
65.7862
65.7862
65.7862
65.7862
65.7862
65.7862
65.7862
65.7862
65.7862
65.7862
65.7862
65.7862
65.7862
65.7862
65.7862
65.7862
65.7862
65.7862
65.7862
65.7862
65.7862
65.7862
65.7862
65.7862
65.7862
65.7862
65.7862
65.7862
65.7862
65.7862
65.7862
65.7862
65.7862
65.7862
65.7862
65.7862
65.7862
65.7862
65.7862
65.7862
65.7862
65.7862
65.7862
65.7862
65.7862
65.7862
65.7862
65.7862
65.7862
65.7862
65.7862
65.7862
65.7862
65.7862
65.7862
65.7862
65.7862
65.7862
65.7862
65.7862
65.7862
65.7862
65.7862
65.7862
65.7862
65.7862
65.7862
65.7862
65.7862
65.7862
65.7862
65.7862
65.7862
65.7862
65.7862
65.7862
65.7862
65.7862
65.7862
65.7862
65.7862
65.7862
65.7862
65.7862
65.7862
65.7862
65.7862
65.7862
65.7862
65.7862
65.7862
65.7862
65.7862
65.7862
65.7862
65.7862
65.7862
65.7862
65.7862
65.7862
65.7862
65.7862
65.7862
65.7862
65.7862
65.7862
65.7862
65.7862
65.7862
65.7862
65.7862
65.7862
65.7862
65.7862
65.7862
65.7862
65.7862
65.7862
65.7862
65.7862
65.7862
65.7862
65.7862
65.7862
65.7862
65.7862
65.7862
65.7862
65.7862
65.7862
65.7862
65.7862
65.7862
65.7862
65.7862
65.7862
65.7862
65.7862
65.7862
65.7862
65.7862
65.7862
65.7862
65.7862
65.7862
65.7862
65.7862
65.7862
65.7862
65.7862
65.7862
65.7862
65.7862
65.7862
65.7862
65.7862
65.7862
65.7862
65.7862
65.7862
65.7862
65.7862
65.7862
65.7862
65.7862
65.7862
65.7862
65.7862
65.7862
65.7862
65.7862
65.7862
65.7862
65.7862
65.7862
65.7862
65.7862
65.7862
65.7862
65.7862
65.7862
65.7862
65.7862
65.7862
65.7862
65.7862
65.7862
65.7862
65.7862
65.7862
65.7862
65.7862
65.7862
65.7862
65.7862
65.7862
65.7862
65.7862
65.7862
65.7862
65.7862
65.7862
65.7862
65.7862
65.7862
65.7862
65.7862
65.7862
65.7862
65.7862
65.7862
65.7862
65.7862
65.7862
65.7862
65.7862
65.7862
65.7862
65.7862
65.7862
65.7862
65.7862
65.7862
65.7862
65.7862
65.7862
65.7862
65.7862
65.7862
65.7862
65.7862
65.7862
65.7862
65.7862
65.7862
65.7862
65.7862
65.7862
65.7862
65.7862
65.7862
65.7862
65.7862
65.7862
65.7862
65.7862
65.7862
65.7862
65.7862
65.7862
65.7862
65.7862
65.7862
65.7862
65.7862
65.7862
65.7862
65.7862
65.7862
65.7862
65.7862
65.7862
65.7862
65.7862
65.7862
65.7862
65.7862
65.7862
65.7862
65.7862
65.7862
65.7862
65.7862
65.7862
65.7862
65.7862
65.7862
65.7862
65.7862
65.7862
65.7862
65.7862
65.7862
65.7862
65.7862
65.7862
65.7862
65.7862
65.7862
65.7862
65.7862
65.7862
65.7862
65.7862
65.7862
65.7862
65.7862
65.7862
65.7862
65.7862
65.7862
65.7862
65.7862
65.7862
65.7862
65.7862
65.7862
65.7862
65.7862
65.7862
65.7862
65.7862
65.7862
65.7862
65.7862
65.7862
65.7862
65.7862
65.7862
65.7862
65.7862
65.7862
65.7862
65.7862
65.7862
65.7862
65.7862
65.7862
65.7862
65.7862
65.7862
65.7862
65.7862
65.7862
65.7862
65.7862
65.7862
65.7862
65.7862
65.7862
65.7862
65.7862
65.7862
65.7862
65.7862
65.7862
65.7862
65.7862
65.7862
65.7862
65.6805
65.6805
65.6805
65.6805
65.6805
65.6805
65.6805
65.6805
65.6805
65.6805
65.6805
65.6805
65.6805
65.6805
65.6805
65.6805
65.6805
65.6805
65.6805
65.6805
65.6805
65.6805
65.6805
65.6805
65.6805
65.6805
65.6805
65.6805
65.6805
65.6805
65.6805
65.6805
65.6805
65.6805
65.6805
65.6805
65.6805
65.6805
65.6805
65.6805
65.6805
65.6805
65.6805
65.6805
65.6805
65.6805
65.6805
65.6805
65.6805
65.6805
65.6805
65.6805
65.6805
65.6805
65.6805
65.6805
65.6805
65.6805
65.6805
65.6805
65.6805
65.6805
65.6805
65.6805
65.6805
65.6805
65.6805
65.6805
65.6805
65.6805
65.6805
65.6805
65.6805
65.6805
65.6805
65.6805
65.6805
65.6805
65.6805
65.6805
65.6805
65.6805
65.6805
65.6805
65.6805
65.6805
65.6805
65.6805
65.6805
65.6805
65.6805
65.6805
65.6805
65.6805
65.6805
65.6805
65.6805
65.6805
65.6805
65.6805
65.6805
65.6805
65.6805
65.6805
65.6805
65.6805
65.6805
65.6805
65.6805
65.6805
65.6805
65.6805
65.6805
65.6805
65.6805
65.6805
65.6805
65.6805
65.6805
65.6805
65.6805
65.6805
65.6805
65.6805
65.6805
65.6805
65.6805
65.6805
65.6805
65.6805
65.6805
65.6805
65.6805
65.6805
65.6805
65.6805
65.6805
65.6805
65.6805
65.6805
65.6805
65.6805
65.6805
65.6805
65.6805
65.6805
65.6805
65.6805
65.6805
65.6805
65.6805
65.6805
65.6805
65.6805
65.6805
65.6805
65.6805
65.6805
65.6805
65.6805
65.6805
65.6805
65.6805
65.6805
65.6805
65.6805
65.6805
65.6805
65.6805
65.6805
65.6805
65.6805
65.6805
65.6805
65.6805
65.6805
65.6805
65.6805
65.6805
65.6805
65.6805
65.6805
65.6805
65.6805
65.6805
65.6805
65.6805
65.6805
65.6805
65.6805
65.6805
65.6805
65.6805
65.6805
65.6805
65.6805
65.6805
65.6805
65.6805
65.6805
65.6805
65.6805
65.6805
65.6805
65.6805
65.6805
65.6805
65.6805
65.6805
65.6805
65.6805
65.6805
65.6805
65.6805
65.6805
65.6805
65.6805
65.6805
65.6805
65.6805
65.6805
65.6805
65.6805
65.6805
65.6805
65.6805
65.6805
65.6805
65.6805
65.6805
65.6805
65.6805
65.6805
65.6805
65.6805
65.6805
65.6805
65.6805
65.6805
65.6805
65.6805
65.6805
65.6805
65.6805
65.6805
65.6805
65.6805
65.6805
65.6805
65.6805
65.6805
65.6805
65.6805
65.6805
65.6805
65.6805
65.6805
65.6805
65.6805
65.6805
65.6805
65.6805
65.6805
65.6805
65.6805
65.6805
65.6805
65.6805
65.6805
65.6805
65.6805
65.6805
65.6805
65.6805
65.6805
65.6805
65.6805
65.6805
65.6805
65.6805
65.6805
65.6805
65.6805
65.6805
65.6805
65.6805
65.6805
65.6805
65.6805
65.6805
65.6805
65.6805
65.6805
65.6805
65.6805
65.6805
65.6805
65.6805
65.6805
65.6805
65.6805
65.6805
65.6805
65.6805
65.6805
65.6805
65.6805
65.6805
65.6805
65.6805
65.6805
65.6805
65.6805
65.6805
65.6805
65.6805
65.6805
65.6805
65.6805
65.6805
65.6805
65.6805
65.6805
65.6805
65.6805
65.6805
65.6805
65.6805
65.6805
65.6805
65.6805
65.6805
65.6805
65.6805
65.6805
65.6805
65.6805
65.6805
65.6805
65.6805
65.6805
65.6805
65.6805
65.6805
65.6805
65.6805
65.6805
65.6805
65.6805
65.6805
65.6805
65.6805
65.6805
65.6805
65.6805
65.6805
65.6805
65.6805
65.6805
65.6805
65.6805
65.6805
65.6805
65.6805
65.6805
65.6805
65.6805
65.6805
65.6805
65.6805
65.6805
65.6805
65.6805
65.6805
65.6805
65.6805
65.6805
65.6805
65.6805
65.6805
65.6805
65.6805
65.6805
65.6805
65.6805
65.6805
65.6805
65.6805
65.6805
65.6805
65.6805
65.6805
65.6805
65.6805
65.6805
65.6805
65.6805
65.6805
65.6805
65.6805
65.6805
65.6805
65.6805
65.6805
65.6805
65.6805
65.6805
65.6805
65.6805
65.6805
65.6805
65.6805
65.6805
65.6805
65.6805
65.6805
65.6805
65.6805
65.6805
65.6805
65.6805
65.6805
65.6805
65.6805
65.6805
65.6805
65.6805
65.6805
65.6805
65.6805
65.6805
65.6805
65.6805
65.6805
65.6805
65.6805
65.6805
65.6805
65.6805
65.6805
65.6805
65.6805
65.6805
65.6805
65.6805
65.6805
65.6805
65.6805
65.6805
65.6805
65.6805
65.6805
65.6805
65.6805
65.6805
65.6805
65.6805
65.6805
65.6805
65.6805
65.6805
65.6805
65.6805
65.6805
65.6805
65.6805
65.6805
65.6805
65.6805
65.6805
65.6805
65.6805
65.6805
65.6805
65.6805
65.6805
65.6805
65.6805
65.6805
65.6805
65.6805
65.6805
65.6805
65.6805
65.6805
65.6805
65.6805
65.6805
65.6805
65.6805
65.6805
65.6805
65.6805
65.6805
65.6805
65.6805
65.6805
65.6805
65.6805
65.6805
65.3401
65.3401
65.3401
65.3401
65.3401
65.3401
65.3401
65.3401
65.3401
65.3401
65.3401
65.3401
65.3401
65.3401
65.3401
65.3401
65.3401
65.3401
65.3401
65.3401
65.3401
65.3401
65.3401
65.3401
65.3401
65.3401
65.3401
65.3401
65.3401
65.3401
65.3401
65.3401
65.3401
65.3401
65.3401
65.3401
65.3401
65.3401
65.3401
65.3401
65.3401
65.3401
65.3401
65.3401
65.3401
65.3401
65.3401
65.3401
65.3401
65.3401
65.3401
65.3401
65.3401
65.3401
65.3401
65.3401
65.3401
65.3401
65.3401
65.3401
65.3401
65.3401
65.3401
65.3401
65.3401
65.3401
65.3401
65.3401
65.3401
65.3401
65.3401
65.3401
65.3401
65.3401
65.3401
65.3401
65.3401
65.3401
65.3401
65.3401
65.3401
65.3401
65.3401
65.3401
65.3401
65.3401
65.3401
65.3401
65.3401
65.3401
65.3401
65.3401
65.3401
65.3401
65.3401
65.3401
65.3401
65.3401
65.3401
65.3401
65.3401
65.3401
65.3401
65.3401
65.3401
65.3401
65.3401
65.3401
65.3401
65.3401
65.3401
65.3401
65.3401
65.3401
65.3401
65.3401
65.3401
65.3401
65.3401
65.3401
65.3401
65.3401
65.3401
65.3401
65.3401
65.3401
65.3401
65.3401
65.3401
65.3401
65.3401
65.3401
65.3401
65.3401
65.3401
65.3401
65.3401
65.3401
65.3401
65.3401
65.3401
65.3401
65.3401
65.3401
65.3401
65.3401
65.3401
65.3401
65.3401
65.3401
65.3401
65.3401
65.3401
65.3401
65.3401
65.3401
65.3401
65.3401
65.3401
65.3401
65.3401
65.3401
65.3401
65.3401
65.3401
65.3401
65.3401
65.3401
65.3401
65.3401
65.3401
65.3401
65.3401
65.3401
65.3401
65.3401
65.3401
65.3401
65.3401
65.3401
65.3401
65.3401
65.3401
65.3401
65.3401
65.3401
65.3401
65.3401
65.3401
65.3401
65.3401
65.3401
65.3401
65.3401
65.3401
65.3401
65.3401
65.3401
65.3401
65.3401
65.3401
65.3401
65.3401
65.3401
65.3401
65.3401
65.3401
65.3401
65.3401
65.3401
65.3401
65.3401
65.3401
65.3401
65.3401
65.3401
65.3401
65.3401
65.3401
65.3401
65.3401
65.3401
65.3401
65.3401
65.3401
65.3401
65.3401
65.3401
65.3401
65.3401
65.3401
65.3401
65.3401
65.3401
65.3401
65.3401
65.3401
65.3401
65.3401
65.3401
65.3401
65.3401
65.3401
65.3401
65.3401
65.3401
65.3401
65.3401
65.3401
65.3401
65.3401
65.3401
65.3401
65.3401
65.3401
65.3401
65.3401
65.3401
65.3401
65.3401
65.3401
65.3401
65.3401
65.3401
65.3401
65.3401
65.3401
65.3401
65.3401
65.3401
65.3401
65.3401
65.3401
65.3401
65.3401
65.3401
65.3401
65.3401
65.3401
65.3401
65.3401
65.3401
65.3401
65.3401
65.3401
65.3401
65.3401
65.3401
65.3401
65.3401
65.3401
65.3401
65.3401
65.3401
65.3401
65.3401
65.3401
65.3401
65.3401
65.3401
65.3401
65.3401
65.3401
65.3401
65.3401
65.3401
65.3401
65.3401
65.3401
65.3401
65.3401
65.3401
65.3401
65.3401
65.3401
65.3401
65.3401
65.3401
65.3401
65.3401
65.3401
65.3401
65.3401
65.3401
65.3401
65.3401
65.3401
65.3401
65.3401
65.3401
65.3401
65.3401
65.3401
65.3401
65.3401
65.3401
65.3401
65.3401
65.3401
65.3401
65.3401
65.3401
65.3401
65.3401
65.3401
65.3401
65.3401
65.3401
65.3401
65.3401
65.3401
65.3401
65.3401
65.3401
65.3401
65.3401
65.3401
65.3401
65.3401
65.3401
65.3401
65.3401
65.3401
65.3401
65.3401
65.3401
65.3401
65.3401
65.3401
65.3401
65.3401
65.3401
65.3401
65.3401
65.3401
65.3401
65.3401
65.3401
65.3401
65.3401
65.3401
65.3401
65.3401
65.3401
65.3401
65.3401
65.3401
65.3401
65.3401
65.3401
65.3401
65.3401
65.3401
65.3401
65.3401
65.3401
65.3401
65.3401
65.3401
65.3401
65.3401
65.3401
65.3401
65.3401
65.3401
65.3401
65.3401
65.3401
65.3401
65.3401
65.3401
65.3401
65.3401
65.3401
65.3401
65.3401
65.3401
65.3401
65.3401
65.3401
65.3401
65.3401
65.3401
65.3401
65.3401
65.3401
65.3401
65.3401
65.3401
65.3401
65.3401
65.3401
65.3401
65.3401
65.3401
65.3401
65.3401
65.3401
65.3401
65.3401
65.3401
65.3401
65.3401
65.3401
65.3401
65.3401
65.3401
65.3401
65.3401
65.3401
65.3401
65.3401
65.3401
65.3401
65.3401
65.3401
65.3401
65.3401
65.3401
65.3401
65.3401
65.3401
65.3401
65.3401
65.3401
65.3401
65.3401
65.3401
65.3401
65.3401
65.3401
65.3401
65.3401
65.3401
65.3401
65.3401
65.3401
65.3401
65.3401
65.3401
65.3401
65.3401
65.3401
65.3401
65.3401
65.3401
65.3401
65.3401
65.3401
65.3401
65.3401
65.3401
65.3401
65.3401
65.3401
65.3401
65.3401
65.3401
65.3401
65.3401
65.1253
65.1253
65.1253
65.1253
65.1253
65.1253
65.1253
65.1253
65.1253
65.1253
65.1253
65.1253
65.1253
65.1253
65.1253
65.1253
65.1253
65.1253
65.1253
65.1253
65.1253
65.1253
65.1253
65.1253
65.1253
65.1253
65.1253
65.1253
65.1253
65.1253
65.1253
65.1253
65.1253
65.1253
65.1253
65.1253
65.1253
65.1253
65.1253
65.1253
65.1253
65.1253
65.1253
65.1253
65.1253
65.1253
65.1253
65.1253
65.1253
65.1253
65.1253
65.1253
65.1253
65.1253
65.1253
65.1253
65.1253
65.1253
65.1253
65.1253
65.1253
65.1253
65.1253
65.1253
65.1253
65.1253
65.1253
65.1253
65.1253
65.1253
65.1253
65.1253
65.1253
65.1253
65.1253
65.1253
65.1253
65.1253
65.1253
65.1253
65.1253
65.1253
65.1253
65.1253
65.1253
65.1253
65.1253
65.1253
65.1253
65.1253
65.1253
65.1253
65.1253
65.1253
65.1253
65.1253
65.1253
65.1253
65.1253
65.1253
65.1253
65.1253
65.1253
65.1253
65.1253
65.1253
65.1253
65.1253
65.1253
65.1253
65.1253
65.1253
65.1253
65.1253
65.1253
65.1253
65.1253
65.1253
65.1253
65.1253
65.1253
65.1253
65.1253
65.1253
65.1253
65.1253
65.1253
65.1253
65.1253
65.1253
65.1253
65.1253
65.1253
65.1253
65.1253
65.1253
65.1253
65.1253
65.1253
65.1253
65.1253
65.1253
65.1253
65.1253
65.1253
65.1253
65.1253
65.1253
65.1253
65.1253
65.1253
65.1253
65.1253
65.1253
65.1253
65.1253
65.1253
65.1253
65.1253
65.1253
65.1253
65.1253
65.1253
65.1253
65.1253
65.1253
65.1253
65.1253
65.1253
65.1253
65.1253
65.1253
65.1253
65.1253
65.1253
65.1253
65.1253
65.1253
65.1253
65.1253
65.1253
65.1253
65.1253
65.1253
65.1253
65.1253
65.1253
65.1253
65.1253
65.1253
65.1253
65.1253
65.1253
65.1253
65.1253
65.1253
65.1253
65.1253
65.1253
65.1253
65.1253
65.1253
65.1253
65.1253
65.1253
65.1253
65.1253
65.1253
65.1253
65.1253
65.1253
65.1253
65.1253
65.1253
65.1253
65.1253
65.1253
65.1253
65.1253
65.1253
65.1253
65.1253
65.1253
65.1253
65.1253
65.1253
65.1253
65.1253
65.1253
65.1253
65.1253
65.1253
65.1253
65.1253
65.1253
65.1253
65.1253
65.1253
65.1253
65.1253
65.1253
65.1253
65.1253
65.1253
65.1253
65.1253
65.1253
65.1253
65.1253
65.1253
65.1253
65.1253
65.1253
65.1253
65.1253
65.1253
65.1253
65.1253
65.1253
65.1253
65.1253
65.1253
65.1253
65.1253
65.1253
65.1253
65.1253
65.1253
65.1253
65.1253
65.1253
65.1253
65.1253
65.1253
65.1253
65.1253
65.1253
65.1253
65.1253
65.1253
65.1253
65.1253
65.1253
65.1253
65.1253
65.1253
65.1253
65.1253
65.1253
65.1253
65.1253
65.1253
65.1253
65.1253
65.1253
65.1253
65.1253
65.1253
65.1253
65.1253
65.1253
65.1253
65.1253
65.1253
65.1253
65.1253
65.1253
65.1253
65.1253
65.1253
65.1253
65.1253
65.1253
65.1253
65.1253
65.1253
65.1253
65.1253
65.1253
65.1253
65.1253
65.1253
65.1253
65.1253
65.1253
65.1253
65.1253
65.1253
65.1253
65.1253
65.1253
65.1253
65.1253
65.1253
65.1253
65.1253
65.1253
65.1253
65.1253
65.1253
65.1253
65.1253
65.1253
65.1253
65.1253
65.1253
65.1253
65.1253
65.1253
65.1253
65.1253
65.1253
65.1253
65.1253
65.1253
65.1253
65.1253
65.1253
65.1253
65.1253
65.1253
65.1253
65.1253
65.1253
65.1253
65.1253
65.1253
65.1253
65.1253
65.1253
65.1253
65.1253
65.1253
65.1253
65.1253
65.1253
65.1253
65.1253
65.1253
65.1253
65.1253
65.1253
65.1253
65.1253
65.1253
65.1253
65.1253
65.1253
65.1253
65.1253
65.1253
65.1253
65.1253
65.1253
65.1253
65.1253
65.1253
65.1253
65.1253
65.1253
65.1253
65.1253
65.1253
65.1253
65.1253
65.1253
65.1253
65.1253
65.1253
65.1253
65.1253
65.1253
65.1253
65.1253
65.1253
65.1253
65.1253
65.1253
65.1253
65.1253
65.1253
65.1253
65.1253
65.1253
65.1253
65.1253
65.1253
65.1253
65.1253
65.1253
65.1253
65.1253
65.1253
65.1253
65.1253
65.1253
65.1253
65.1253
65.1253
65.1253
65.1253
65.1253
65.1253
65.1253
65.1253
65.1253
65.1253
65.1253
65.1253
65.1253
65.1253
65.1253
65.1253
65.1253
65.1253
65.1253
65.1253
65.1253
65.1253
65.1253
65.1253
65.1253
65.1253
65.1253
65.1253
65.1253
65.1253
65.1253
65.1253
65.1253
65.1253
65.1253
65.1253
65.1253
65.1253
65.1253
65.1253
65.1253
65.1253
65.1253
65.1253
65.1253
65.1253
65.1253
65.1253
65.1253
65.1253
65.1253
65.1253
65.1253
65.1253
65.1253
65.1253
65.1253
65.1253
65.1253
65.1253
65.1253
65.1253
65.1253
65.1253
65.1253
65.1253
65.1253
65.1253
65.1253
65.1253
65.1253
65.1253
65.1253
65.1253
65.1253
65.1253
65.1253
65.1253
65.1253
65.1253
65.1253
65.1253
65.1253
65.1253
65.1253
65.1253
65.1253
65.1253
65.1253
65.1253
65.1253
65.1253
65.1253
65.1253
65.1253
65.1253
65.1253
65.1253
65.1253
65.1253
65.1253
65.1253
65.1253
65.1253
65.1253
65.1253
65.1253
65.1253
65.1253
65.1253
65.1253
65.1253
65.1253
65.1253
65.1253
65.1253
65.1253
65.1253
65.1253
65.1253
65.1253
65.1253
65.1253
65.1253
65.1253
65.1253
65.1253
65.1253
65.1253
65.1253
65.1253
65.1253
65.1253
65.1253
65.1253
65.1253
65.1253
65.1253
65.1253
65.1253
65.1253
65.1253
65.1253
65.1253
65.1253
65.1253
65.1253
65.1253
65.1253
65.1253
65.1253
65.1253
65.1253
65.1253
65.1253
65.1253
65.1253
65.1253
65.1253
65.1253
65.1253
65.1253
65.1253
65.1253
65.1253
65.1253
65.1253
65.1253
65.1253
65.1253
65.1253
65.1253
65.1253
65.1253
65.1253
65.1253
65.1253
65.1253
65.1253
65.1253
65.1253
65.1253
65.1253
65.1253
65.1253
65.1253
65.1253
65.1253
65.1253
65.1253
65.1253
65.1253
65.1253
65.1253
65.1253
65.1253
65.1253
65.1253
65.1253
65.1253
65.1253
65.1253
65.1253
65.1253
65.1253
65.1253
65.1253
65.1253
65.1253
65.1253
65.1253
65.1253
65.1253
65.1253
65.1253
65.1253
65.1253
65.1253
65.1253
65.1253
65.1253
65.1253
65.1253
65.1253
65.1253
65.1253
65.1253
65.1253
65.1253
65.1253
65.1253
65.1253
65.1253
65.1253
65.1253
65.1253
65.1253
65.1253
65.1253
65.1253
65.1253
65.1253
65.1253
65.1253
65.1253
65.1253
65.1253
65.1253
65.1253
65.1253
65.1253
65.1253
65.1253
65.1253
65.1253
65.1253
65.1253
65.1253
65.1253
65.1253
65.1253
65.1253
65.1253
65.1253
65.1253
65.1253
65.1253
65.1253
65.1253
65.1253
65.1253
65.1253
65.1253
65.1253
65.1253
65.1253
65.1253
65.1253
65.1253
65.1253
65.1253
65.1253
65.1253
65.1253
65.1253
65.1253
65.1253
65.1253
65.1253
65.1253
65.1253
65.1253
65.1253
65.1253
65.1253
65.1253
65.1253
65.1253
65.1253
65.1253
65.1253
65.1253
65.1253
65.1253
65.1253
65.1253
65.1253
65.1253
65.1253
65.1253
65.1253
65.1253
65.1253
65.1253
65.1253
65.1253
65.1253
65.1253
65.1253
65.1253
65.1253
65.1253
65.1253
65.1253
65.1253
65.1253
65.1253
65.1253
65.1253
65.1253
65.1253
65.1253
65.1253
65.1253
65.1253
65.1253
65.1253
65.1253
65.1253
65.1253
65.1253
65.1253
65.1253
65.1253
65.1253
65.1253
65.1253
65.1253
65.1253
65.1253
65.1253
65.1253
65.1253
65.1253
65.1253
65.1253
65.1253
65.1253
65.1253
65.1253
65.1253
65.1253
65.1253
65.1253
65.1253
65.1253
65.1253
65.1253
65.1253
65.1253
65.1253
65.1253
65.1253
65.1253
65.1253
65.1253
65.1253
65.1253
65.1253
65.1253
65.1253
65.1253
65.1253
65.1253
65.1253
65.1253
65.1253
65.1253
65.1253
65.1253
65.1253
65.1253
65.1253
65.1253
65.1253
65.1253
65.1253
65.1253
65.1253
65.1253
65.1253
65.1253
65.1253
65.1253
65.1253
65.1253
65.1253
65.1253
65.1253
65.1253
65.1253
65.1253
65.1253
65.1253
65.1253
65.1253
65.1253
65.1253
65.1253
65.1253
65.1253
65.1253
65.1253
65.1253
65.1253
65.1253
65.1253
65.1253
65.1253
65.1253
65.1253
65.1253
65.1253
65.1253
65.1253
65.1253
65.1253
65.1253
65.1253
65.1253
65.1253
65.1253
65.1253
65.1253
65.1253
65.1253
65.1253
65.1253
65.1253
65.1253
65.1253
65.1253
65.1253
65.1253
65.1253
65.1253
65.1253
65.1253
65.1253
65.1253
65.1253
65.1253
65.1253
65.1253
65.1253
65.1253
65.1253
65.1253
65.1253
65.1253
65.1253
65.1253
65.1253
65.1253
65.1253
65.1253
65.1253
65.1253
65.1253
65.1253
65.1253
65.1253
65.1253
65.1253
65.1253
65.1253
65.1253
65.1253
65.1253
65.1253
65.1253
65.1253
65.1253
65.1253
65.1253
65.1253
65.1253
65.1253
65.1253
65.1253
65.1253
65.1253
65.1253
65.1253
65.1253
65.1253
65.1253
65.1253
65.1253
65.1253
65.1253
65.1253
65.1253
65.1253
65.1253
65.1253
65.1253
65.1253
65.1253
65.1253
65.1253
65.1253
65.1253
65.1253
65.1253
65.1253
65.1253
65.1253
65.1253
65.1253
65.1253
65.1253
65.1253
65.1253
65.1253
65.1253
65.1253
65.1253
65.1253
65.1253
65.1253
65.1253
65.1253
65.1253
65.1253
65.1253
65.1253
65.1253
65.1253
65.1253
65.1253
65.1253
65.1253
65.1253
65.1253
65.1253
65.1253
65.1253
65.1253
65.1253
65.1253
65.1253
65.1253
65.1253
65.1253
65.1253
65.1253
65.1253
65.1253
65.1253
65.1253
65.1253
65.1253
65.1253
65.1253
65.1253
65.1253
65.1253
65.1253
65.1253
65.1253
65.1253
65.1253
65.1253
65.1253
65.1253
65.1253
65.1253
65.1253
65.1253
65.1253
65.1253
65.1253
65.1253
65.1253
65.1253
65.1253
65.1253
65.1253
65.1253
65.1253
65.1253
65.1253
65.1253
65.1253
65.1253
65.1253
65.1253
65.1253
65.1253
65.1253
65.1253
65.1253
65.1253
65.1253
65.1253
65.1253
65.1253
65.1253
65.1253
65.1253
65.1253
65.1253
65.1253
65.1253
65.1253
65.1253
65.1253
65.1253
65.1253
65.1253
65.1253
65.1253
65.1253
65.1253
65.1253
65.1253
65.1253
65.1253
65.1253
65.1253
65.1253
65.1253
65.1253
65.1253
65.1253
65.1253
65.1253
65.1253
65.1253
65.1253
65.1253
65.1253
65.1253
65.1253
65.1253
65.1253
65.1253
65.1253
65.1253
65.1253
65.1253
65.1253
65.1253
65.1253
65.1253
65.1253
65.1253
65.1253
65.1253
65.1253
65.1253
65.1253
65.1253
65.1253
65.1253
65.1253
65.1253
65.1253
65.1253
65.1253
65.1253
65.1253
65.1253
65.1253
65.1253
65.1253
65.1253
65.1253
65.1253
65.1253
65.1253
65.1253
65.1253
65.1253
65.1253
65.1253
65.1253
65.1253
65.1253
65.1253
65.1253
65.1253
65.1253
65.1253
65.1253
65.1253
65.1253
65.1253
65.1253
65.1253
65.1253
65.1253
65.1253
65.1253
65.1253
65.1253
65.1253
65.1253
65.1253
65.1253
65.1253
65.1253
65.1253
65.1253
65.1253
65.1253
65.1253
65.1253
65.1253
65.1253
65.1253
65.1253
65.1253
65.1253
65.1253
65.1253
65.1253
65.1253
65.1253
65.1253
65.1253
65.1253
65.1253
65.1253
65.1253
65.1253
65.1253
65.1253
65.1253
65.1253
65.1253
65.1253
65.1253
65.1253
65.1253
65.1253
65.1253
65.1253
65.1253
65.1253
65.1253
65.1253
65.1253
65.1253
65.1253
65.1253
65.1253
65.1253
65.1253
65.1253
65.1253
65.1253
65.1253
65.1253
65.1253
65.1253
65.1253
65.1253
65.1253
65.1253
65.1253
65.1253
65.1253
65.1253
65.1253
65.1253
65.1253
65.1253
65.1253
65.1253
65.1253
65.1253
65.1253
65.1253
65.1253
65.1253
65.1253
65.1253
65.1253
65.1253
65.1253
65.1253
65.1253
65.1253
65.1253
65.1253
65.1253
65.1253
65.1253
65.1253
65.1253
65.1253
65.1253
65.1253
65.1253
65.1253
65.1253
65.1253
65.1253
65.1253
65.1253
65.1253
65.1253
65.1253
65.1253
65.1253
65.1253
65.1253
65.1253
65.1253
65.1253
65.1253
65.1253
65.1253
65.1253
65.1253
65.1253
65.1253
65.1253
65.1253
65.1253
65.1253
65.1253
65.1253
65.1253
65.1253
65.1253
65.1253
65.1253
65.1253
65.1253
65.1253
65.1253
65.1253
65.1253
65.1253
65.1253
65.1253
65.1253
65.1253
65.1253
65.1253
65.1253
65.1253
65.1253
65.1253
65.1253
65.1253
65.1253
65.1253
65.1253
65.1253
65.1253
65.1253
65.1253
65.1253
65.1253
65.1253
65.1253
65.1253
65.1253
65.1253
65.1253
65.1253
65.1253
65.1253
65.1253
65.1253
65.1253
65.1253
65.1253
65.1253
65.1253
65.1253
65.1253
65.1253
65.1253
65.1253
65.1253
65.1253
65.1253
65.1253
65.1253
65.1253
65.1253
65.1253
65.1253
65.1253
65.1253
65.1253
65.1253
65.1253
65.1253
65.1253
65.1253
65.1253
65.1253
65.1253
65.1253
65.1253
65.1253
65.1253
65.1253
65.1253
65.1253
65.1253
65.1253
65.1253
65.1253
65.1253
65.1253
65.1253
65.1253
65.1253
65.1253
65.1253
65.1253
65.1253
65.1253
65.1253
65.1253
65.1253
65.1253
65.1253
65.1253
65.1253
65.1253
65.1253
65.1253
65.1253
65.1253
65.1253
65.1253
65.1253
65.1253
65.1253
65.1253
65.1253
65.1253
65.1253
65.1253
65.1253
65.1253
65.1253
65.1253
65.1253
65.1253
65.1253
65.1253
65.1253
65.1253
65.1253
65.1253
65.1253
65.1253
65.1253
65.1253
65.1253
65.1253
65.1253
65.1253
65.1253
65.1253
65.1253
65.1253
65.1253
65.1253
65.1253
65.1253
65.1253
65.1253
65.1253
65.1253
65.1253
65.1253
65.1253
65.1253
65.1253
65.1253
65.1253
65.1253
65.1253
65.1253
65.1253
65.1253
65.1253
65.1253
65.1253
65.1253
65.1253
65.1253
65.1253
65.1253
65.1253
65.1253
65.1253
65.1253
65.1253
65.1253
65.1253
65.1253
65.1253
65.1253
65.1253
65.1253
65.1253
65.1253
65.1253
65.1253
65.1253
65.1253
65.1253
65.1253
65.1253
65.1253
65.1253
65.1253
65.1253
65.1253
65.1253
65.1253
65.1253
65.1253
65.1253
65.1253
65.1253
65.1253
65.1253
65.1253
65.1253
65.1253
65.1253
65.1253
65.1253
65.1253
65.1253
65.1253
65.1253
65.1253
65.1253
65.1253
65.1253
65.1253
65.1253
65.1253
65.1253
65.1253
65.1253
65.1253
65.1253
65.1253
65.1253
65.1253
65.1253
65.1253
65.1253
65.1253
65.1253
65.1253
65.1253
65.1253
65.1253
65.1253
65.1253
65.1253
65.1253
65.1253
65.1253
65.1253
65.1253
65.1253
65.1253
65.1253
65.1253
65.1253
65.1253
65.1253
65.1253
65.1253
65.1253
65.1253
65.1253
65.1253
65.1253
65.1253
65.1253
65.1253
65.1253
65.1253
65.1253
65.1253
65.1253
65.1253
65.1253
65.1253
65.1253
65.1253
65.1253
65.1253
65.1253
65.1253
65.1253
65.1253
65.1253
65.1253
65.1253
65.1253
65.1253
65.1253
65.1253
65.1253
65.1253
65.1253
65.1253
65.1253
65.1253
65.1253
65.1253
65.1253
65.1253
65.1253
65.1253
65.1253
65.1253
65.1253
65.1253
65.1253
65.1253
65.1253
65.1253
65.1253
65.1253
65.1253
65.1253
65.1253
65.1253
65.1253
65.1253
65.1253
65.1253
65.1253
65.1253
65.1253
65.1253
65.1253
65.1253
65.1253
65.1253
65.1253
65.1253
65.1253
65.1253
65.1253
65.1253
65.1253
65.1253
65.1253
65.1253
65.1253
65.1253
65.1253
65.1253
65.1253
65.1253
65.1253
65.1253
65.1253
65.1253
65.1253
65.1253
65.1253
65.1253
65.1253
65.1253
65.1253
65.1253
65.1253
65.1253
65.1253
65.1253
65.1253
65.1253
65.1253
65.1253
65.1253
65.1253
65.1253
65.1253
65.1253
65.1253
65.1253
65.1253
65.1253
65.1253
65.1253
65.1253
65.1253
65.1253
65.1253
65.1253
65.1253
65.1253
65.1253
65.1253
65.1253
65.1253
65.1253
65.1253
65.1253
65.1253
65.1253
65.1253
65.1253
65.1253
65.1253
65.1253
65.1253
65.1253
65.1253
65.1253
65.1253
65.1253
65.1253
65.1253
65.1253
65.1253
65.1253
65.1253
65.1253
65.1253
65.1253
65.1253
65.1253
65.1253
65.1253
65.1253
65.1253
65.1253
65.1253
65.1253
65.1253
65.1253
65.1253
65.1253
65.1253
65.1253
65.1253
65.1253
65.1253
65.1253
65.1253
65.1253
65.1253
65.1253
65.1253
65.1253
65.1253
65.1253
65.1253
65.1253
65.1253
65.1253
65.1253
65.1253
65.1253
65.1253
65.1253
65.1253
65.1253
65.1253
65.1253
65.1253
65.1253
65.1253
65.1253
65.1253
65.1253
65.1253
65.1253
65.1253
65.1253
65.1253
65.1253
65.1253
65.1253
65.1253
65.1253
65.1253
65.1253
65.1253
65.1253
65.1253
65.1253
65.1253
65.1253
65.1253
65.1253
65.1253
65.1253
65.1253
65.1253
65.1253
65.1253
65.1253
65.1253
65.1253
65.1253
65.1253
65.1253
65.1253
65.1253
65.1253
65.1253
65.1253
65.1253
65.1253
65.1253
65.1253
65.1253
65.1253
65.1253
65.1253
65.1253
65.1253
65.1253
65.1253
65.1253
65.1253
65.1253
65.1253
65.1253
65.1253
65.1253
65.1253
65.1253
65.1253
65.1253
65.1253
65.1253
65.1253
65.1253
65.1253
65.1253
65.1253
65.1253
65.1253
65.1253
65.1253
65.1253
65.1253
65.1253
65.1253
65.1253
65.1253
65.1253
65.1253
65.1253
65.1253
65.1253
65.1253
65.1253
65.1253
65.1253
65.1253
65.1253
65.1253
65.1253
65.1253
65.1253
65.1253
65.1253
65.1253
65.1253
65.1253
65.1253
65.1253
65.1253
65.1253
65.1253
65.1253
65.1253
65.1253
65.1253
65.1253
65.1253
65.1253
65.1253
65.1253
65.1253
65.1253
65.1253
65.1253
65.1253
65.1253
65.1253
65.1253
65.1253
65.1253
65.1253
65.1253
65.1253
65.1253
65.1253
65.1253
65.1253
65.1253
65.1253
65.1253
65.1253
65.1253
65.1253
65.1253
65.1253
65.1253
65.1253
65.1253
65.1253
65.1253
65.1253
65.1253
65.1253
65.1253
65.1253
65.1253
65.1253
65.1253
65.1253
65.1253
65.1253
65.1253
65.1253
65.1253
65.1253
65.1253
65.1253
65.1253
65.1253
65.1253
65.1253
65.1253
65.1253
65.1253
65.1253
65.1253
65.1253
65.1253
65.1253
65.1253
65.1253
65.1253
65.1253
65.1253
65.1253
65.1253
65.1253
65.1253
65.1253
65.1253
65.1253
65.1253
65.1253
65.1253
65.1253
65.1253
65.1253
65.1253
65.1253
65.1253
65.1253
65.1253
65.1253
65.1253
65.1253
65.1253
65.1253
65.1253
65.1253
65.1253
65.1253
65.1253
65.1253
65.1253
65.1253
65.1253
65.1253
65.1253
65.1253
65.1253
65.1253
65.1253
65.1253
65.1253
65.1253
65.1253
65.1253
65.1253
65.1253
65.1253
65.1253
65.1253
65.1253
65.1253
65.1253
65.1253
65.1253
65.1253
65.1253
65.1253
65.1253
65.1253
65.1253
65.1253
65.1253
65.1253
65.1253
65.1253
65.1253
65.1253
65.1253
65.1253
65.1253
65.1253
65.1253
65.1253
65.1253
65.1253
65.1253
65.1253
65.1253
65.1253
65.1253
65.1253
65.1253
65.1253
65.1253
65.1253
65.1253
65.1253
65.1253
65.1253
65.1253
65.1253
65.1253
65.1253
65.1253
65.1253
65.1253
65.1253
65.1253
65.1253
65.1253
65.1253
65.1253
65.1253
65.1253
65.1253
65.1253
65.1253
65.1253
65.1253
65.1253
65.1253
65.1253
65.1253
65.1253
65.1253
65.1253
65.1253
65.1253
65.1253
65.1253
65.1253
65.1253
65.1253
65.1253
65.1253
65.1253
65.1253
65.1253
65.1253
65.1253
65.1253
65.1253
65.1253
65.1253
65.1253
65.1253
65.1253
65.1253
65.1253
65.1253
65.1253
65.1253
65.1253
65.1253
65.1253
65.1253
65.1253
65.1253
65.1253
65.1253
65.1253
65.1253
65.1253
65.1253
65.1253
65.1253
65.1253
65.1253
65.1253
65.1253
65.1253
65.1253
65.1253
65.1253
65.1253
65.1253
65.1253
65.1253
65.1253
65.1253
65.1253
65.1253
65.1253
65.1253
65.1253
65.1253
65.1253
65.1253
65.1253
65.1253
65.1253
65.1253
65.1253
65.1253
65.1253
65.1253
65.1253
65.1253
65.1253
65.1253
65.1253
65.1253
65.1253
65.1253
65.1253
65.1253
65.1253
65.1253
65.1253
65.1253
65.1253
65.1253
65.1253
65.1253
65.1253
65.1253
65.1253
65.1253
65.1253
65.1253
65.1253
65.1253
65.1253
65.1253
65.1253
65.1253
65.1253
65.1253
65.1253
65.1253
65.1253
65.1253
65.1253
65.1253
65.1253
65.1253
65.1253
65.1253
65.1253
65.1253
65.1253
65.1253
65.1253
65.1253
65.1253
65.1253
65.1253
65.1253
65.1253
65.1253
65.1253
65.1253
65.1253
65.1253
65.1253
65.1253
65.1253
65.1253
65.1253
65.1253
65.1253
65.1253
65.1253
65.1253
65.1253
65.1253
65.1253
65.1253
65.1253
65.1253
65.1253
65.1253
65.1253
65.1253
65.1253
65.1253
65.1253
65.1253
65.1253
65.1253
65.1253
65.1253
65.1253
65.1253
65.1253
65.1253
65.1253
65.1253
65.1253
65.1253
65.1253
65.1253
65.1253
65.1253
65.1253
65.1253
65.1253
65.1253
65.1253
65.1253
65.1253
65.1253
65.1253
65.1253
65.1253
65.1253
65.1253
65.1253
65.1253
65.1253
65.1253
65.1253
65.1253
65.1253
65.1253
65.1253
65.1253
65.1253
65.1253
65.1253
65.1253
65.1253
65.1253
65.1253
65.1253
65.1253
65.1253
65.1253
65.1253
65.1253
65.1253
65.1253
65.1253
65.1253
65.1253
65.1253
65.1253
65.1253
65.1253
65.1253
65.1253
65.1253
65.1253
65.1253
65.1253
65.1253
65.1253
65.1253
65.1253
65.1253
65.1253
65.1253
65.1253
65.1253
65.1253
65.1253
65.1253
65.1253
65.1253
65.1253
65.1253
65.1253
65.1253
65.1253
65.1253
65.1253
65.1253
65.1253
65.1253
65.1253
65.1253
65.1253
65.1253
65.1253
65.1253
65.1253
65.1253
65.1253
65.1253
65.1253
65.1253
65.1253
65.1253
65.1253
65.1253
65.1253
65.1253
65.1253
65.1253
65.1253
65.1253
65.1253
65.1253
65.1253
65.1253
65.1253
65.1253
65.1253
65.1253
65.1253
65.1253
65.1253
65.1253
65.1253
65.1253
65.1253
65.1253
65.1253
65.1253
65.1253
65.1253
65.1253
65.1253
65.1253
65.1253
65.1253
65.1253
65.1253
65.1253
65.1253
65.1253
65.1253
65.1253
65.1253
65.1253
65.1253
65.1253
65.1253
65.1253
65.1253
65.1253
65.1253
65.1253
65.1253
65.1253
65.1253
65.1253
65.1253
65.1253
65.1253
65.1253
65.1253
65.1253
65.1253
65.1253
65.1253
65.1253
65.1253
65.1253
65.1253
65.1253
65.1253
65.1253
65.1253
65.1253
65.1253
65.1253
65.1253
65.1253
65.1253
65.1253
65.1253
65.1253
65.1253
65.1253
65.1253
65.1253
65.1253
65.1253
65.1253
65.1253
65.1253
65.1253
65.1253
65.1253
65.1253
65.1253
65.1253
65.1253
65.1253
65.1253
65.1253
65.1253
65.1253
65.1253
65.1253
65.1253
65.1253
65.1253
65.1253
65.1253
65.1253
65.1253
65.1253
65.1253
65.1253
65.1253
65.1253
65.1253
65.1253
65.1253
65.1253
65.1253
65.1253
65.1253
65.1253
65.1253
65.1253
65.1253
65.1253
65.1253
65.1253
65.1253
65.1253
65.1253
65.1253
65.1253
65.1253
65.1253
65.1253
65.1253
65.1253
65.1253
65.1253
65.1253
65.1253
65.1253
65.1253
65.1253
65.1253
65.1253
65.1253
65.1253
65.1253
65.1253
65.1253
65.1253
65.1253
65.1253
65.1253
65.1253
65.1253
65.1253
65.1253
65.1253
65.1253
65.1253
65.1253
65.1253
65.1253
65.1253
65.1253
65.1253
65.1253
65.1253
65.1253
65.1253
65.1253
65.1253
65.1253
65.1253
65.1253
65.1253
65.1253
65.1253
65.1253
65.1253
65.1253
65.1253
65.1253
65.1253
65.1253
65.1253
65.1253
65.1253
65.1253
65.1253
65.1253
65.1253
65.1253
65.1253
65.1253
65.1253
65.1253
65.1253
65.1253
65.1253
65.1253
65.1253
65.1253
65.1253
65.1253
65.1253
65.1253
65.1253
65.1253
65.1253
65.1253
65.1253
65.1253
65.1253
65.1253
65.1253
65.1253
65.1253
65.1253
65.1253
65.1253
65.1253
65.1253
65.1253
65.1253
65.1253
65.1253
65.1253
65.1253
65.1253
65.1253
65.1253
65.1253
65.1253
65.1253
65.1253
65.1253
65.1253
65.1253
65.1253
65.1253
65.1253
65.1253
65.1253
65.1253
65.1253
65.1253
65.1253
65.1253
65.1253
65.1253
65.1253
65.1253
65.1253
65.1253
65.1253
65.1253
65.1253
65.1253
65.1253
65.1253
65.1253
65.1253
65.1253
65.1253
65.1253
65.1253
65.1253
65.1253
65.1253
65.1253
65.1253
65.1253
65.1253
65.1253
65.1253
65.1253
65.1253
65.1253
65.1253
65.1253
65.1253
65.1253
65.1253
65.1253
65.1253
65.1253
65.1253
65.1253
65.1253
65.1253
65.1253
65.1253
65.1253
65.1253
65.1253
65.1253
65.1253
65.1253
65.1253
65.1253
65.1253
65.1253
65.1253
65.1253
65.1253
65.1253
65.1253
65.1253
65.1253
65.1253
65.1253
65.1253
65.1253
65.1253
65.1253
65.1253
65.1253
65.1253
65.1253
65.1253
65.1253
65.1253
65.1253
65.1253
65.1253
65.1253
65.1253
65.1253
65.1253
65.1253
65.1253
65.1253
65.1253
65.1253
65.1253
65.1253
65.1253
65.1253
65.1253
65.1253
65.1253
65.1253
65.1253
65.1253
65.1253
65.1253
65.1253
65.1253
65.1253
65.1253
65.1253
65.1253
65.1253
65.1253
65.1253
65.1253
65.1253
65.1253
65.1253
65.1253
65.1253
65.1253
65.1253
65.1253
65.1253
65.1253
65.1253
65.1253
65.1253
65.1253
65.1253
65.1253
65.1253
65.1253
65.1253
65.1253
65.1253
65.1253
65.1253
65.1253
65.1253
65.1253
65.1253
65.1253
65.1253
65.1253
65.1253
65.1253
65.1253
65.1253
65.1253
65.1253
65.1253
65.1253
65.1253
65.1253
65.1253
65.1253
65.1253
65.1253
65.1253
65.1253
65.1253
65.1253
65.1253
65.1253
65.1253
65.1253
65.1253
65.1253
65.1253
65.1253
65.1253
65.1253
65.1253
65.1253
65.1253
65.1253
65.1253
65.1253
65.1253
65.1253
65.1253
65.1253
65.1253
65.1253
65.1253
65.1253
65.1253
65.1253
65.1253
65.1253
65.1253
65.1253
65.1253
65.1253
65.1253
65.1253
65.1253
65.1253
65.1253
65.1253
65.1253
65.1253
65.1253
65.1253
65.1253
65.1253
65.1253
65.1253
65.1253
65.1253
65.1253
65.1253
65.1253
65.1253
65.1253
65.1253
65.1253
65.1253
65.1253
65.1253
65.1253
65.1253
65.1253
65.1253
65.1253
65.1253
65.1253
65.1253
65.1253
65.1253
65.1253
65.1253
65.1253
65.1253
65.1253
65.1253
65.1253
65.1253
65.1253
65.1253
65.1253
65.1253
65.1253
65.1253
65.1253
65.1253
65.1253
65.1253
65.1253
65.1253
65.1253
65.1253
65.1253
65.1253
65.1253
65.1253
65.1253
65.1253
65.1253
65.1253
65.1253
65.1253
65.1253
65.1253
65.1253
65.1253
65.1253
65.1253
65.1253
65.1253
65.1253
65.1253
65.1253
65.1253
65.1253
65.1253
65.1253
65.1253
65.1253
65.1253
65.1253
65.1253
65.1253
65.1253
65.1253
65.1253
65.1253
65.1253
65.1253
65.1253
65.1253
65.1253
65.1253
65.1253
65.1253
65.1253
65.1253
65.1253
65.1253
65.1253
65.1253
65.1253
65.1253
65.1253
65.1253
65.1253
65.1253
65.1253
65.1253
65.1253
65.1253
65.1253
65.1253
65.1253
65.1253
65.1253
65.1253
65.1253
65.1253
65.1253
65.1253
65.1253
65.1253
65.1253
65.1253
65.1253
65.1253
65.1253
65.1253
65.1253
65.1253
65.1253
65.1253
65.1253
65.1253
65.1253
65.1253
65.1253
65.1253
65.1253
65.1253
65.1253
65.1253
65.1253
65.1253
65.1253
65.1253
65.1253
65.1253
65.1253
65.1253
65.1253
65.1253
65.1253
65.1253
65.1253
65.1253
65.1253
65.1253
65.1253
65.1253
65.1253
65.1253
65.1253
65.1253
65.1253
65.1253
65.1253
65.1253
65.1253
65.1253
65.1253
65.1253
65.1253
65.1253
65.1253
65.1253
65.1253
65.1253
65.1253
65.1253
65.1253
65.1253
65.1253
65.1253
65.1253
65.1253
65.1253
65.1253
65.1253
65.1253
65.1253
65.1253
65.1253
65.1253
65.1253
65.1253
65.1253
65.1253
65.1253
65.1253
65.1253
65.1253
65.1253
65.1253
65.1253
65.1253
65.1253
65.1253
65.1253
65.1253
65.1253
65.1253
65.1253
65.1253
65.1253
65.1253
65.1253
65.1253
65.1253
65.1253
65.1253
65.1253
65.1253
65.1253
65.1253
65.1253
65.1253
65.1253
65.1253
65.1253
65.1253
65.1253
65.1253
65.1253
65.1253
65.1253
65.1253
65.1253
65.1253
65.1253
65.1253
65.1253
65.1253
65.1253
65.1253
65.1253
65.1253
65.1253
65.1253
65.1253
65.1253
65.1253
65.1253
65.1253
65.1253
65.1253
65.1253
65.1253
65.1253
65.1253
65.1253
65.1253
65.1253
65.1253
65.1253
65.1253
65.1253
65.1253
65.1253
65.1253
