445.935
443.661
432.366
429.568
416.059
412.91
406.802
402.475
402.468
397.35
388.841
376.727
368.23
368.23
368.23
368.23
349.458
349.458
343.477
343.477
343.066
342.045
340.558
329.825
329.825
329.825
328.108
328.108
323.242
322.523
322.12
322.12
319.139
319.139
315.265
311.447
311.447
311.447
309.518
303.324
299.586
298.489
297.504
288.941
287.874
287.874
282.405
278.694
275.367
275.367
272.946
272.946
271.812
268.642
268.642
267.711
259.025
259.025
257.118
257.118
257.118
256.016
254.095
252.453
252.453
251.09
251.09
249.922
249.6
248.656
248.656
248.656
247.669
245.234
245.234
245.234
245.234
243.008
243.008
240.838
240.838
240.838
240.838
240.838
240.605
239.521
238.453
236.054
235.005
235.005
233.359
231.041
231.041
231.041
229.747
229.094
228.516
228.516
226.532
226.464
219.511
219.511
219.511
219.511
219.511
218.52
216.39
216.39
216.39
216.39
216.39
215.273
215.273
215.273
212.821
212.821
212.821
207.749
207.224
207.224
207.224
206.302
206.149
205.374
204.576
204.576
201.56
201.56
201.496
201.496
201.13
196.808
196.001
196.001
196.001
196.001
196.001
195.279
195.279
195.279
194.038
194.038
194.038
193.197
192.302
192.302
192.302
192.302
192.142
190.946
190.946
189.235
187.412
187.412
186.932
186.932
186.932
186.932
186.932
186.792
186.792
186.792
186.792
186.792
182.868
182.868
181.701
181.701
181.701
181.701
181.672
181.633
180.91
180.224
180.224
180.224
180.036
179.685
179.511
179.511
178.954
178.529
178.529
178.529
174.974
174.974
174.974
174.508
174.508
174.508
174.406
173.959
173.959
173.028
173.028
173.028
172.354
172.354
171.76
171.721
170.668
169.501
169.501
169.354
169.158
166.916
166.916
166.916
166.916
166.916
166.916
165.559
165.559
165.559
164.474
164.474
164.474
164.474
162.251
162.251
162.139
162.139
162.139
162.139
162.139
162.139
162.129
160.713
160.713
160.713
160.654
160.654
160.483
160.483
160.483
159.676
159.637
159.637
159.637
158.593
158.593
157.97
157.97
157.97
157.97
157.903
157.903
157.903
157.597
157.487
157.487
157.332
155.851
155.851
155.307
152.292
152.292
152.038
151.61
151.61
149.605
149.605
149.605
147.152
147.152
146.933
145.743
145.743
140.863
140.863
140.863
140.863
140.846
140.483
140.483
140.483
139.272
139.272
138.722
138.722
138.103
138.103
138.103
138.103
138.103
137.5
137.5
137.5
136.015
136.015
136.015
135.85
135.702
135.702
135.702
135.702
135.576
134.613
134.613
134.613
134.613
134.479
134.479
134.479
134.479
134.479
134.352
134.352
132.801
132.801
132.801
132.623
132.623
131.457
131.457
131.457
131.344
131.344
130.215
130.215
130.215
130.215
130.215
129.63
129.63
129.63
129.333
129.333
129.059
129.059
129.059
128.729
128.729
128.729
128.701
128.701
128.701
128.701
128.701
128.65
128.65
128.65
128.65
128.575
128.575
128.575
127.156
127.156
127.156
127.156
126.776
126.776
126.776
126.776
126.776
126.776
126.747
126.701
126.701
126.016
126.011
124.866
124.866
124.866
124.866
124.866
124.866
124.866
124.758
124.758
123.854
123.854
123.854
123.836
123.836
122.899
122.899
122.383
122.383
122.383
122.289
119.781
119.781
119.781
119.781
119.781
119.148
119.148
119.148
119.148
119.148
119.07
119.07
118.607
118.607
118.607
118.394
118.394
118.345
118.345
118.345
118.345
118.345
117.868
117.868
117.868
117.868
117.868
117.868
117.868
117.868
117.868
117.84
117.84
117.84
117.741
117.741
117.675
117.675
117.675
117.675
117.675
117.675
116.473
116.473
116.473
116.473
116.473
116.305
116.305
116.305
116.305
116.041
116.041
116.041
116.041
116.041
114.678
114.678
114.678
114.678
114.678
114.678
114.678
114.678
114.678
114.678
114.651
114.651
114.651
114.651
114.651
114.651
114.651
114.636
114.512
114.512
113.262
113.262
112.018
112.018
111.553
111.553
111.553
111.553
110.969
110.969
110.969
110.969
110.596
110.596
110.596
110.596
110.322
110.322
110.322
110.322
110.322
110.154
110.154
110.154
110.154
110.154
110.138
110.138
110.138
110.138
110.131
110.131
110.131
109.784
109.784
109.784
109.784
108.629
108.469
108.469
108.469
108.388
108.388
99.3885
99.1413
99.1413
99.1413
99.1413
99.1413
98.6244
98.6244
98.6244
98.6244
98.6244
98.6244
98.4928
98.4928
98.4928
98.4928
98.4928
98.4928
98.3292
98.3292
98.3292
98.3292
98.3292
98.3292
98.3292
98.3292
96.075
96.075
96.075
96.075
96.075
96.075
96.075
96.075
96.0156
96.0156
96.0156
96.0156
96.0156
96.0156
96.0156
96.0156
96.0156
96.0156
96.0156
96.0156
95.6873
95.6873
95.6873
95.6873
95.6873
95.6873
95.4133
95.4133
95.4133
95.4033
95.4033
95.4033
95.4033
95.334
95.2972
95.2972
95.2972
95.2179
95.2179
95.2179
95.2179
95.2179
95.2179
95.2179
95.2179
95.2179
95.2179
95.0563
95.0563
93.9943
93.9943
93.9943
93.9943
93.9943
93.9943
93.9943
93.9943
93.9943
93.9943
93.9943
93.9943
93.9943
93.9943
93.9943
93.9943
93.9943
93.9943
93.9943
93.9943
93.9943
93.9943
93.9943
93.9943
93.9943
93.9943
93.9943
93.9943
93.9943
93.9943
93.9943
93.9943
93.9943
93.9943
93.9943
93.9943
93.9943
93.9843
93.9843
93.9843
93.9843
93.9843
93.9843
93.9843
93.9424
93.9424
93.9424
93.9424
93.9424
93.9424
93.9424
93.9424
93.9424
93.9424
93.9424
93.9424
93.9424
93.9424
92.4044
92.4044
92.4044
92.4044
92.4044
92.4044
92.4044
92.4044
92.4044
92.4044
92.4044
92.4044
92.4044
92.4044
92.4044
92.4044
92.4044
92.4044
92.4044
92.4044
92.4044
92.4044
92.4044
92.4044
92.4044
92.4044
92.2412
92.2412
92.2412
92.2412
92.2412
92.0478
92.0478
92.0478
92.0478
91.8954
91.8954
91.8954
91.8954
91.8954
91.8954
91.8954
91.8954
91.6965
91.6965
91.6646
91.6646
91.6646
91.6646
91.6646
91.6646
91.2975
91.2975
91.2975
91.2975
91.2975
91.2975
91.2975
91.2975
91.2975
91.2975
91.2975
91.2975
91.2975
91.2975
91.2009
91.2009
91.2009
91.2009
91.2009
91.2009
91.2009
91.2009
90.6748
90.6748
90.6748
90.6748
90.6748
90.6748
90.6748
90.6748
90.6748
90.6748
90.6748
90.6748
90.6748
90.1901
90.1901
90.1901
90.1901
90.1901
90.1901
90.1901
89.6961
89.6961
89.6961
89.6961
89.6961
89.6961
89.4876
89.4876
89.4876
89.4876
89.4876
89.4876
89.4876
89.1853
89.1853
89.1853
89.1853
88.6144
88.6144
88.6144
88.6144
88.6144
88.4446
88.4446
88.4446
88.4446
88.4446
88.4446
88.4446
87.957
87.957
87.957
87.957
87.957
87.957
87.957
87.957
87.957
87.957
87.957
87.957
87.957
87.957
87.957
87.957
87.957
87.957
87.957
87.957
87.957
86.8845
86.8845
86.8845
86.8845
86.8845
86.8845
86.8845
86.8845
86.8845
86.8845
86.8845
86.8845
86.8845
86.8845
86.8845
86.8845
86.8845
86.8845
86.8845
86.8845
86.3863
86.3863
86.3863
86.3863
86.3863
86.3863
86.3863
86.3863
86.3863
86.3863
86.3863
86.3863
86.3863
86.3863
86.3863
86.3863
86.3863
86.3863
86.3863
86.3863
86.3863
86.3863
86.3863
86.1792
85.7788
85.7788
85.2103
85.2103
85.2103
85.2103
85.2103
85.2103
85.2103
85.2103
85.2103
85.2103
85.2103
85.2103
85.2103
85.2103
85.2103
85.2103
85.2103
85.2103
85.2103
85.2103
85.2103
85.2103
85.2103
85.2103
85.2103
85.2103
85.2103
85.2103
85.2103
85.2103
85.2103
85.2103
85.2103
85.2103
85.2103
85.2103
85.2103
85.2103
85.2103
85.2103
85.2103
85.2103
85.2103
85.2103
85.2103
85.2103
85.2103
85.2103
85.2103
85.2103
85.2103
85.2103
85.2103
85.2103
85.2103
85.2103
85.2103
85.2103
85.2103
85.2103
85.2103
85.2103
85.2103
85.2103
85.1828
85.1828
85.1828
85.1828
85.1828
85.1828
85.1828
85.1828
85.1828
85.1828
85.1828
85.1828
85.1828
85.1828
85.1828
85.1828
85.1828
85.1828
85.1828
85.1828
85.1828
85.1828
85.1828
85.1828
85.1828
85.1828
85.1828
85.1828
85.1828
85.1828
85.1828
85.1828
85.1828
84.6336
84.6336
84.6336
84.6336
84.6336
84.6336
84.6336
84.6336
84.6336
84.6336
84.6336
84.6336
84.6336
84.6336
84.6336
84.6336
84.6336
84.1364
84.1364
84.1364
84.1364
84.1364
84.1364
84.1364
84.1364
84.1364
84.1364
84.1364
84.1364
84.1364
84.1364
84.1364
84.1364
84.1364
84.1183
84.1183
84.1183
84.1183
84.1183
84.1183
84.1183
84.1183
84.1183
84.1183
84.1183
84.1183
84.1183
84.1183
84.1183
84.1183
84.1183
84.1183
84.1183
84.1183
84.1183
84.1183
84.1183
84.1183
84.1183
84.1183
84.1183
84.1183
84.1183
84.1183
84.1183
84.1183
84.1183
84.1183
84.1183
84.1183
84.1183
84.1183
84.1183
84.1183
84.1183
84.1183
84.1183
84.1183
84.1183
84.1183
84.1183
78.7705
78.7705
78.7705
78.7705
78.7705
78.7705
78.7705
78.7705
78.7705
78.7705
78.7705
78.7705
78.7705
78.7705
78.7705
78.7053
78.7053
78.487
78.487
78.487
78.487
78.487
78.487
78.487
78.487
78.487
78.487
78.487
78.487
78.487
78.487
78.487
78.487
78.487
78.487
78.487
78.487
78.4218
78.4218
78.4218
78.4218
78.4218
78.4218
78.4218
78.4218
78.0306
78.0306
78.0306
78.0306
78.0306
78.0306
78.0306
78.0306
78.0306
78.0306
78.0306
78.0306
78.0306
78.0306
78.0306
78.0306
78.0306
78.0306
78.0306
78.0306
78.0306
78.0306
78.0306
78.0306
78.0306
78.0306
78.0306
78.0306
78.0306
77.5825
77.5825
76.9463
76.9463
76.9463
76.9463
76.9463
76.9463
76.9463
76.9463
76.9463
76.9463
76.9463
76.9463
76.9463
76.7521
76.7521
76.7521
76.5644
76.5644
76.5644
76.3702
76.3702
76.3702
76.3702
76.3702
76.2571
76.2571
76.2571
75.7801
75.7801
75.7801
75.7801
75.7801
75.7801
75.7801
75.7801
75.7801
75.7801
75.7801
75.7801
75.7801
75.7801
75.7801
75.7801
75.7801
75.7801
75.7801
75.4655
75.4655
75.4655
75.4655
75.4655
75.4655
75.373
75.373
75.373
75.373
75.373
75.373
75.373
75.373
75.373
75.373
75.373
75.373
75.373
75.373
75.373
75.373
75.373
75.3566
75.3566
75.3566
75.3566
75.2288
75.2288
75.2288
74.8128
74.8128
74.8128
74.8128
74.8128
74.8128
74.8128
74.8128
74.8128
74.8128
74.8128
74.8128
74.8128
74.8128
74.8128
74.7451
74.7451
74.7451
74.7451
74.7451
74.7451
74.7451
74.7451
74.7451
74.7451
74.7451
74.7451
74.7451
74.7451
74.7451
74.7451
74.7451
74.7451
74.7451
74.7451
74.1915
74.1915
74.1915
74.1915
74.1915
74.1915
74.1915
74.1915
74.1752
74.1752
74.1752
74.1752
74.1752
74.1752
74.1752
74.1752
74.1752
74.1752
74.1752
74.1752
74.1752
74.1752
74.1752
74.1752
74.1752
74.1752
74.1752
74.1222
74.1222
74.1222
74.1222
74.1222
74.1222
74.1222
74.1222
74.1222
74.1222
74.1222
74.1222
74.1222
74.1222
74.1222
74.1222
74.1222
74.1222
74.1222
74.1222
74.1222
74.1222
74.1222
74.1222
74.1222
74.1222
74.1222
74.1222
74.1222
74.1222
74.1222
74.1222
74.1222
74.1222
74.1222
74.1222
74.1222
74.1222
74.1222
74.1222
74.1222
74.1222
74.1222
74.1222
74.1222
74.1222
74.1222
74.1222
74.1222
74.1222
74.1222
74.1222
74.1222
74.1222
74.1222
74.1222
74.1222
74.1222
74.1222
74.1222
74.1222
74.1222
74.1222
74.1222
74.1222
74.1222
74.1222
74.1222
74.1222
74.1222
74.1222
74.1222
74.1222
74.1222
73.6033
73.6033
73.6033
73.6033
73.6033
73.6033
73.6033
73.6033
73.6033
73.6033
73.6033
73.6033
73.6033
73.6033
73.6033
73.6033
73.6033
73.6033
73.6033
73.6033
73.6033
73.6033
73.6033
73.6033
73.6033
73.6033
73.6033
73.6033
73.6033
73.6033
73.6033
73.6033
73.6033
73.6033
73.6033
73.6033
73.6033
73.6033
73.6033
73.6033
73.6033
73.6033
73.6033
73.6033
73.6033
73.6033
73.6033
73.6033
73.6033
73.6033
73.6033
73.6033
73.6033
73.6033
73.6033
73.6033
73.6033
73.6033
73.6033
73.6033
73.6033
73.6033
73.6033
73.6033
73.6033
73.6033
73.6033
73.4426
73.4426
73.4426
73.4426
73.4426
73.4426
73.4426
73.4426
73.4426
73.4426
73.4426
73.4426
73.4426
73.4426
73.4426
73.4426
73.4426
73.4426
73.4426
73.4426
73.4426
73.4426
73.4426
73.4426
73.4426
73.4426
73.4426
73.4426
73.4426
73.4426
73.4426
73.4426
73.4426
73.4426
73.4426
73.4426
73.4426
73.4426
73.4426
73.4426
73.4426
73.4426
73.4426
73.4426
73.4426
73.4426
73.4426
73.4426
73.4426
73.4426
73.4426
73.4426
73.4426
73.4426
73.4426
73.4426
73.4426
73.4426
73.4426
73.4426
73.4426
73.4426
73.4426
73.4426
73.4426
73.4426
73.4426
73.4426
73.4426
73.4426
73.4426
73.4165
73.4165
73.4165
73.4165
73.4165
73.4165
73.4165
73.4165
73.4165
73.4165
73.4165
73.4165
73.4165
73.4165
73.4165
73.4165
73.4165
73.4165
73.4165
73.4165
73.4165
73.4165
73.4165
73.4165
73.4165
73.4165
73.4165
73.4165
73.4165
73.4165
73.4165
73.4165
73.4165
73.4165
73.4165
73.4165
73.4165
73.2132
73.0686
73.0686
73.0686
73.0686
73.0686
73.0686
73.0686
73.0686
73.0686
73.0686
73.0686
73.0686
73.0686
73.0686
73.0686
73.0686
73.0686
73.0686
73.0686
73.0686
73.0686
73.0686
73.0686
73.0686
73.0686
73.0686
73.0686
73.0686
73.0686
73.0686
73.0686
73.0686
73.0686
73.0686
73.0686
73.0686
70.1745
70.1745
70.1745
70.1745
70.1745
70.1745
70.1745
70.1117
70.1117
70.1117
70.1117
70.1117
70.1117
70.1117
70.1117
70.1117
70.1117
70.1117
70.1117
70.1117
70.1117
70.1117
70.1117
70.1117
70.1117
70.1117
70.1117
70.1117
70.1117
70.1117
70.1117
70.1117
70.1117
70.1117
70.1117
70.1117
70.1117
70.1117
70.1117
70.1117
70.1117
70.1117
70.1117
70.1117
70.1117
70.1117
70.1117
70.1117
70.1117
70.1117
70.1117
70.1117
70.1117
70.1117
70.1117
70.1117
70.1117
70.1117
70.1117
70.1117
70.1117
70.1117
70.1117
70.1117
70.1117
69.7003
69.7003
69.7003
69.7003
69.7003
69.7003
69.7003
69.7003
69.7003
69.7003
69.7003
69.7003
69.7003
69.7003
69.7003
69.7003
69.7003
69.7003
69.7003
69.7003
69.7003
69.7003
69.7003
69.5963
69.5963
69.5963
69.5963
69.5963
69.5963
69.5963
69.5963
69.5963
69.5963
69.5963
69.5963
69.5963
69.5963
69.5963
69.5963
69.5963
69.5963
69.5963
69.5963
69.5963
69.5963
69.5963
69.5963
69.5963
69.5963
69.5963
69.5963
69.5963
69.5963
69.5963
69.5963
69.5963
69.5963
69.5963
69.5963
69.5963
69.5963
69.5963
69.5963
69.5963
69.5963
69.5963
69.5963
69.5963
69.5963
69.5963
69.5963
69.5963
69.5963
69.5963
69.5963
69.5963
69.5963
69.5963
69.5963
69.5963
69.5963
69.5963
69.5963
69.5963
69.5963
69.5963
69.5963
69.5963
69.5963
69.5963
69.5963
69.5963
69.5963
69.5963
69.5963
69.5963
69.5963
69.5963
69.5963
69.5963
69.5963
69.5963
69.5963
69.5963
69.5963
69.5963
69.5963
69.5963
69.5963
69.5963
69.5963
69.5963
69.5963
69.5963
69.5963
69.5963
69.5963
69.5963
69.5963
69.5963
69.5963
69.5963
69.5963
69.5963
69.5963
69.5963
69.5963
69.5963
69.5963
69.5963
69.5963
69.5963
69.5963
69.5963
69.5963
69.5963
69.5963
69.5963
69.5963
69.5963
69.5963
69.5963
69.5963
69.5963
69.5963
69.5963
69.5963
69.5963
69.5963
69.5963
69.5963
69.5963
69.5963
69.5963
69.5963
69.5963
69.5963
69.5963
69.5963
69.5963
69.5963
69.5963
69.5963
69.5963
69.5963
69.5963
69.5963
69.5963
69.5963
69.5963
69.5963
69.5963
69.5963
69.5963
69.5963
69.5963
69.5963
69.5963
69.5963
69.5963
69.5963
69.5963
69.5963
69.5963
69.5963
69.5963
69.5963
69.5963
69.5963
69.5963
69.5963
69.5963
69.5963
69.5963
69.5963
69.5963
69.5963
69.5963
69.5963
69.5963
69.5963
69.5963
69.5963
69.5963
69.5963
69.5963
69.5963
69.5963
69.5963
69.5963
69.5963
69.5963
69.5963
69.5963
69.5963
69.5963
69.5963
69.5963
69.5963
69.5963
69.5963
69.5963
69.5963
69.5963
69.5963
69.5963
69.5963
69.5963
69.5963
69.5963
69.5963
69.5963
69.5963
69.5963
69.5963
69.5963
69.5963
69.5963
69.5963
69.5963
69.5963
69.5963
69.5963
69.5963
69.5963
69.5963
69.5963
69.5963
69.5963
69.5963
69.5963
69.5963
69.5963
69.5963
69.5963
69.5963
69.5963
69.5963
69.5963
69.5963
69.5963
69.5963
69.5963
69.5963
69.5963
69.5963
69.5963
69.5963
69.5963
69.5963
69.5963
69.5963
69.5963
69.5963
69.5963
69.5963
69.5963
69.5963
69.5963
69.5963
69.5963
69.5963
69.5963
69.5963
69.5963
69.5963
69.5963
69.5963
69.5963
69.5963
69.5963
69.5963
69.5963
69.5963
69.5963
69.5963
69.5963
69.5963
69.5963
69.5963
69.5963
69.5963
69.5963
69.5963
69.5963
69.5963
69.5963
69.5963
69.5963
69.5963
69.5963
69.5963
69.5963
69.5963
69.5963
69.5963
69.5963
69.5963
69.5963
69.5963
69.5963
69.5963
69.5963
69.5963
69.5963
69.5963
69.5963
69.5963
69.5963
69.5963
69.5963
69.5963
69.5963
69.5963
69.5963
69.5963
69.5963
69.5963
69.5963
69.5963
69.5963
69.5963
69.5963
69.5963
69.5963
69.5963
69.5963
69.5963
69.5963
69.5963
69.5963
69.5963
69.5963
69.5963
69.5963
69.5963
69.5963
69.5963
69.5963
69.5963
69.5963
69.5963
69.5963
69.5963
69.5963
69.5963
69.5963
69.5963
69.5963
69.5963
69.5963
69.5963
69.5963
69.5963
69.5963
69.5963
69.5963
69.5963
69.5963
69.5963
69.5963
69.5963
69.5963
69.5963
69.5963
69.5963
69.5963
69.5963
69.5963
69.5963
69.5963
69.5963
69.5963
69.5963
69.5963
69.5963
69.5963
69.5963
69.5963
69.5963
69.5963
69.5963
69.5963
69.5963
69.5963
69.5963
69.5963
69.5963
69.5963
69.5963
69.5963
69.5963
69.5963
69.5963
69.5963
69.5963
69.5963
69.5963
69.5963
69.5963
69.5963
69.5963
69.5963
69.5963
69.5963
69.5963
69.5963
69.5963
69.5963
69.5963
69.5963
69.5963
69.5963
69.5963
69.5963
69.021
69.021
69.021
69.021
69.021
69.021
69.021
69.021
69.021
69.021
69.021
69.021
69.021
69.021
68.3351
68.3351
68.3351
68.3351
68.3351
68.3351
68.3351
68.3351
68.3351
68.3351
68.3351
68.3351
68.3351
68.3351
68.3351
68.3351
68.3351
68.3351
68.3351
68.3351
68.3351
68.3351
68.3351
68.3351
68.3351
68.3351
68.3351
68.3351
68.3351
68.3351
68.1115
68.1115
68.1115
68.1115
68.1115
68.1115
68.1115
68.1115
68.1115
68.1115
68.1115
68.1115
68.1115
68.1115
68.1115
68.1115
68.1115
68.1115
68.1115
68.1115
68.1115
68.1115
68.1115
68.1115
68.1115
68.1115
68.1115
68.1115
68.1115
68.1115
68.1115
68.1115
68.1115
68.1115
68.1115
68.1115
68.1115
68.1115
68.1115
68.1115
68.1115
68.1115
68.1115
68.1115
68.1115
68.1115
68.1115
68.1115
68.1115
68.1115
68.1115
68.1115
68.1115
68.1115
68.1115
68.1115
68.1115
68.1115
68.1115
68.1115
68.1115
68.1115
68.1115
68.1115
68.1115
68.1115
68.1115
68.1115
68.1115
68.1115
68.1115
68.1115
68.1115
68.1115
68.1115
68.1115
68.1115
68.1115
68.1115
68.1115
68.1115
68.1115
68.1115
68.1115
68.1115
68.1115
68.1115
68.1115
68.1115
68.1115
68.1115
68.1115
68.1115
68.1115
68.1115
68.1115
68.1115
68.1115
68.1115
68.1115
68.1115
68.1115
68.1115
68.1115
68.1115
68.1115
68.1115
68.1115
68.1115
68.1115
68.1115
68.1115
68.1115
68.1115
68.1115
68.1115
68.1115
68.1115
68.1115
68.1115
68.1115
68.1115
68.1115
68.1115
68.1115
68.1115
68.1115
68.1115
68.1115
68.1115
68.1115
68.1115
68.1115
68.1115
68.1115
68.1115
68.1115
68.1115
68.1115
68.1115
68.1115
68.1115
68.1115
68.1115
68.1115
68.1115
68.1115
68.1115
68.1115
68.1115
68.1115
68.1115
68.1115
68.1115
68.1115
68.1115
68.1115
68.1115
68.1115
68.1115
68.1115
68.1115
68.1115
68.1115
68.1115
68.1115
68.1115
68.1115
68.1115
68.1115
68.1115
68.1115
68.1115
68.1115
68.1115
68.1115
68.1115
68.1115
68.1115
68.1115
68.1115
68.1115
68.1115
68.1115
68.1115
68.1115
68.1115
68.1115
68.1115
68.1115
68.1115
68.1115
68.1115
68.1115
68.1115
68.1115
68.1115
68.1115
68.1115
68.1115
68.1115
68.1115
68.1115
68.1115
68.1115
68.1115
68.1115
68.1115
68.1115
68.1115
68.1115
68.1115
68.1115
68.1115
68.1115
68.1115
68.1115
68.1115
68.1115
68.1115
68.1115
68.1115
68.1115
68.1115
68.1115
68.1115
68.1115
68.1115
68.1115
68.1115
68.1115
68.1115
68.1115
68.1115
68.1115
68.1115
68.1115
68.1115
68.1115
68.1115
68.1115
68.1115
68.1115
68.1115
68.1115
68.1115
68.1115
68.1115
68.1115
68.1115
68.1115
68.1115
68.1115
68.1115
68.1115
68.1115
68.1115
68.0949
68.0949
68.0949
68.0949
68.0949
68.0949
68.0949
68.0949
68.0949
68.0949
68.0949
68.0949
68.0949
68.0949
68.0949
68.0949
68.0949
68.0949
68.0949
68.0949
68.0949
68.0949
68.0949
68.0949
68.0949
68.0949
68.0949
68.0949
68.0949
68.0949
68.0949
68.0949
68.0949
68.0949
68.0949
68.0949
68.0949
68.0949
68.0949
68.0949
68.0949
68.0949
68.0949
68.0949
68.0949
68.0949
68.0949
68.0949
68.0949
68.0949
68.0949
68.0949
68.0949
68.0949
68.0949
68.0949
68.0949
68.0949
68.0949
68.0949
68.0949
68.0949
68.0949
68.0949
68.0949
68.0949
68.0949
68.0949
68.0949
68.0949
68.0949
68.0949
68.0949
68.0949
68.0949
68.0949
68.0949
68.0949
68.0949
68.0949
68.0949
68.0949
68.0949
68.0949
68.0949
68.0949
68.0949
68.0949
68.0949
68.0949
68.0949
68.0949
68.0949
68.0949
68.0949
68.0949
68.0949
68.0949
68.0949
68.0949
68.0949
68.0949
68.0949
68.0949
68.0949
68.0949
68.0949
68.0949
68.0949
68.0949
68.0949
68.0949
68.0949
68.0949
68.0949
68.0949
68.0949
68.0949
68.0949
68.0949
68.0949
68.0949
68.0949
68.0949
68.0949
68.0949
68.0949
68.0949
68.0949
68.0949
68.0949
68.0949
68.0949
68.0949
68.0949
68.0949
68.0949
68.0949
68.0949
68.0949
68.0949
68.0949
68.0949
68.0949
68.0949
68.0949
68.0949
68.0949
68.0949
68.0949
68.0949
68.0949
68.0949
68.0949
68.0949
68.0949
68.0949
68.0949
68.0949
68.0949
68.0949
68.0949
68.0949
68.0949
68.0949
68.0949
68.0949
68.0949
68.0949
68.0949
68.0949
68.0949
68.0949
68.0949
68.0949
68.0949
68.0949
68.0949
68.0949
68.0949
68.0949
68.0949
68.0949
68.0949
68.0949
68.0949
68.0949
68.0949
68.0949
68.0949
68.0949
68.0949
68.0949
68.0949
68.0949
68.0949
68.0949
68.0949
68.0949
68.0949
68.0949
68.0949
68.0949
68.0949
68.0949
68.0949
68.0949
68.0949
68.0949
68.0949
68.0949
68.0949
68.0949
68.0949
68.0949
68.0949
68.0949
68.0949
68.0949
68.0949
68.0949
68.0949
68.0949
68.0949
68.0949
68.0949
68.0949
68.0949
68.0949
68.0949
68.0949
68.0949
68.0949
68.0949
68.0949
68.0949
68.0949
68.0949
68.0949
68.0949
68.0949
68.0949
68.0949
68.0949
68.0949
68.0949
68.0949
68.0949
68.0949
68.0949
68.0949
68.0949
68.0949
68.0949
68.0949
68.0949
68.0949
68.0949
68.0949
68.0949
68.0949
68.0949
68.0949
68.0949
68.0949
68.0949
68.0949
68.0949
68.0949
68.0949
68.0949
68.0949
68.0949
68.0949
68.0949
68.0949
68.0949
68.0949
68.0949
68.0949
68.0949
68.0949
68.0949
68.0949
68.0949
68.0949
68.0949
68.0949
68.0949
68.0949
68.0949
68.0949
68.0949
68.0949
68.0949
68.0949
68.0949
68.0949
68.0949
68.0949
68.0949
68.0949
68.0949
68.0949
68.0949
68.0949
68.0949
68.0949
68.0949
68.0949
68.0949
68.0949
68.0949
68.0949
68.0949
68.0949
68.0949
68.0949
68.0949
68.0949
68.0949
68.0949
68.0949
68.0949
68.0949
68.0949
68.0949
68.0949
68.0949
68.0949
68.0949
68.0949
68.0949
68.0949
68.0949
68.0949
68.0949
68.0949
68.0949
68.0949
68.0949
68.0949
68.0949
68.0949
68.0949
68.0949
68.0949
68.0949
68.0949
68.0949
68.0949
68.0949
68.0949
68.0949
68.0949
68.0949
68.0949
68.0949
68.0949
68.0949
68.0949
68.0949
68.0949
68.0949
68.0949
68.0949
68.0949
68.0949
68.0949
68.0949
68.0949
68.0949
68.0949
68.0949
68.0949
68.0949
68.0949
68.0949
68.0949
68.0949
68.0949
68.0949
68.0949
68.0949
68.0949
68.0949
68.0949
68.0949
68.0949
68.0949
68.0949
68.0949
68.0949
68.0949
68.0949
68.0949
68.0949
68.0949
68.0949
68.0949
68.0949
68.0949
67.9046
67.9046
67.9046
67.9046
67.9046
67.9046
67.9046
67.9046
67.9046
67.9046
67.9046
67.9046
67.9046
67.9046
67.9046
67.9046
67.9046
67.9046
67.9046
67.9046
67.9046
67.9046
67.9046
67.9046
67.9046
67.9046
67.9046
67.9046
67.9046
67.9046
67.9046
67.9046
67.9046
67.9046
67.9046
67.9046
67.9046
67.9046
67.9046
67.9046
67.9046
67.9046
67.9046
67.9046
67.9046
67.9046
67.8875
67.8875
67.8875
67.8875
67.8875
67.8875
67.8875
67.8875
67.8875
67.8875
67.8875
67.8875
67.8875
67.8875
67.8875
67.8875
67.8875
67.8875
67.8875
67.8875
67.8875
67.8875
67.8875
67.8875
67.8875
67.8875
67.8875
67.8875
67.8875
67.8875
67.8875
67.8875
67.8875
67.8875
67.8875
67.8875
67.8875
67.8875
67.8875
67.8875
67.8875
67.8875
67.8875
67.8875
67.8875
67.8875
67.8875
67.8875
67.8875
67.8875
67.8875
67.8875
67.8875
67.8875
67.8875
67.8875
67.8875
67.8875
67.8875
67.8875
67.8875
67.8875
67.8875
67.8875
67.8875
67.8875
67.8875
67.8875
67.8875
67.8875
67.8875
67.8875
67.8875
67.8875
67.8875
67.8875
67.8875
67.8875
67.8875
67.8875
67.8875
67.8875
67.8875
67.8875
67.8875
67.8875
67.8875
67.8875
67.8875
67.8875
67.8875
67.8875
67.8875
67.8875
67.8875
67.8875
67.8875
67.8875
67.8875
67.8875
67.8875
67.8875
67.8875
67.8875
67.8875
67.8875
67.8875
67.8875
67.8875
67.8875
67.8875
67.8875
67.8875
67.8875
67.8875
67.8875
67.8875
67.8875
67.8875
67.8875
67.8875
67.8875
67.8875
67.8875
67.8875
67.8875
67.8875
67.8875
67.8875
67.8875
67.8875
67.8875
67.8875
67.8875
67.8875
67.8875
67.8875
67.8875
67.8875
67.8875
67.8875
67.8875
67.8875
67.8875
67.8875
67.8875
67.8875
67.8875
67.8875
67.8875
67.8875
67.8875
67.8875
67.8875
67.8875
67.8875
67.8875
67.8875
67.8875
67.8875
67.8875
67.8875
67.8875
67.8875
67.8875
67.8875
67.8875
67.8875
67.8875
67.8875
67.8875
67.8875
67.8875
67.8875
67.8875
67.8875
67.8875
67.8875
67.8875
67.8875
67.8875
67.8875
67.8875
67.8875
67.8875
67.8875
67.8875
67.8875
67.8875
67.8875
67.8875
67.8875
67.8875
67.8875
67.8875
67.8875
67.8875
67.8875
67.8875
67.8875
67.8875
67.8875
67.8875
67.8875
67.8875
67.8875
67.8875
67.8875
67.8875
67.8875
67.8875
67.8875
67.8875
67.8875
67.8875
67.8875
67.8875
67.8875
67.8875
67.8875
67.8875
67.8875
67.8875
67.8875
67.8875
67.8875
67.8875
67.8875
67.8875
67.8875
67.8875
67.8875
67.8875
67.8875
67.8875
67.8875
67.8875
67.8875
67.8875
67.8875
67.8875
67.8875
67.8875
67.8875
67.8875
67.8875
67.8875
67.8875
67.8875
67.8875
67.8875
67.8875
67.8875
67.8875
67.8875
67.8875
67.8875
67.8875
67.8875
67.8875
67.8875
67.8875
67.8875
67.8875
67.8875
67.8875
67.8875
67.8875
67.8875
67.8875
67.8875
67.8875
67.8875
67.8875
67.8875
67.8875
67.8875
67.8875
67.8875
67.8875
67.8875
67.8875
67.8875
67.8875
67.8875
67.8875
67.8875
67.8875
67.8875
67.8875
67.8875
67.8875
67.8875
67.8875
67.8875
67.8875
67.8875
67.8875
67.8875
67.8875
67.8875
67.8875
67.8875
67.8875
67.8875
67.8875
67.8875
67.8875
67.8875
67.8875
67.8875
67.8875
67.8068
67.8068
67.8068
67.8068
67.8068
67.8068
67.8068
67.8068
67.8068
67.8068
67.8068
67.8068
67.8068
67.8068
67.8068
67.8068
67.8068
67.8068
67.8068
67.8068
67.8068
67.8068
67.8068
67.8068
67.8068
67.8068
67.8068
67.8068
67.8068
67.8068
67.8068
67.8068
67.8068
67.8068
67.8068
67.8068
67.8068
67.8068
67.8068
67.8068
67.8068
67.8068
67.8068
67.8068
67.8068
67.8068
67.8068
67.8068
67.8068
67.8068
67.8068
67.8068
67.8068
67.8068
67.8068
67.8068
67.8068
67.8068
67.8068
67.8068
67.8068
67.8068
67.8068
67.8068
67.8068
67.8068
67.8068
67.8068
67.8068
67.8068
67.8068
67.8068
67.8068
67.8068
67.8068
67.8068
67.8068
67.8068
67.8068
67.8068
67.8068
67.8068
67.8068
67.8068
67.8068
67.8068
67.8068
67.8068
67.8068
67.8068
67.8068
67.8068
67.8068
67.8068
67.8068
67.8068
67.8068
67.8068
67.8068
67.8068
67.8068
67.8068
67.8068
67.8068
67.8068
67.8068
67.8068
67.8068
67.8068
67.8068
67.8068
67.8068
67.8068
67.8068
67.8068
67.8068
67.8068
67.8068
67.8068
67.8068
67.8068
67.8068
67.8068
67.8068
67.8068
67.8068
67.8068
67.8068
67.8068
67.8068
67.8068
67.8068
67.8068
67.8068
67.8068
67.8068
67.8068
67.8068
67.8068
67.8068
67.8068
67.8068
67.8068
67.8068
67.8068
67.8068
67.8068
67.8068
67.8068
67.8068
67.8068
67.8068
67.8068
67.8068
67.8068
67.8068
67.8068
67.8068
67.8068
67.8068
67.8068
67.8068
67.8068
67.8068
67.8068
67.8068
67.8068
67.8068
67.8068
67.8068
67.8068
67.8068
67.8068
67.8068
67.8068
67.8068
67.8068
67.8068
67.8068
67.8068
67.8068
67.8068
67.8068
67.8068
67.8068
67.8068
67.8068
67.8068
67.8068
67.8068
67.8068
67.8068
67.8068
67.8068
67.8068
67.8068
67.8068
67.8068
67.8068
67.8068
67.8068
67.8068
67.8068
67.8068
67.8068
67.8068
67.8068
67.8068
67.8068
67.8068
67.8068
67.8068
67.8068
67.8068
67.8068
67.8068
67.8068
67.8068
67.8068
67.8068
67.8068
67.8068
67.8068
67.8068
67.8068
67.8068
67.8068
67.8068
67.8068
67.8068
67.8068
67.8068
67.8068
67.8068
67.8068
67.8068
67.8068
67.8068
67.8068
67.8068
67.8068
67.8068
67.8068
67.8068
67.8068
67.8068
67.8068
67.8068
67.8068
67.8068
67.8068
67.8068
67.8068
67.8068
67.8068
67.8068
67.8068
67.8068
67.8068
67.8068
67.8068
67.8068
67.8068
67.8068
67.8068
67.8068
67.8068
67.8068
67.8068
67.8068
67.8068
67.8068
67.8068
67.8068
67.8068
67.8068
67.8068
67.8068
67.8068
67.8068
67.8068
67.8068
67.8068
67.8068
67.8068
67.8068
67.8068
67.8068
67.8068
67.8068
67.8068
67.8068
67.8068
67.8068
67.8068
67.8068
67.8068
67.8068
67.8068
67.8068
67.8068
67.8068
67.8068
67.8068
67.8068
67.8068
67.8068
67.8068
67.8068
67.8068
67.8068
67.8068
67.8068
67.8068
67.8068
67.8068
67.8068
67.8068
67.8068
67.8068
67.8068
67.8068
67.8068
67.8068
67.8068
67.8068
67.8068
67.8068
67.8068
67.8068
67.8068
67.8068
67.8068
67.8068
67.8068
67.8068
67.8068
67.8068
67.8068
67.8068
67.8068
67.8068
67.8068
67.8068
67.8068
67.8068
67.8068
67.8068
67.8068
67.8068
67.8068
67.8068
67.8068
67.8068
67.8068
67.8068
67.8068
67.8068
67.8068
67.8068
67.8068
67.8068
67.8068
67.8068
67.8068
67.8068
67.8068
67.8068
67.8068
67.8068
67.8068
67.8068
67.8068
67.8068
67.8068
67.8068
67.8068
67.8068
67.8068
67.8068
67.8068
67.8068
67.8068
67.8068
67.8068
67.8068
67.8068
67.8068
67.8068
67.8068
67.8068
67.8068
67.8068
67.8068
67.8068
67.8068
67.8068
67.8068
67.8068
67.8068
67.8068
67.8068
67.8068
67.8068
67.8068
67.8068
67.8068
67.8068
67.8068
67.8068
67.8068
67.8068
67.8068
67.8068
67.8068
67.8068
67.8068
67.8068
67.8068
67.8068
67.8068
67.8068
67.8068
67.8068
67.8068
67.8068
67.8068
67.8068
67.8068
67.8068
67.8068
67.8068
67.8068
67.8068
67.8068
67.8068
67.8068
67.8068
67.8068
67.5031
67.5031
67.5031
67.5031
67.5031
67.5031
67.5031
67.5031
67.5031
67.5031
67.5031
67.5031
67.5031
67.5031
67.5031
67.5031
67.5031
67.5031
67.5031
67.5031
67.5031
67.5031
67.5031
67.5031
67.5031
67.5031
67.5031
67.5031
67.5031
67.5031
67.5031
67.5031
67.5031
67.5031
67.5031
67.5031
67.5031
67.5031
67.5031
67.5031
67.5031
67.5031
67.5031
67.5031
67.5031
67.5031
67.5031
67.5031
67.5031
67.5031
67.5031
67.5031
67.5031
67.5031
67.5031
67.5031
67.5031
67.5031
67.5031
67.5031
67.5031
67.5031
67.5031
67.5031
67.5031
67.5031
67.5031
67.5031
67.5031
67.5031
67.5031
67.5031
67.5031
67.5031
67.5031
67.5031
67.5031
67.5031
67.5031
67.5031
67.5031
67.5031
67.5031
67.5031
67.5031
67.5031
67.5031
67.5031
67.5031
67.5031
67.5031
67.5031
67.5031
67.5031
67.5031
67.5031
67.5031
67.5031
67.5031
67.5031
67.5031
67.5031
67.5031
67.5031
67.5031
67.5031
67.5031
67.5031
67.5031
67.5031
67.5031
67.5031
67.5031
67.5031
67.5031
67.5031
67.5031
67.5031
67.5031
67.5031
67.5031
67.5031
67.5031
67.5031
67.5031
67.5031
67.5031
67.5031
67.5031
67.5031
67.5031
67.5031
67.5031
67.5031
67.5031
67.5031
67.5031
67.5031
67.5031
67.5031
67.5031
67.5031
67.5031
67.5031
67.5031
67.5031
67.5031
67.5031
67.5031
67.5031
67.5031
67.5031
67.5031
67.5031
67.5031
67.5031
67.5031
67.5031
67.5031
67.5031
67.5031
67.5031
67.5031
67.5031
67.5031
67.5031
67.5031
67.5031
67.5031
67.5031
67.5031
67.5031
67.5031
67.5031
67.5031
67.5031
67.5031
67.5031
67.5031
67.5031
67.5031
67.5031
67.5031
67.5031
67.5031
67.5031
67.5031
67.5031
67.5031
67.5031
67.5031
67.5031
67.5031
67.5031
67.5031
67.5031
67.5031
67.5031
67.5031
67.5031
67.5031
67.5031
67.5031
67.5031
67.5031
67.5031
67.5031
67.5031
67.5031
67.5031
67.5031
67.5031
67.5031
67.5031
67.5031
67.5031
67.5031
67.5031
67.5031
67.5031
67.5031
67.5031
67.5031
67.5031
67.5031
67.5031
67.5031
67.5031
67.5031
67.5031
67.5031
67.5031
67.5031
67.5031
67.5031
67.5031
67.5031
67.5031
67.5031
67.5031
67.5031
67.5031
67.5031
67.5031
67.5031
67.5031
67.5031
67.5031
67.5031
67.5031
67.5031
67.5031
67.5031
67.5031
67.5031
67.5031
67.5031
67.5031
67.5031
67.5031
67.5031
67.5031
67.5031
67.5031
67.5031
67.5031
67.5031
67.5031
67.5031
67.5031
67.5031
67.5031
67.5031
67.5031
67.5031
67.5031
67.5031
67.5031
67.5031
67.5031
67.5031
67.5031
67.5031
67.5031
67.5031
67.5031
67.5031
67.5031
67.5031
67.5031
67.5031
67.5031
67.5031
67.5031
67.5031
67.5031
67.5031
67.5031
67.5031
67.5031
67.5031
67.5031
67.5031
67.5031
67.5031
67.5031
67.5031
67.5031
67.5031
67.5031
67.5031
67.5031
67.5031
67.5031
67.5031
67.5031
67.5031
67.5031
67.5031
67.5031
67.5031
67.5031
67.5031
67.5031
67.5031
67.5031
67.5031
67.5031
67.5031
67.5031
67.5031
67.5031
67.5031
67.5031
67.5031
67.5031
67.5031
67.5031
67.5031
67.5031
67.5031
67.5031
67.5031
67.5031
67.5031
67.5031
67.5031
67.5031
67.5031
67.5031
67.5031
67.5031
67.5031
67.5031
67.5031
67.5031
67.5031
67.5031
67.5031
67.5031
67.5031
67.5031
67.5031
67.5031
67.5031
67.5031
67.5031
67.5031
67.5031
67.5031
67.5031
67.5031
67.5031
67.5031
67.5031
67.5031
67.5031
67.5031
67.5031
67.5031
67.5031
67.5031
67.5031
67.5031
67.5031
67.5031
67.5031
67.5031
67.5031
67.5031
67.5031
67.5031
67.5031
67.5031
67.5031
67.5031
67.5031
67.5031
67.5031
67.5031
67.5031
67.5031
67.5031
67.5031
67.5031
67.5031
67.5031
67.5031
67.5031
67.5031
67.5031
67.5031
67.5031
67.5031
67.5031
67.5031
67.5031
67.4142
67.4142
67.4142
67.4142
67.4142
67.4142
67.4142
67.4142
67.4142
67.4142
67.4142
67.4142
67.4142
67.4142
67.4142
67.4142
67.4142
67.4142
67.4142
67.4142
67.4142
67.4142
67.4142
67.4142
67.4142
67.4142
67.4142
67.4142
67.4142
67.4142
67.4142
67.4142
67.4142
67.4142
67.4142
67.4142
67.4142
67.4142
67.4142
67.4142
67.4142
67.4142
67.4142
67.4142
67.4142
67.4142
67.4142
67.4142
67.4142
67.4142
67.4142
67.4142
67.4142
67.4142
67.4142
67.4142
67.4142
67.4142
67.4142
67.4142
67.4142
67.4142
67.4142
67.4142
67.4142
67.4142
67.4142
67.4142
67.4142
67.4142
67.4142
67.4142
67.4142
67.4142
67.4142
67.4142
67.4142
67.4142
67.4142
67.4142
67.4142
67.4142
67.4142
67.4142
67.4142
67.4142
67.4142
67.4142
67.4142
67.3539
67.3539
67.3539
67.3539
67.3539
67.3539
67.3539
67.3539
67.3539
67.3539
67.3539
67.3539
67.3539
67.3539
67.3539
67.3539
67.3539
67.3539
67.3539
67.3539
67.3539
67.3539
67.3539
67.3539
67.3539
67.3539
67.3539
67.3539
67.3539
67.3539
67.3539
67.3539
67.3539
67.3539
67.3539
67.3539
67.3539
67.3539
67.3539
67.3539
67.3539
67.3539
67.3539
67.3539
67.3539
67.3539
67.3539
67.3539
67.3539
67.3539
67.3539
67.3539
67.3539
67.3539
67.3539
67.3539
67.3539
67.3539
67.3539
67.3539
67.3539
67.3539
67.3539
67.3539
67.3539
67.3539
67.3539
67.3539
67.3539
67.3539
67.3539
67.3539
67.3539
67.3539
67.3539
67.3539
67.3539
67.3539
67.3539
67.3539
67.3539
67.3539
67.3539
67.3539
67.3539
67.3539
67.3539
67.3539
67.3539
67.3539
67.3539
67.3539
67.3539
67.3539
67.3539
67.3539
67.3539
67.3539
67.3539
67.3539
67.3539
67.3539
67.3539
67.3539
67.3539
67.3539
67.3539
67.3539
67.3539
67.3539
67.3539
67.3539
67.3539
67.3539
67.3539
67.3539
67.3539
67.3539
67.3539
67.3539
67.3539
67.3539
67.3539
67.3539
67.3539
67.3539
67.3539
67.3539
67.3539
67.3539
67.3539
67.3539
67.3539
67.3539
67.3539
67.3539
67.3539
67.3539
67.3539
67.3539
67.3539
67.3539
67.3539
67.3539
67.3539
67.3539
67.3539
67.3539
67.3539
67.3539
67.3539
67.3539
67.3539
67.3539
67.3539
67.3539
67.3539
67.3539
67.3539
67.3539
67.3539
67.3539
67.3539
67.3539
67.3539
67.3539
67.3539
67.3539
67.3539
67.3539
67.3539
67.3539
67.3539
67.3539
67.3539
67.3539
67.3539
67.3539
67.3539
67.3539
67.3539
67.3539
67.3539
67.3539
67.3539
67.3539
67.3539
67.3539
67.3539
67.3539
67.3539
67.3539
67.3539
67.3539
67.3539
67.3539
67.3539
67.3539
67.3539
67.3539
67.3539
67.3539
67.3539
67.3539
67.3539
67.3539
67.3539
67.3539
67.3539
67.3539
67.3539
67.3539
67.3539
67.3539
67.3539
67.3539
67.3539
67.3539
67.3539
67.3539
67.3539
67.3539
67.3539
67.3539
67.3539
67.3539
67.3539
67.3539
67.3539
67.3539
67.3539
67.3539
67.3539
67.3539
67.3539
67.3539
67.3539
67.3539
67.3539
67.3539
67.3539
67.3539
67.3539
67.3539
67.3539
67.3539
67.3539
67.3539
67.3539
67.3539
67.3539
67.3539
67.3539
67.3539
67.3539
67.3539
67.3539
67.3539
67.3539
67.3539
67.3539
67.3539
67.3539
67.3539
67.3539
67.3539
67.3539
67.3539
67.3539
67.3539
67.3539
67.3539
67.3539
67.3539
67.3539
67.3539
67.3539
67.3539
67.3539
67.3539
67.3539
67.3539
67.3539
67.3539
67.3539
67.3539
67.3539
67.3539
67.3539
67.3539
67.3539
67.3539
67.3539
67.3539
67.3539
67.3539
67.3539
67.3539
67.3539
67.3539
67.3539
67.3539
67.3539
67.3539
67.3539
67.3539
67.3539
67.3539
67.3539
67.3539
67.3539
67.3539
67.3539
67.3539
67.3539
67.3539
67.3539
67.3539
67.3539
67.3539
67.3539
67.3539
67.3539
67.3539
67.3539
67.3539
67.3539
67.3539
67.3539
67.3539
67.3539
67.3539
67.3539
67.3539
67.3539
67.3539
67.3539
67.3539
67.3539
67.3539
67.3539
67.3539
67.3539
67.3539
67.3539
67.3539
67.3539
67.3539
67.3539
67.3539
67.3539
67.3539
67.3539
67.3539
67.3539
67.3539
67.3539
67.3539
67.3539
67.3539
67.3539
67.3539
67.3539
67.3539
67.3539
67.3539
67.3539
67.3539
67.3539
67.3539
67.3539
67.3539
67.3539
67.3539
67.3539
67.3539
67.3539
67.3539
67.3539
67.3539
67.3539
67.3539
67.3539
67.3539
67.3539
67.3539
67.3539
67.3539
67.3539
67.3539
67.3539
67.3539
67.3539
67.3539
67.3539
67.3539
67.3539
67.3539
67.3539
67.3539
67.3539
67.3539
67.3539
67.3539
67.3539
67.3539
67.3539
67.3539
67.3539
67.3539
67.3539
67.3539
67.3539
67.3539
67.3539
67.3539
67.3539
67.3539
67.3539
67.3539
67.3539
67.3539
67.3539
67.3539
67.3539
67.3539
67.3539
67.3539
67.3539
67.3539
67.3539
67.3539
67.3539
67.3539
67.3539
67.3539
67.3539
67.3539
67.3539
67.3539
67.3539
67.3539
67.3539
67.3539
67.3539
67.3539
67.3539
67.3539
67.3539
67.3539
67.3539
67.3539
67.3539
67.3539
67.3539
67.3539
67.3539
67.3539
67.3539
67.3539
67.3539
67.3539
67.3539
67.3539
67.3539
67.3539
67.3539
67.3539
67.3539
67.3539
67.3539
67.3539
67.3539
67.3539
67.3539
67.3539
67.3539
67.3539
67.3539
67.3539
67.3539
67.3539
67.3539
67.3539
67.3539
67.3539
67.3539
67.3539
67.3539
67.3539
67.3539
67.3539
67.3539
67.3539
65.8127
65.8127
65.8127
65.8127
65.8127
65.8127
65.8127
65.8127
65.8127
65.8127
65.8127
65.8127
65.8127
65.8127
65.8127
65.8127
65.8127
65.8127
65.8127
65.8127
65.8127
65.8127
65.8127
65.8127
65.8127
65.8127
65.8127
65.8127
65.8127
65.8127
65.8127
65.8127
65.8127
65.8127
65.8127
65.8127
65.8127
65.8127
65.8127
65.8127
65.8127
65.8127
65.8127
65.8127
65.8127
65.8127
65.8127
65.8127
65.8127
65.8127
65.8127
65.8127
65.8127
65.8127
65.8127
65.8127
65.8127
65.8127
65.8127
65.8127
65.8127
65.8127
65.8127
65.8127
65.8127
65.8127
65.8127
65.8127
65.8127
65.8127
65.8127
65.8127
65.8127
65.8127
65.8127
65.8127
65.8127
65.8127
65.8127
65.8127
65.8127
65.8127
65.8127
65.8127
65.8127
65.8127
65.8127
65.8127
65.8127
65.8127
65.8127
65.8127
65.8127
65.8127
65.8127
65.8127
65.8127
65.8127
65.8127
65.8127
65.8127
65.8127
65.8127
65.8127
65.8127
65.8127
65.8127
65.8127
65.8127
65.8127
65.8127
65.8127
65.8127
65.8127
65.8127
65.8127
65.8127
65.8127
65.8127
65.8127
65.8127
65.8127
65.8127
65.8127
65.8127
65.8127
65.8127
65.8127
65.8127
65.8127
65.8127
65.8127
65.8127
65.8127
65.8127
65.8127
65.8127
65.8127
65.8127
65.8127
65.8127
65.8127
65.8127
65.8127
65.8127
65.8127
65.8127
65.8127
65.8127
65.8127
65.8127
65.8127
65.8127
65.8127
65.8127
65.8127
65.8127
65.8127
65.8127
65.8127
65.8127
65.8127
65.8127
65.8127
65.8127
65.8127
65.8127
65.8127
65.8127
65.8127
65.8127
65.8127
65.8127
65.8127
65.8127
65.8127
65.8127
65.8127
65.8127
65.8127
65.8127
65.8127
65.8127
65.8127
65.8127
65.8127
65.8127
65.8127
65.8127
65.8127
65.8127
65.8127
65.8127
65.8127
65.8127
65.8127
65.8127
65.8127
65.8127
65.8127
65.8127
65.8127
65.8127
65.8127
65.8127
65.8127
65.8127
65.8127
65.8127
65.8127
65.8127
65.8127
65.8127
65.8127
65.8127
65.8127
65.8127
65.8127
65.8127
65.8127
65.8127
65.8127
65.8127
65.8127
65.8127
65.8127
65.8127
65.8127
65.8127
65.8127
65.8127
65.8127
65.8127
65.8127
65.8127
65.8127
65.8127
65.8127
65.8127
65.8127
65.8127
65.8127
65.8127
65.8127
65.8127
65.8127
65.8127
65.8127
65.8127
65.8127
65.8127
65.8127
65.8127
65.8127
65.8127
65.8127
65.8127
65.8127
65.8127
65.8127
65.8127
65.8127
65.8127
65.8127
65.8127
65.8127
65.8127
65.8127
65.8127
65.8127
65.8127
65.8127
65.8127
65.8127
65.8127
65.8127
65.8127
65.8127
65.8127
65.8127
65.8127
65.8127
65.8127
65.8127
65.8127
65.8127
65.8127
65.8127
65.8127
65.8127
65.8127
65.8127
65.8127
65.8127
65.8127
65.8127
65.8127
65.8127
65.8127
65.8127
65.8127
65.8127
65.8127
65.8127
65.8127
65.8127
65.8127
65.8127
65.8127
65.8127
65.8127
65.8127
65.8127
65.8127
65.8127
65.8127
65.8127
65.8127
65.8127
65.8127
65.8127
65.8127
65.8127
65.8127
65.8127
65.8127
65.8127
65.8127
65.8127
65.8127
65.8127
65.8127
65.8127
65.8127
65.8127
65.8127
65.8127
65.8127
65.8127
65.8127
65.8127
65.8127
65.8127
65.8127
65.8127
65.8127
65.8127
65.8127
65.8127
65.8127
65.8127
65.8127
65.8127
65.8127
65.8127
65.8127
65.8127
65.8127
65.8127
65.8127
65.8127
65.8127
65.8127
65.8127
65.8127
65.8127
65.8127
65.8127
65.8127
65.8127
65.8127
65.8127
65.8127
65.8127
65.8127
65.8127
65.8127
65.8127
65.8127
65.8127
65.8127
65.8127
65.8127
65.8127
65.8127
65.8127
65.8127
65.8127
65.8127
65.8127
65.8127
65.8127
65.8127
65.8127
65.8127
65.8127
65.8127
65.8127
65.8127
65.8127
65.8127
65.8127
65.8127
65.8127
65.8127
65.8127
65.8127
65.8127
65.8127
65.8127
65.8127
65.8127
65.8127
65.8127
65.8127
65.8127
65.8127
65.8127
65.8127
65.8127
65.8127
65.8127
65.8127
65.8127
65.8127
65.8127
65.8127
65.8127
65.8127
65.8127
65.8127
65.8127
65.8127
65.8127
65.8127
65.8127
65.8127
65.8127
65.8127
65.8127
65.8127
65.8127
65.8127
65.8127
65.8127
65.8127
65.8127
65.8127
65.8127
65.8127
65.8127
65.8127
65.8127
65.8127
65.8127
65.8127
65.8127
65.8127
65.8127
65.8127
65.8127
65.8127
65.8127
65.8127
65.8127
65.8127
65.8127
65.8127
65.8127
65.8127
65.8127
65.8127
65.8127
65.8127
65.8127
65.8127
65.8127
65.8127
65.8127
65.8127
65.8127
65.8127
65.8127
65.8127
65.8127
65.8127
65.8127
65.8127
65.8127
65.8127
65.8127
65.8127
65.8127
65.8127
65.8127
65.8127
65.8127
65.8127
65.8127
65.8127
65.5959
65.5959
65.5959
65.5959
65.5959
65.5959
65.5959
65.5959
65.5959
65.5959
65.5959
65.5959
65.5959
65.5959
65.5959
65.5959
65.5959
65.5959
65.5959
65.5959
65.5959
65.5959
65.5959
65.5959
65.5959
65.5959
65.5959
65.5959
65.5959
65.5959
65.5959
65.5959
65.5959
65.5959
65.5959
65.5959
65.5959
65.5959
65.5959
65.5959
65.5959
65.5959
65.5959
65.5959
65.5959
65.5959
65.5959
65.5959
65.5959
65.5959
65.5959
65.5959
65.5959
65.5959
65.5959
65.5959
65.5959
65.5959
65.5959
65.5959
65.5959
65.5959
65.5959
65.5959
65.5959
65.5959
65.5959
65.5959
65.5959
65.5959
65.5959
65.5959
65.5959
65.5959
65.5959
65.5959
65.5959
65.5959
65.5959
65.5959
65.5959
65.5959
65.5959
65.5959
65.5959
65.5959
65.5959
65.5959
65.5959
65.5959
65.5959
65.5959
65.5959
65.5959
65.5959
65.5959
65.5959
65.5959
65.5959
65.5959
65.5959
65.5959
65.5959
65.5959
65.5959
65.5959
65.5959
65.5959
65.5959
65.5959
65.5959
65.5959
65.5959
65.5959
65.5959
65.5959
65.5959
65.5959
65.5959
65.5959
65.5959
65.5959
65.5959
65.5959
65.5959
65.5959
65.5959
65.5959
65.5959
65.5959
65.5959
65.5959
65.5959
65.5959
65.5959
65.5959
65.5959
65.5959
65.5959
65.5959
65.5959
65.5959
65.5959
65.5959
65.5959
65.5959
65.5959
65.5959
65.5959
65.5959
65.5959
65.5959
65.5959
65.5959
65.5959
65.5959
65.5959
65.5959
65.5959
65.5959
65.5959
65.5959
65.5959
65.5959
65.5959
65.5959
65.5959
65.5959
65.5959
65.5959
65.5959
65.5959
65.5959
65.5959
65.5959
65.5959
65.5959
65.5959
65.5959
65.5959
65.5959
65.5959
65.5959
65.5959
65.5959
65.5959
65.5959
65.5959
65.5959
65.5959
65.5959
65.5959
65.5959
65.5959
65.5959
65.5959
65.5959
65.5959
65.5959
65.5959
65.5959
65.5959
65.5959
65.5959
65.5959
65.5959
65.5959
65.5959
65.5959
65.5959
65.5959
65.5959
65.5959
65.5959
65.5959
65.5959
65.5959
65.5959
65.5959
65.5959
65.5959
65.5959
65.5959
65.5959
65.5959
65.5959
65.5959
65.5959
65.5959
65.5959
65.5959
65.5959
65.5959
65.5959
65.5959
65.5959
65.5959
65.5959
65.5959
65.5959
65.5959
65.5959
65.5959
65.5959
65.5959
65.5959
65.5959
65.5959
65.5959
65.5959
65.5959
65.5959
65.5959
65.5959
65.5959
65.5959
65.5959
65.5959
65.5959
65.5959
65.5959
65.5959
65.5959
65.5959
65.5959
65.5959
65.5959
65.5959
65.5959
65.5959
65.5959
65.5959
65.5959
65.5959
65.5959
65.5959
65.5959
65.5959
65.5959
65.5959
65.5959
65.5959
65.5959
65.5959
65.5959
65.5959
65.5959
65.5959
65.5959
65.5959
65.5959
65.5959
65.5959
65.5959
65.5959
65.5959
65.5959
65.5959
65.5959
65.5959
65.5959
65.5959
65.5959
65.5959
65.5959
65.5959
65.5959
65.5959
65.5959
65.5959
65.5959
65.5959
65.5959
65.5959
65.5959
65.5959
65.5959
65.5959
65.5959
65.5959
65.5959
65.5959
65.5959
65.5959
65.5959
65.5959
65.5959
65.5959
65.5959
65.5959
65.5959
65.5959
65.5959
65.5959
65.5959
65.5959
65.5959
65.5959
65.5959
65.5959
65.5959
65.5959
65.5959
65.5959
65.5959
65.5959
65.5959
65.5959
65.5959
65.5959
65.5959
65.5959
65.5959
65.5959
65.5959
65.5959
65.5959
65.5959
65.5959
65.5959
65.5959
65.5959
65.5959
65.5959
65.5959
65.5959
65.5959
65.5959
65.5959
65.5959
65.5959
65.5959
65.5959
65.5959
65.5959
65.5959
65.5959
65.5959
65.5959
65.5959
65.5959
65.5959
65.5959
65.5959
65.5959
65.5959
65.5959
65.5959
65.5959
65.5959
65.5959
65.5959
65.5959
65.5959
65.5959
65.5959
65.5959
65.5959
65.5959
65.5959
65.5959
65.5959
65.5959
65.5959
65.5959
65.5959
65.5959
65.5959
65.5959
65.5959
65.5959
65.5959
65.5959
65.5959
65.5959
65.5959
65.5959
65.5959
65.5959
65.5959
65.5959
65.5959
65.5959
65.5959
65.5959
65.5959
65.5959
65.5959
65.5959
65.5959
65.5959
65.5959
65.5959
65.5959
65.5959
65.5959
65.5959
65.5959
65.5959
65.5959
65.5959
65.5959
65.5959
65.5959
65.5959
65.5959
65.5959
65.5959
65.5959
65.5959
65.5959
65.5959
65.5959
65.5959
65.5959
65.5959
65.5959
65.5959
65.5959
65.5959
65.5959
65.5959
65.5959
65.5959
65.5959
65.5959
65.5959
65.5959
65.5959
65.5959
65.5959
65.5959
65.5959
65.5959
65.5959
65.5959
65.5959
65.5959
65.5959
65.5959
65.5959
65.5959
65.5959
65.5959
65.5959
65.5959
65.5959
65.5959
65.5959
65.5959
65.5959
65.5959
65.5959
65.5959
65.5959
65.5959
65.5959
65.5959
65.5959
65.5959
65.5959
65.5959
65.5959
65.5959
65.5959
65.5959
65.5959
65.5959
65.5959
65.5959
65.5959
65.5959
65.5959
65.5959
65.5959
65.5959
65.5959
65.5959
65.5959
65.5959
65.5959
65.5959
65.5959
65.5959
65.5959
65.5959
65.5959
65.5959
65.5959
65.5959
65.5959
65.5959
65.5959
65.5959
65.5959
65.5959
65.5959
65.5959
65.5959
65.5959
65.5959
65.5959
65.5959
65.5959
65.5959
65.5959
65.5959
65.5959
65.5959
65.5959
65.5959
65.5959
65.5959
65.5959
65.5959
65.5959
65.5959
65.5959
65.5959
65.5959
65.5959
65.5959
65.5959
65.5959
65.5959
65.5959
65.5959
65.5959
65.5959
65.5959
65.5959
65.5959
65.5959
65.5959
65.5959
65.5959
65.5959
65.5959
65.5959
65.5959
65.5959
65.5959
65.5959
65.5959
65.5959
65.5959
65.5959
65.5959
65.5959
65.5959
65.5959
65.5959
65.5959
65.5959
65.5959
65.5959
65.5959
65.5959
65.5959
65.5959
65.5959
65.5959
65.5959
65.5959
65.5959
65.5959
65.5959
65.5959
65.5959
65.5959
65.5959
65.5959
65.5959
65.5959
65.5959
65.5959
65.5959
65.5959
65.5959
65.5959
65.5959
65.5959
65.5959
65.5959
65.5959
65.5959
65.5959
65.5959
65.5959
65.5959
65.5959
65.5959
65.5959
65.5959
65.5959
65.5959
65.5959
65.5959
65.5959
65.5959
65.5959
65.5959
65.5959
65.5959
65.5959
65.5959
65.5959
65.5959
65.5959
65.5959
65.5959
65.5959
65.5959
65.5959
65.5959
65.5959
65.5959
65.5959
65.5959
65.5959
65.5959
65.5959
65.5959
65.5959
65.5959
65.5959
65.5959
65.5959
65.5959
65.5959
65.5959
65.5959
65.5959
65.5959
65.5959
65.5959
65.5959
65.5959
65.5959
65.5959
65.5959
65.5959
65.5959
65.5959
65.5959
65.5959
65.5959
65.5959
65.5959
65.5959
65.5959
65.5959
65.5959
65.5959
65.5959
65.5959
65.5959
65.5959
65.5959
65.5959
65.5959
65.5959
65.5959
65.5959
65.5959
65.5959
65.5959
65.5959
65.5959
65.5959
65.5959
65.5959
65.5959
65.5959
65.5959
65.5959
65.5959
65.5959
65.5959
65.5959
65.5959
65.5959
65.5959
65.5959
65.5959
65.5959
65.5959
65.5959
65.5959
65.5959
65.5959
65.5959
65.5959
65.5959
65.5959
65.5959
65.5959
65.5959
65.5959
65.5959
65.5959
65.5959
65.5959
65.5959
65.5959
65.5959
65.5959
65.5959
65.5959
65.5959
65.5959
65.5959
65.5959
65.5959
65.5959
65.5959
65.5959
65.5959
65.5959
65.5959
65.5959
65.5959
65.5959
65.5959
65.5959
65.5959
65.5959
65.5959
65.5959
65.5959
65.5959
65.5959
65.5959
65.5959
65.5959
65.5959
65.5959
65.5959
65.5959
65.5959
65.5959
65.5959
65.5959
65.5959
65.5959
65.5959
65.5959
65.5959
65.5959
65.5959
65.5959
65.5959
65.5959
65.5959
65.5959
65.5959
65.5959
65.5959
65.5959
65.5959
65.5959
65.5959
65.5959
65.5959
65.5959
65.5959
65.5959
65.5959
65.5959
65.5959
65.5959
65.5959
65.5959
65.5959
65.5959
65.5959
65.5959
65.5959
65.5959
65.5959
65.5959
65.5959
65.5959
65.5959
65.5959
65.5959
65.5959
65.5959
65.5959
65.5959
65.5959
65.5959
65.5959
65.5959
65.5959
65.5959
65.5959
65.5959
65.5959
65.5959
65.5959
65.5959
65.5959
65.5959
65.5959
65.5959
65.5959
65.5959
65.5959
65.5959
65.5959
65.5959
65.5959
65.5959
65.5959
65.5959
65.5959
65.5959
65.5959
65.5959
65.5959
65.5959
65.5959
65.5959
65.5959
65.5959
65.5959
65.5959
65.5959
65.5959
65.5959
65.5959
65.5959
65.5959
65.5959
65.5959
65.5959
65.5959
65.5959
65.5959
65.5959
65.5959
65.5959
65.5959
65.5959
65.5959
65.5959
65.5959
65.5959
65.5959
65.5959
65.5959
65.5959
65.5959
65.5959
65.5959
65.5959
65.5959
65.5959
65.5959
65.5959
65.5959
65.5959
65.5959
65.5959
65.5959
65.5959
65.5959
65.5959
65.5959
65.5959
65.5959
65.5959
65.5959
65.5959
65.5959
65.5959
65.5959
65.5959
65.5959
65.5959
65.5959
65.5959
65.5959
65.5959
65.5959
65.5959
65.5959
65.5959
65.5959
65.5959
65.5959
65.5959
65.5959
65.5959
65.5959
65.5959
65.5959
65.3401
65.3401
65.3401
65.3401
65.3401
65.3401
65.3401
65.3401
65.3401
65.3401
65.3401
65.3401
65.3401
65.3401
65.3401
65.3401
65.3401
65.3401
65.3401
65.3401
65.3401
65.3401
65.3401
65.3401
65.3401
65.3401
65.3401
65.3401
65.3401
65.3401
65.3401
65.3401
65.3401
65.3401
65.3401
65.3401
65.3401
65.3401
65.3401
65.3401
65.3401
65.3401
65.3401
65.3401
65.3401
65.3401
65.3401
65.3401
65.3401
65.3401
65.3401
65.3401
65.3401
65.3401
65.3401
65.3401
65.3401
65.3401
65.3401
65.3401
65.3401
65.3401
65.3401
65.3401
65.3401
65.3401
65.3401
65.3401
65.3401
65.3401
65.3401
65.3401
65.3401
65.3401
65.3401
65.3401
65.3401
65.3401
65.3401
65.3401
65.3401
65.3401
65.3401
65.3401
65.3401
65.3401
65.3401
65.3401
65.3401
65.3401
65.3401
65.3401
65.3401
65.3401
65.3401
65.3401
65.3401
65.3401
65.3401
65.3401
65.3401
65.3401
65.3401
65.3401
65.3401
65.3401
65.3401
65.3401
65.3401
65.3401
65.3401
65.3401
65.3401
65.3401
65.3401
65.3401
65.3401
65.3401
65.3401
65.3401
65.3401
65.3401
65.3401
65.3401
65.3401
65.3401
65.3401
65.3401
65.3401
65.3401
65.3401
65.3401
65.3401
65.3401
65.3401
65.3401
65.3401
65.3401
65.3401
65.3401
65.3401
65.3401
65.3401
65.3401
65.3401
65.3401
65.3401
65.3401
65.3401
65.3401
65.3401
65.3401
65.3401
65.3401
65.3401
65.3401
65.3401
65.3401
65.3401
65.3401
65.3401
65.3401
65.3401
65.3401
65.3401
65.3401
65.3401
65.3401
65.3401
65.3401
65.3401
65.3401
65.3401
65.3401
65.3401
65.3401
65.3401
65.3401
65.3401
65.3401
65.3401
65.3401
65.3401
65.3401
65.3401
65.3401
65.3401
65.3401
65.3401
65.3401
65.3401
65.3401
65.3401
65.3401
65.3401
65.3401
65.3401
65.3401
65.3401
65.3401
65.3401
65.3401
65.3401
65.3401
65.3401
65.3401
65.3401
65.3401
65.3401
65.3401
65.3401
65.3401
65.3401
65.3401
65.3401
65.3401
65.3401
65.3401
65.3401
65.3401
65.3401
65.3401
65.3401
65.3401
65.3401
65.3401
65.3401
65.3401
65.3401
65.3401
65.3401
65.3401
65.3401
65.3401
65.3401
65.3401
65.3401
65.3401
65.3401
65.3401
65.3401
65.3401
65.3401
65.3401
65.3401
65.3401
65.3401
65.3401
65.3401
65.3401
65.3401
65.3401
65.3401
65.3401
65.3401
65.3401
65.3401
65.3401
65.3401
65.3401
65.3401
65.3401
65.3401
65.3401
65.3401
65.3401
65.3401
65.3401
65.3401
65.3401
65.3401
65.3401
65.3401
65.3401
65.3401
65.3401
65.3401
65.3401
65.3401
65.3401
65.3401
65.3401
65.3401
65.3401
65.3401
65.3401
65.3401
65.3401
65.3401
65.3401
65.3401
65.3401
65.3401
65.3401
65.3401
65.3401
65.3401
65.3401
65.3401
65.3401
65.3401
65.3401
65.3401
65.3401
65.3401
65.3401
65.3401
65.3401
65.3401
65.3401
65.3401
65.3401
65.3401
65.3401
65.3401
65.3401
65.3401
65.3401
65.3401
65.3401
65.3401
65.3401
65.3401
65.3401
65.3401
65.3401
65.3401
65.3401
65.3401
65.3401
65.3401
65.3401
65.3401
65.3401
65.3401
65.3401
65.3401
65.3401
65.3401
65.3401
65.3401
65.3401
65.3401
65.3401
65.3401
65.3401
65.3401
65.3401
65.3401
65.3401
65.3401
65.3401
65.3401
65.3401
65.3401
65.3401
65.3401
65.3401
65.3401
65.3401
65.3401
65.3401
65.3401
65.3401
65.3401
65.3401
65.3401
65.3401
65.3401
65.3401
65.3401
65.3401
65.3401
65.3401
65.3401
65.3401
65.3401
65.3401
65.3401
65.3401
65.3401
65.3401
65.3401
65.3401
65.3401
65.3401
65.3401
65.3401
65.3401
65.3401
65.3401
65.3401
65.3401
65.3401
65.3401
65.3401
65.3401
65.3401
65.3401
65.3401
65.3401
65.3401
65.3401
65.3401
65.3401
65.3401
65.3401
65.3401
65.3401
65.3401
65.3401
65.3401
65.3401
65.3401
65.3401
65.3401
65.3401
65.3401
65.3401
65.3401
65.3401
65.3401
65.3401
65.3401
65.3401
65.3401
65.3401
65.3401
65.3401
65.3401
65.3401
65.3401
65.3401
65.3401
65.3401
65.3401
65.3401
65.3401
65.3401
65.3401
65.3401
65.3401
65.3401
65.3401
65.3401
65.3401
65.3401
65.3401
65.3401
65.3401
65.3401
65.3401
65.3401
65.3401
65.3401
65.3401
65.3401
65.3401
65.3401
65.3401
65.3401
65.3401
65.3401
65.3401
65.3401
65.3401
65.3401
65.3401
65.3401
65.3401
65.3401
65.3401
65.3401
65.3401
65.3401
65.3401
65.3401
65.3401
65.3401
65.3401
65.3401
65.3401
65.3401
65.3401
65.3401
65.3401
65.3401
65.3401
65.3401
65.3401
65.3401
65.3401
65.3401
65.3401
65.3401
65.3401
65.3401
65.3401
65.3401
65.3401
65.3401
65.3401
65.3401
65.3401
65.3401
65.3401
65.3401
65.3401
65.3401
65.3401
65.3401
65.3401
65.3401
65.3401
65.3401
65.3401
65.3401
65.3401
65.3401
65.3401
65.3401
65.3401
65.3401
65.3401
65.3401
65.3401
65.3401
65.3401
65.3401
65.3401
65.3401
65.3401
65.3401
65.3401
65.3401
65.3401
65.3401
65.3401
65.3401
65.3401
65.3401
65.3401
65.3401
65.3401
65.3401
65.3401
65.3401
65.3401
65.3401
65.3401
65.3401
65.3401
65.3401
65.3401
65.3401
65.3401
65.3401
65.3401
65.3401
65.3401
65.3401
65.3401
65.3401
65.3401
65.3401
65.3401
65.3401
65.3401
65.3401
65.3401
65.3401
65.3401
65.3401
65.3401
65.3401
65.3401
65.3401
65.3401
65.3401
65.3401
65.3401
65.3401
65.3401
65.3401
65.3401
65.3401
65.3401
65.3401
65.3401
65.3401
65.3401
65.3401
65.3401
65.3401
65.3401
65.3401
65.3401
65.3401
65.3401
65.3401
65.3401
65.3401
65.3401
65.3401
65.3401
65.3401
65.3401
65.3401
65.3401
65.3401
65.3401
65.3401
65.3401
65.3401
65.3401
65.3401
65.3401
65.3401
65.3401
65.3401
65.3401
65.3401
65.3401
65.3401
65.3401
65.3401
65.3401
65.3401
65.3401
65.3401
65.3401
65.3401
65.3401
65.3401
65.3401
65.3401
65.3401
65.3401
65.3401
65.3401
65.3401
65.3401
65.3401
65.3401
65.3401
65.3401
65.3401
65.3401
65.3401
65.3401
65.3401
65.3401
65.3401
65.3401
65.3401
65.3401
65.3401
65.3401
65.3401
65.3401
65.3401
65.3401
65.3401
65.3401
65.3401
65.3401
65.3401
65.3401
65.3401
65.3401
65.3401
65.3401
65.3401
65.3401
65.3401
65.3401
65.3401
65.3401
65.3401
65.3401
65.3401
65.3401
65.3401
65.3401
65.3401
65.3401
65.3401
65.3401
65.3401
65.3401
65.3401
65.3401
65.3401
65.3401
65.3401
65.3401
65.3401
65.3401
65.3401
65.3401
65.3401
65.3401
65.3401
65.3401
65.3401
65.3401
65.3401
65.3401
65.3401
65.3401
65.3401
65.3401
65.3401
65.3401
65.3401
65.3401
65.3401
65.3401
65.3401
65.3401
65.3401
65.3401
65.3401
65.3401
65.3401
65.3401
65.3401
65.3401
65.3401
65.3401
65.3401
65.3401
65.3401
65.3401
65.3401
65.3401
65.3401
65.3401
65.3401
65.3401
65.3401
65.3401
65.3401
65.3401
65.3401
65.3401
65.3401
65.3401
65.3401
65.3401
65.3401
65.3401
65.3401
65.3401
65.3401
65.3401
65.3401
65.3401
65.3401
65.3401
65.3401
65.3401
65.3401
65.3401
65.3401
65.3401
65.3401
65.3401
65.3401
65.3401
65.3401
65.3401
65.3401
65.3401
65.3401
65.3401
65.3401
65.3401
65.3401
65.3401
65.3401
65.3401
65.3401
65.3401
65.3401
65.3401
65.3401
65.3401
65.3401
65.3401
65.3401
65.3401
65.3401
65.3401
65.3401
65.3401
65.3401
65.3401
65.3401
65.3401
65.3401
65.3401
65.3401
65.3401
65.3401
65.3401
65.3401
65.3401
65.3401
65.3401
65.3401
65.3401
65.3401
65.3401
65.3401
65.3401
65.3401
65.3401
65.3401
65.3401
65.3401
65.3401
65.3401
65.3401
65.3401
65.3401
65.3401
65.3401
65.3401
65.3401
65.3401
65.3401
65.3401
65.3401
65.3401
65.3401
65.3401
65.3401
65.3401
65.3401
65.3401
65.3401
65.3401
65.3401
65.3401
65.3401
65.3401
65.3401
65.3401
65.3401
65.3401
65.3401
65.3401
65.3401
65.3401
65.3401
65.3401
65.3401
65.3401
65.3401
65.3401
65.3401
65.3401
65.3401
65.3401
65.3401
65.3401
65.3401
65.3401
65.3401
65.3401
65.3401
65.3401
65.3401
65.3401
65.3401
65.3401
65.3401
65.3401
65.3401
65.3401
65.3401
65.3401
65.3401
65.3401
65.3401
65.3401
65.3401
65.3401
65.3401
65.3401
65.3401
65.3401
65.3401
65.3401
65.3401
65.3401
65.3401
65.3401
65.3401
65.3401
65.3401
65.3401
65.3401
65.3401
65.3401
65.3401
65.3401
65.3401
65.3401
65.3401
65.3401
65.3401
65.3401
65.3401
65.3401
65.3401
65.3401
65.3401
65.3401
65.3401
65.3401
65.3401
65.3401
65.3401
65.3401
65.3401
65.3401
65.3401
65.3401
65.3401
65.3401
65.3401
65.3401
65.3401
65.3401
65.3401
65.3401
65.3401
65.3401
65.3401
65.3401
65.3401
65.3401
65.3401
65.3401
65.3401
65.3401
65.3401
65.3401
65.3401
65.3401
65.3401
65.3401
65.3401
65.3401
65.3401
65.3401
65.3401
65.3401
65.3401
65.3401
65.3401
65.3401
65.3401
65.3401
65.3401
65.3401
65.3401
65.3401
65.3401
65.3401
65.3401
65.3401
65.3401
65.3401
65.3401
65.3401
65.3401
65.3401
65.3401
65.3401
65.3401
65.3401
65.3401
65.3401
65.3401
65.3401
65.3401
65.3401
65.3401
65.3401
65.3401
65.3401
65.3401
65.3401
65.3401
65.3401
65.3401
65.3401
65.3401
65.3401
65.3401
65.3401
65.3401
65.3401
65.3401
65.3401
65.3401
65.3401
65.3401
65.3401
65.3401
65.3401
65.3401
65.3401
65.3401
65.3401
65.3401
65.3401
65.3401
65.3401
65.3401
65.3401
65.3401
65.3401
65.3401
65.3401
65.3401
65.3401
65.3401
65.3401
65.3401
65.3401
65.3401
65.3401
65.3401
65.3401
65.3401
65.3401
65.3401
65.3401
65.3401
65.3401
65.3401
65.3401
65.3401
65.3401
65.3401
65.3401
65.3401
65.3401
65.3401
65.3401
65.3401
65.3401
65.3401
65.3401
65.3401
65.3401
65.3401
65.3401
65.3156
65.3156
65.3156
65.3156
65.3156
65.3156
65.3156
65.3156
65.3156
65.3156
65.3156
65.3156
65.3156
65.3156
65.3156
65.3156
65.3156
65.3156
65.3156
65.3156
65.3156
65.3156
65.3156
65.3156
65.3156
65.3156
65.3156
65.3156
65.3156
65.3156
65.3156
65.3156
65.3156
65.3156
65.3156
65.3156
65.3156
65.3156
65.3156
65.3156
65.3156
65.3156
65.3156
65.3156
65.3156
65.3156
65.3156
65.3156
65.3156
65.3156
65.3156
65.3156
65.3156
65.3156
65.3156
65.3156
65.3156
65.3156
65.3156
65.3156
65.3156
65.3156
65.3156
65.3156
65.3156
65.3156
65.3156
65.3156
65.3156
65.3156
65.3156
65.3156
65.3156
65.3156
65.3156
65.3156
65.3156
65.3156
65.3156
65.3156
65.3156
65.3156
65.3156
65.3156
65.3156
65.3156
65.3156
65.3156
65.3156
65.3156
65.3156
65.3156
65.3156
65.3156
65.3156
65.3156
65.3156
65.3156
65.3156
65.3156
65.3156
65.3156
65.3156
65.3156
65.3156
65.3156
65.3156
65.3156
65.3156
65.3156
65.3156
65.3156
65.3156
65.3156
65.3156
65.1827
65.1827
65.1827
65.1827
65.1827
65.1827
65.1827
65.1827
65.1827
65.1827
65.1827
65.1827
65.1827
65.1827
65.1827
65.1827
65.1827
65.1827
65.1827
65.1827
65.1827
65.1827
65.1827
65.1827
65.1827
65.1827
65.1827
65.1827
65.1827
65.1827
65.1827
65.1827
65.1827
65.1827
65.1827
65.1827
65.1827
65.1827
65.1827
65.1827
65.1827
65.1827
65.1827
65.1827
65.1827
65.1827
65.1827
65.1827
65.1827
65.1827
65.1827
65.1827
65.1827
65.1827
65.1827
65.1827
65.1827
65.1827
65.1827
65.1827
65.1827
65.1827
65.1827
65.1827
65.1827
65.1827
65.1827
65.1827
65.1827
65.1827
65.1827
65.1827
65.1827
65.1253
65.1253
65.1253
65.1253
65.1253
65.1253
65.1253
65.1253
65.1253
65.1253
65.1253
65.1253
65.1253
65.1253
65.1253
65.1253
65.1253
65.1253
65.1253
65.1253
65.1253
65.1253
65.1253
65.1253
65.1253
65.1253
65.1253
65.1253
65.1253
65.1253
65.1253
65.1253
65.1253
65.1253
65.1253
65.1253
65.1253
65.1253
65.1253
65.1253
65.1253
65.1253
65.1253
65.1253
65.1253
65.1253
65.1253
65.1253
65.1253
65.1253
65.1253
65.1253
65.1253
65.1253
65.1253
65.1253
65.1253
65.1253
65.1253
65.1253
65.1253
65.1253
65.1253
65.1253
65.1253
65.1253
65.1253
65.1253
65.1253
65.1253
65.1253
65.1253
65.1253
65.1253
65.1253
65.1253
65.1253
65.1253
65.1253
65.1253
65.1253
65.1253
65.1253
65.1253
65.1253
65.1253
65.1253
65.1253
65.1253
65.1253
65.1253
65.1253
65.1253
65.1253
65.1253
65.1253
65.1253
65.1253
65.1253
65.1253
65.1253
65.1253
65.1253
65.1253
65.1253
65.1253
65.1253
65.1253
65.1253
65.1253
65.1253
65.1253
65.1253
65.1253
65.1253
65.1253
65.1253
65.1253
65.1253
65.1253
65.1253
65.1253
65.1253
65.1253
65.1253
65.1253
65.1253
65.1253
65.1253
65.1253
65.1253
65.1253
65.1253
65.1253
65.1253
65.1253
65.1253
65.1253
65.1253
65.1253
65.1253
65.1253
65.1253
65.1253
65.1253
65.1253
65.1253
65.1253
65.1253
65.1253
65.1253
65.1253
65.1253
65.1253
65.1253
65.1253
65.1253
65.1253
65.1253
65.1253
65.1253
65.1253
65.1253
65.1253
65.1253
65.1253
65.1253
65.1253
65.1253
65.1253
65.1253
65.1253
65.1253
65.1253
65.1253
65.1253
65.1253
65.1253
65.1253
65.1253
65.1253
65.1253
65.1253
65.1253
65.1253
65.1253
65.1253
65.1253
65.1253
65.1253
65.1253
65.1253
65.1253
65.1253
65.1253
65.1253
65.1253
65.1253
65.1253
65.1253
65.1253
65.1253
65.1253
65.1253
65.1253
65.1253
65.1253
65.1253
65.1253
65.1253
65.1253
65.1253
65.1253
65.1253
65.1253
65.1253
65.1253
65.1253
65.1253
65.1253
65.1253
65.1253
65.1253
65.1253
65.1253
65.1253
65.1253
65.1253
65.1253
65.1253
65.1253
65.1253
65.1253
65.1253
65.1253
65.1253
65.1253
65.1253
65.1253
65.1253
65.1253
65.1253
65.1253
65.1253
65.1253
65.1253
65.1253
65.1253
65.1253
65.1253
65.1253
65.1253
65.1253
65.1253
65.1253
65.1253
65.1253
65.1253
65.1253
65.1253
65.1253
65.1253
65.1253
65.1253
65.1253
65.1253
65.1253
65.1253
65.1253
65.1253
65.1253
65.1253
65.1253
65.1253
65.1253
65.1253
65.1253
65.1253
65.1253
65.1253
65.1253
65.1253
65.1253
65.1253
65.1253
65.1253
65.1253
65.1253
65.1253
65.1253
65.1253
65.1253
65.1253
65.1253
65.1253
65.1253
65.1253
65.1253
65.1253
65.1253
65.1253
65.1253
65.1253
65.1253
65.1253
65.1253
65.1253
65.1253
65.1253
65.1253
65.1253
65.1253
65.1253
65.1253
65.1253
65.1253
65.1253
65.1253
65.1253
65.1253
65.1253
65.1253
65.1253
65.1253
65.1253
65.1253
65.1253
65.1253
65.1253
65.1253
65.1253
65.1253
65.1253
65.1253
65.1253
65.1253
65.1253
65.1253
65.1253
65.1253
65.1253
65.1253
65.1253
65.1253
65.1253
65.1253
65.1253
65.1253
65.1253
65.1253
65.1253
65.1253
65.1253
65.1253
65.1253
65.1253
65.1253
65.1253
65.1253
65.1253
65.1253
65.1253
65.1253
65.1253
65.1253
65.1253
65.1253
65.1253
65.1253
65.1253
65.1253
65.1253
65.1253
65.1253
65.1253
65.1253
65.1253
65.1253
65.1253
65.1253
65.1253
65.1253
65.1253
65.1253
65.1253
65.1253
65.1253
65.1253
65.1253
65.1253
65.1253
65.1253
65.1253
65.1253
65.1253
65.1253
65.1253
65.1253
65.1253
65.1253
65.1253
65.1253
65.1253
65.1253
65.1253
65.1253
65.1253
65.1253
65.1253
65.1253
65.1253
65.1253
65.1253
65.1253
65.1253
65.1253
65.1253
65.1253
65.1253
65.1253
65.1253
65.1253
65.1253
65.1253
65.1253
65.1253
65.1253
65.1253
65.1253
65.1253
65.1253
65.1253
65.1253
65.1253
65.1253
65.1253
65.1253
65.1253
65.1253
65.1253
65.1253
65.1253
65.1253
65.1253
65.1253
65.1253
65.1253
65.1253
65.1253
65.1253
65.1253
65.1253
65.1253
65.1253
65.1253
65.1253
65.1253
65.1253
65.1253
65.1253
65.1253
65.1253
65.1253
65.1253
65.1253
65.1253
65.1253
65.1253
65.1253
65.1253
65.1253
65.1253
65.1253
65.1253
65.1253
65.1253
65.1253
65.1253
65.1253
65.1253
65.1253
65.1253
65.1253
65.1253
65.1253
65.1253
65.1253
65.1253
65.1253
65.1253
65.1253
65.1253
65.1253
65.1253
65.1253
65.1253
65.1253
65.1253
65.1253
65.1253
65.1253
65.1253
65.1253
65.1253
65.1253
65.1253
65.1253
65.1253
65.1253
65.1253
65.1253
65.1253
65.1253
65.1253
65.1253
65.1253
65.1253
65.1253
65.1253
65.1253
65.1253
65.1253
65.1253
65.1253
65.1253
65.1253
65.1253
65.1253
65.1253
65.1253
65.1253
65.1253
65.1253
65.1253
65.1253
65.1253
65.1253
65.1253
65.1253
65.1253
65.1253
65.1253
65.1253
65.1253
65.1253
65.1253
65.1253
65.1253
65.1253
65.1253
65.1253
65.1253
65.1253
65.1253
65.1253
65.1253
65.1253
65.1253
65.1253
65.1253
65.1253
65.1253
65.1253
65.1253
65.1253
65.1253
65.1253
65.1253
65.1253
65.1253
65.1253
65.1253
65.1253
65.1253
65.1253
65.1253
65.1253
65.1253
65.1253
65.1253
65.1253
65.1253
65.1253
65.1253
65.1253
65.1253
65.1253
65.1253
65.1253
65.1253
65.1253
65.1253
65.1253
65.1253
65.1253
65.1253
65.1253
65.1253
65.1253
65.1253
65.1253
65.1253
65.1253
65.1253
65.1253
65.1253
65.1253
65.1253
65.1253
65.1253
65.1253
65.1253
65.1253
65.1253
65.1253
65.1253
65.1253
65.1253
65.1253
65.1253
65.1253
65.1253
65.1253
65.1253
65.1253
65.1253
65.1253
65.1253
65.1253
65.1253
65.1253
65.1253
65.1253
65.1253
65.1253
65.1253
65.1253
65.1253
65.1253
65.1253
65.1253
65.1253
65.1253
65.1253
65.1253
65.1253
65.1253
65.1253
65.1253
65.1253
65.1253
65.1253
65.1253
65.1253
65.1253
65.1253
65.1253
65.1253
65.1253
65.1253
65.1253
65.1253
65.1253
65.1253
65.1253
65.1253
65.1253
65.1253
65.1253
65.1253
65.1253
65.1253
65.1253
65.1253
65.1253
65.1253
65.1253
65.1253
65.1253
65.1253
65.1253
65.1253
65.1253
65.1253
65.1253
65.1253
65.1253
65.1253
65.1253
65.1253
65.1253
65.1253
65.1253
65.1253
65.1253
65.1253
65.1253
65.1253
65.1253
65.1253
65.1253
65.1253
65.1253
65.1253
65.1253
65.1253
65.1253
65.1253
65.1253
65.1253
65.1253
65.1253
65.1253
65.1253
65.1253
65.1253
65.1253
65.1253
65.1253
65.1253
65.1253
65.1253
65.1253
65.1253
65.1253
65.1253
65.1253
65.1253
65.1253
65.1253
65.1253
65.1253
65.1253
65.1253
65.1253
65.1253
65.1253
65.1253
65.1253
65.1253
65.1253
65.1253
65.1253
65.1253
65.1253
65.1253
65.1253
65.1253
65.1253
65.1253
65.1253
65.1253
65.1253
65.1253
65.1253
65.1253
65.1253
65.1253
65.1253
65.1253
65.1253
65.1253
65.1253
65.1253
65.1253
65.1253
65.1253
65.1253
65.1253
65.1253
65.1253
65.1253
65.1253
65.1253
65.1253
65.1253
65.1253
65.1253
65.1253
65.1253
65.1253
65.1253
65.1253
65.1253
65.1253
65.1253
65.1253
65.1253
65.1253
65.1253
65.1253
65.1253
65.1253
65.1253
65.1253
65.1253
65.1253
65.1253
65.1253
65.1253
65.1253
65.1253
65.1253
65.1253
65.1253
65.1253
65.1253
65.1253
65.1253
65.1253
65.1253
65.1253
65.1253
65.1253
65.1253
65.1253
65.1253
65.1253
65.1253
65.1253
65.1253
65.1253
65.1253
65.1253
65.1253
65.1253
65.1253
65.1253
65.1253
65.1253
65.1253
65.1253
65.1253
65.1253
65.1253
65.1253
65.1253
65.1253
65.1253
65.1253
65.1253
65.1253
65.1253
65.1253
65.1253
65.1253
65.1253
65.1253
65.1253
65.1253
65.1253
65.1253
65.1253
65.1253
65.1253
65.1253
65.1253
65.1253
65.1253
65.1253
65.1253
65.1253
65.1253
65.1253
65.1253
65.1253
65.1253
65.1253
65.1253
65.1253
65.1253
65.1253
65.1253
65.1253
65.1253
65.1253
65.1253
65.1253
65.1253
65.1253
65.1253
65.1253
65.1253
65.1253
65.1253
65.1253
65.1253
65.1253
65.1253
65.1253
65.1253
65.1253
65.1253
65.1253
65.1253
65.1253
65.1253
65.1253
65.1253
65.1253
65.1253
65.1253
65.1253
65.1253
65.1253
65.1253
65.1253
65.1253
65.1253
65.1253
65.1253
65.1253
65.1253
65.1253
65.1253
65.1253
65.1253
65.1253
65.1253
65.1253
65.1253
65.1253
65.1253
65.1253
65.1253
65.1253
65.1253
65.1253
65.1253
65.1253
65.1253
65.1253
65.1253
65.1253
65.1253
65.1253
65.1253
65.1253
65.1253
65.1253
65.1253
65.1253
65.1253
65.1253
65.1253
65.1253
65.1253
65.1253
65.1253
65.1253
65.1253
65.1253
65.1253
65.1253
65.1253
65.1253
65.1253
65.1253
65.1253
65.1253
65.1253
65.1253
65.1253
65.1253
65.1253
65.1253
65.1253
65.1253
65.1253
65.1253
65.1253
65.1253
65.1253
65.1253
65.1253
65.1253
65.1253
65.1253
65.1253
65.1253
65.1253
65.1253
65.1253
65.1253
65.1253
65.1253
65.1253
65.1253
65.1253
65.1253
65.1253
65.1253
65.1253
65.1253
65.1253
65.1253
65.1253
65.1253
65.1253
65.1253
65.1253
65.1253
65.1253
65.1253
65.1253
65.1253
65.1253
65.1253
65.1253
65.1253
65.1253
65.1253
65.1253
65.1253
65.1253
65.1253
65.1253
65.1253
65.1253
65.1253
65.1253
65.1253
65.1253
65.1253
65.1253
65.1253
65.1253
65.1253
65.1253
65.1253
65.1253
65.1253
65.1253
65.1253
65.1253
65.1253
65.1253
65.1253
65.1253
65.1253
65.1253
65.1253
65.1253
65.1253
65.1253
65.1253
65.1253
65.1253
65.1253
65.1253
65.1253
65.1253
65.1253
65.1253
65.1253
65.1253
65.1253
65.1253
65.1253
65.1253
65.1253
65.1253
65.1253
65.1253
65.1253
65.1253
65.1253
65.1253
65.1253
65.1253
65.1253
65.1253
65.1253
65.1253
65.1253
65.1253
65.1253
65.1253
65.1253
65.1253
65.1253
65.1253
65.1253
65.1253
65.1253
65.1253
65.1253
65.1253
65.1253
65.1253
65.1253
65.1253
65.1253
65.1253
65.1253
65.1253
65.1253
65.1253
65.1253
65.1253
65.1253
65.1253
65.1253
65.1253
65.1253
65.1253
65.1253
65.1253
65.1253
65.1253
65.1253
65.1253
65.1253
65.1253
65.1253
65.1253
65.1253
65.1253
65.1253
65.1253
65.1253
65.1253
65.1253
65.1253
65.1253
65.1253
65.1253
65.1253
65.1253
65.1253
65.1253
65.1253
65.1253
65.1253
65.1253
65.1253
65.1253
65.1253
65.1253
65.1253
65.1253
65.1253
65.1253
65.1253
65.1253
65.1253
65.1253
65.1253
65.1253
65.1253
65.1253
65.1253
65.1253
65.1253
65.1253
65.1253
65.1253
65.1253
65.1253
65.1253
65.1253
65.1253
65.1253
65.1253
65.1253
65.1253
65.1253
65.1253
65.1253
65.1253
65.1253
65.1253
65.1253
65.1253
65.1253
65.1253
65.1253
65.1253
65.1253
65.1253
65.1253
65.1253
65.1253
65.1253
65.1253
65.1253
65.1253
65.1253
65.1253
65.1253
65.1253
65.1253
65.1253
65.1253
65.1253
65.1253
65.1253
65.1253
65.1253
65.1253
65.1253
65.1253
65.1253
65.1253
65.1253
65.1253
65.1253
65.1253
65.1253
65.1253
65.1253
65.1253
65.1253
65.1253
65.1253
65.1253
65.1253
65.1253
65.1253
65.1253
65.1253
65.1253
65.1253
65.1253
65.1253
65.1253
65.1253
65.1253
65.1253
65.1253
65.1253
65.1253
65.1253
65.1253
65.1253
65.1253
65.1253
65.1253
65.1253
65.1253
65.1253
65.1253
65.1253
65.1253
65.1253
65.1253
65.1253
65.1253
65.1253
65.1253
65.1253
65.1253
65.1253
65.1253
65.1253
65.1253
65.1253
65.1253
65.1253
65.1253
65.1253
65.1253
65.1253
65.1253
65.1253
65.1253
65.1253
65.1253
65.1253
65.1253
65.1253
65.1253
65.1253
65.1253
65.1253
65.1253
65.1253
65.1253
65.1253
65.1253
65.1253
65.1253
65.1253
65.1253
65.1253
65.1253
65.1253
65.1253
65.1253
65.1253
65.1253
65.1253
65.1253
65.1253
65.1253
65.1253
65.1253
65.1253
65.1253
65.1253
65.1253
65.1253
65.1253
65.1253
65.1253
65.1253
65.1253
65.1253
65.1253
65.1253
65.1253
65.1253
65.1253
65.1253
65.1253
65.1253
65.1253
65.1253
65.1253
65.1253
65.1253
65.1253
65.1253
65.1253
65.1253
65.1253
65.1253
65.1253
65.1253
65.1253
65.1253
65.1253
65.1253
65.1253
65.1253
65.1253
65.1253
65.1253
65.1253
65.1253
65.1253
65.1253
65.1253
65.1253
65.1253
65.1253
65.1253
65.1253
65.1253
65.1253
65.1253
65.1253
65.1253
65.1253
65.1253
65.1253
65.1253
65.1253
65.1253
65.1253
65.1253
65.1253
65.1253
65.1253
65.1253
65.1253
65.1253
65.1253
65.1253
65.1253
65.1253
65.1253
65.1253
65.1253
65.1253
65.1253
65.1253
65.1253
65.1253
65.1253
65.1253
65.1253
65.1253
65.1253
65.1253
65.1253
65.1253
65.1253
65.1253
65.1253
65.1253
65.1253
65.1253
65.1253
65.1253
65.1253
65.1253
65.1253
65.1253
65.1253
65.1253
65.1253
65.1253
65.1253
65.1253
65.1253
65.1253
65.1253
65.1253
65.1253
65.1253
65.1253
65.1253
65.1253
65.1253
65.1253
65.1253
65.1253
65.1253
65.1253
65.1253
65.1253
65.1253
65.1253
65.1253
65.1253
65.1253
65.1253
65.1253
65.1253
65.1253
65.1253
65.1253
65.1253
65.1253
65.1253
65.1253
65.1253
65.1253
65.1253
65.1253
65.1253
65.1253
65.1253
65.1253
65.1253
65.1253
65.1253
65.1253
65.1253
65.1253
65.1253
65.1253
65.1253
65.1253
65.1253
65.1253
65.1253
65.1253
65.1253
65.1253
65.1253
65.1253
65.1253
65.1253
65.1253
65.1253
65.1253
65.1253
65.1253
65.1253
65.1253
65.1253
65.1253
65.1253
65.1253
65.1253
65.1253
65.1253
65.1253
65.1253
65.1253
65.1253
65.1253
65.1253
65.1253
65.1253
65.1253
65.1253
65.1253
65.1253
65.1253
65.1253
65.1253
65.1253
65.1253
65.1253
65.1253
65.1253
65.1253
65.1253
65.1253
65.1253
65.1253
65.1253
65.1253
65.1253
65.1253
65.1253
65.1253
65.1253
65.1253
65.1253
65.1253
65.1253
65.1253
65.1253
65.1253
65.1253
65.1253
65.1253
65.1253
65.1253
65.1253
65.1253
65.1253
65.1253
65.1253
65.1253
65.1253
65.1253
65.1253
65.1253
65.1253
65.1253
65.1253
65.1253
65.1253
65.1253
65.1253
65.1253
65.1253
65.1253
65.1253
65.1253
65.1253
65.1253
65.1253
65.1253
65.1253
65.1253
65.1253
65.1253
65.1253
65.1253
65.1253
65.1253
65.1253
65.1253
65.1253
65.1253
65.1253
65.1253
65.1253
65.1253
65.1253
65.1253
65.1253
65.1253
65.1253
65.1253
65.1253
65.1253
65.1253
65.1253
65.1253
65.1253
65.1253
65.1253
65.1253
65.1253
65.1253
65.1253
65.1253
65.1253
65.1253
65.1253
65.1253
65.1253
65.1253
65.1253
65.1253
65.1253
65.1253
65.1253
65.1253
65.1253
65.1253
65.1253
65.1253
65.1253
65.1253
65.1253
65.1253
65.1253
65.1253
65.1253
65.1253
65.1253
65.1253
65.1253
65.1253
65.1253
65.1253
65.1253
65.1253
65.1253
65.1253
65.1253
65.1253
65.1253
65.1253
65.1253
65.1253
65.1253
65.1253
65.1253
65.1253
65.1253
65.1253
65.1253
65.1253
65.1253
65.1253
65.1253
65.1253
65.1253
65.1253
65.1253
65.1253
65.1253
65.1253
65.1253
65.1253
65.1253
65.1253
65.1253
65.1253
65.1253
65.1253
65.1253
65.1253
65.1253
65.1253
65.1253
65.1253
65.1253
65.1253
65.1253
65.1253
65.1253
65.1253
65.1253
65.1253
65.1253
65.1253
65.1253
65.1253
65.1253
65.1253
65.1253
65.1253
65.1253
65.1253
65.1253
65.1253
65.1253
65.1253
65.1253
65.1253
65.1253
65.1253
65.1253
65.1253
65.1253
65.1253
65.1253
65.1253
65.1253
65.1253
65.1253
65.1253
65.1253
65.1253
65.1253
65.1253
65.1253
65.1253
65.1253
65.1253
65.1253
65.1253
65.1253
65.1253
65.1253
65.1253
65.1253
65.1253
65.1253
65.1253
65.1253
65.1253
65.1253
65.1253
65.1253
65.1253
65.1253
65.1253
65.1253
65.1253
65.1253
65.1253
65.1253
65.1253
65.1253
65.1253
65.1253
65.1253
65.1253
65.1253
65.1253
65.1253
65.1253
65.1253
65.1253
65.1253
65.1253
65.1253
65.1253
65.1253
65.1253
65.1253
65.1253
65.1253
65.1253
65.1253
65.1253
65.1253
65.1253
65.1253
65.1253
65.1253
65.1253
65.1253
65.1253
65.1253
65.1253
65.1253
65.1253
65.1253
65.1253
65.1253
65.1253
65.1253
65.1253
65.1253
65.1253
65.1253
65.1253
65.1253
65.1253
65.1253
65.1253
65.1253
65.1253
65.1253
65.1253
65.1253
65.1253
65.1253
65.1253
65.1253
65.1253
65.1253
65.1253
65.1253
65.1253
65.1253
65.1253
65.1253
65.1253
65.1253
65.1253
65.1253
65.1253
65.1253
65.1253
65.1253
65.1253
65.1253
65.1253
65.1253
65.1253
65.1253
65.1253
65.1253
65.1253
65.1253
65.1253
65.1253
65.1253
65.1253
65.1253
65.1253
65.1253
65.1253
65.1253
65.1253
65.1253
65.1253
65.1253
65.1253
65.1253
65.1253
65.1253
65.1253
65.1253
65.1253
65.1253
65.1253
65.1253
65.1253
65.1253
65.1253
65.1253
65.1253
65.1253
65.1253
65.1253
65.1253
65.1253
65.1253
65.1253
65.1253
65.1253
65.1253
65.1253
65.1253
65.1253
65.1253
65.1253
65.1253
65.1253
65.1253
65.1253
65.1253
65.1253
65.1253
65.1253
65.1253
65.1253
65.1253
65.1253
65.1253
65.1253
65.1253
65.1253
65.1253
65.1253
65.1253
65.1253
65.1253
65.1253
65.1253
65.1253
65.1253
65.1253
65.1253
65.1253
65.1253
65.1253
65.1253
65.1253
65.1253
65.1253
65.1253
65.1253
65.1253
65.1253
65.1253
65.1253
65.1253
65.1253
65.1253
65.1253
65.1253
65.1253
65.1253
65.1253
65.1253
65.1253
65.1253
65.1253
65.1253
65.1253
65.1253
65.1253
65.1253
65.1253
65.1253
65.1253
65.1253
65.1253
65.1253
65.1253
65.1253
65.1253
65.1253
65.1253
65.1253
65.1253
65.1253
65.1253
65.1253
65.1253
65.1253
65.1253
65.1253
65.1253
65.1253
65.1253
65.1253
65.1253
65.1253
65.1253
65.1253
65.1253
65.1253
65.1253
65.1253
65.1253
65.1253
65.1253
65.1253
65.1253
65.1253
65.1253
65.1253
65.1253
65.1253
65.1253
65.1253
65.1253
65.1253
65.1253
65.1253
65.1253
65.1253
65.1253
65.1253
65.1253
65.1253
65.1253
65.1253
65.1253
65.1253
65.1253
65.1253
65.1253
65.1253
65.1253
65.1253
65.1253
65.1253
65.1253
65.1253
65.1253
65.1253
65.1253
65.1253
65.1253
65.1253
65.1253
65.1253
65.1253
65.1253
65.1253
65.1253
65.1253
65.1253
65.1253
65.1253
65.1253
65.1253
65.1253
65.1253
65.1253
65.1253
65.1253
65.1253
65.1253
65.1253
65.1253
65.1253
65.1253
65.1253
65.1253
65.1253
65.1253
65.1253
65.1253
65.1253
65.1253
65.1253
65.1253
65.1253
65.1253
65.1253
65.1253
65.1253
65.1253
65.1253
65.1253
65.1253
65.1253
65.1253
65.1253
65.1253
65.1253
65.1253
65.1253
65.1253
65.1253
65.1253
65.1253
65.1253
65.1253
65.1253
65.1253
65.1253
65.1253
65.1253
65.1253
65.1253
65.1253
65.1253
65.1253
65.1253
65.1253
65.1253
65.1253
65.1253
65.1253
65.1253
65.1253
65.1253
65.1253
65.1253
65.1253
65.1253
65.1253
65.1253
65.1253
65.1253
65.1253
65.1253
65.1253
65.1253
65.1253
65.1253
65.1253
65.1253
65.1253
65.1253
65.1253
65.1253
65.1253
65.1253
65.1253
65.1253
65.1253
65.1253
65.1253
65.1253
65.1253
65.1253
65.1253
65.1253
65.1253
65.1253
65.1253
65.1253
65.1253
65.1253
65.1253
65.1253
65.1253
65.1253
65.1253
65.1253
65.1253
65.1253
65.1253
65.1253
65.1253
65.1253
65.1253
65.1253
65.1253
65.1253
65.1253
65.1253
65.1253
65.1253
65.1253
65.1253
65.1253
65.1253
65.1253
65.1253
65.1253
65.1253
65.1253
65.1253
65.1253
65.1253
65.1253
65.1253
65.1253
65.1253
65.1253
65.1253
65.1253
65.1253
65.1253
65.1253
65.1253
65.1253
65.1253
65.1253
65.1253
65.1253
65.1253
65.1253
65.1253
65.1253
65.1253
65.1253
65.1253
65.1253
65.1253
65.1253
65.1253
65.1253
65.1253
65.1253
65.1253
65.1253
65.1253
65.1253
65.1253
65.1253
65.1253
65.1253
65.1253
65.1253
65.1253
65.1253
65.1253
65.1253
65.1253
65.1253
65.1253
65.1253
65.1253
65.1253
65.1253
65.1253
65.1253
65.1253
65.1253
65.1253
65.1253
65.1253
65.1253
65.1253
65.1253
65.1253
65.1253
65.1253
65.1253
65.1253
65.1253
65.1253
65.1253
65.1253
65.1253
65.1253
65.1253
65.1253
65.1253
65.1253
65.1253
65.1253
65.1253
65.1253
65.1253
65.1253
65.1253
65.1253
65.1253
65.1253
65.1253
65.1253
65.1253
65.1253
65.1253
65.1253
65.1253
65.1253
65.1253
65.1253
65.1253
65.1253
65.1253
65.1253
65.1253
65.1253
65.1253
65.1253
65.1253
65.1253
65.1253
65.1253
65.1253
65.1253
65.1253
65.1253
65.1253
65.1253
65.1253
65.1253
65.1253
65.1253
65.1253
65.1253
65.1253
65.1253
65.1253
65.1253
65.1253
65.1253
65.1253
65.1253
65.1253
65.1253
65.1253
65.1253
65.1253
65.1253
65.1253
65.1253
65.1253
65.1253
65.1253
65.1253
65.1253
65.1253
65.1253
65.1253
65.1253
65.1253
65.1253
65.1253
65.1253
65.1253
65.1253
65.1253
65.1253
65.1253
65.1253
65.1253
65.1253
65.1253
65.1253
65.1253
65.1253
65.1253
65.1253
65.1253
65.1253
65.1253
65.1253
65.1253
65.1253
65.1253
65.1253
65.1253
65.1253
65.1253
65.1253
65.1253
65.1253
65.1253
65.1253
65.1253
65.1253
65.1253
65.1253
65.1253
65.1253
65.1253
65.1253
65.1253
65.1253
65.1253
65.1253
65.1253
65.1253
65.1253
65.1253
65.1253
65.1253
65.1253
65.1253
65.1253
65.1253
65.1253
65.1253
65.1253
65.1253
65.1253
65.1253
65.1253
65.1253
65.1253
65.1253
65.1253
65.1253
65.1253
65.1253
65.1253
65.1253
65.1253
65.1253
65.1253
65.1253
65.1253
65.1253
65.1253
65.1253
65.1253
65.1253
65.1253
65.1253
65.1253
65.1253
65.1253
65.1253
65.1253
65.1253
65.1253
65.1253
65.1253
65.1253
65.1253
65.1253
65.1253
65.1253
65.1253
65.1253
65.1253
65.1253
65.1253
65.1253
65.1253
65.1253
65.1253
65.1253
65.1253
65.1253
65.1253
65.1253
65.1253
65.1253
65.1253
65.1253
65.1253
65.1253
65.1253
65.1253
65.1253
65.1253
65.1253
65.1253
65.1253
65.1253
65.1253
65.1253
65.1253
65.1253
65.1253
65.1253
65.1253
65.1253
65.1253
65.1253
65.1253
65.1253
65.1253
65.1253
65.1253
65.1253
65.1253
65.1253
65.1253
65.1253
65.1253
65.1253
65.1253
65.1253
65.1253
65.1253
65.1253
65.1253
65.1253
65.1253
65.1253
65.1253
65.1253
65.1253
65.1253
65.1253
65.1253
65.1253
65.1253
65.1253
65.1253
65.1253
65.1253
65.1253
65.1253
65.1253
65.1253
65.1253
65.1253
65.1253
65.1253
65.1253
65.1253
65.1253
65.1253
65.1253
65.1253
65.1253
65.1253
65.1253
65.1253
65.1253
65.1253
65.1253
65.1253
65.1253
65.1253
65.1253
65.1253
65.1253
65.1253
65.1253
65.1253
65.1253
65.1253
65.1253
65.1253
65.1253
65.1253
65.1253
65.1253
65.1253
65.1253
65.1253
65.1253
65.1253
65.1253
65.1253
65.1253
65.1253
65.1253
65.1253
65.1253
65.1253
65.1253
65.1253
65.1253
65.1253
65.1253
65.1253
65.1253
65.1253
65.1253
65.1253
65.1253
65.1253
65.1253
65.1253
65.1253
65.1253
65.1253
65.1253
65.1253
65.1253
65.1253
65.1253
65.1253
65.1253
65.1253
65.1253
65.1253
65.1253
65.1253
65.1253
65.1253
65.1253
65.1253
65.1253
65.1253
65.1253
65.1253
65.1253
65.1253
65.1253
65.1253
65.1253
65.1253
65.1253
65.1253
65.1253
65.1253
65.1253
65.1253
65.1253
65.1253
65.1253
65.1253
65.1253
65.1253
65.1253
65.1253
65.1253
65.1253
65.1253
65.1253
65.1253
65.1253
65.1253
65.1253
65.1253
65.1253
65.1253
65.1253
65.1253
65.1253
65.1253
65.1253
65.1253
65.1253
65.1253
65.1253
65.1253
65.1253
65.1253
65.1253
65.1253
65.1253
65.1253
65.1253
65.1253
65.1253
65.1253
65.1253
65.1253
65.1253
65.1253
65.1253
65.1253
65.1253
65.1253
65.1253
65.1253
65.1253
65.1253
65.1253
65.1253
65.1253
65.1253
65.1253
65.1253
65.1253
65.1253
65.1253
65.1253
65.1253
65.1253
65.1253
65.1253
65.1253
65.1253
65.1253
65.1253
65.1253
65.1253
65.1253
65.1253
65.1253
65.1253
65.1253
65.1253
65.1253
65.1253
65.1253
65.1253
65.1253
65.1253
65.1253
65.1253
65.1253
65.1253
65.1253
65.1253
65.1253
65.1253
65.1253
65.1253
65.1253
65.1253
65.1253
65.1253
65.1253
65.1253
65.1253
65.1253
65.1253
65.1253
65.1253
65.1253
65.1253
65.1253
65.1253
65.1253
65.1253
65.1253
65.1253
65.1253
65.1253
65.1253
65.1253
65.1253
65.1253
65.1253
65.1253
65.1253
65.1253
65.1253
65.1253
65.1253
65.1253
65.1253
65.1253
65.1253
65.1253
65.1253
65.1253
65.1253
65.1253
65.1253
65.1253
65.1253
65.1253
65.1253
65.1253
65.1253
65.1253
65.1253
65.1253
65.1253
65.1253
65.1253
65.1253
65.1253
65.1253
65.1253
65.1253
65.1253
65.1253
65.1253
65.1253
65.1253
65.1253
65.1253
65.1253
65.1253
65.1253
65.1253
65.1253
65.1253
65.1253
65.1253
65.1253
65.1253
65.1253
65.1253
65.1253
65.1253
65.1253
65.1253
65.1253
65.1253
65.1253
65.1253
65.1253
65.1253
65.1253
65.1253
65.1253
65.1253
65.1253
65.1253
65.1253
65.1253
65.1253
65.1253
65.1253
65.1253
65.1253
65.1253
65.1253
65.1253
65.1253
65.1253
65.1253
65.1253
65.1253
65.1253
65.1253
65.1253
65.1253
65.1253
65.1253
65.1253
65.1253
65.1253
65.1253
65.1253
65.1253
65.1253
65.1253
65.1253
65.1253
65.1253
65.1253
65.1253
65.1253
65.1253
65.1253
65.1253
65.1253
65.1253
65.1253
65.1253
65.1253
65.1253
65.1253
65.1253
65.1253
65.1253
65.1253
65.1253
65.1253
65.1253
65.1253
65.1253
65.1253
65.1253
65.1253
65.1253
65.1253
65.1253
65.1253
65.1253
65.1253
65.1253
65.1253
65.1253
65.1253
65.1253
65.1253
65.1253
65.1253
65.1253
65.1253
65.1253
65.1253
65.1253
65.1253
65.1253
65.1253
65.1253
65.1253
65.1253
65.1253
65.1253
65.1253
