438.161
434.762
431.794
417.476
414.275
406.829
402.902
397.027
397.027
395.431
388.515
382.26
380.387
380.375
378.935
367.882
367.882
367.85
360.593
360.593
358.339
354.456
354.456
350.842
350.842
350.381
347.573
342.632
337.503
337.503
327.99
327.99
327.99
325.44
325.44
316.516
312.367
311.183
311.183
311.183
309.838
309.829
306.669
306.669
301.287
301.287
298.783
297.785
297.785
293.428
291.42
291.42
288.554
286.993
286.71
286.71
286.71
285.449
283.01
282.193
282.193
281.944
281.904
278.056
274.88
274.88
274.766
273.881
272.869
272.869
272.869
272.583
267.465
267.308
265.188
265.188
256.252
256.106
254.51
250.478
250.478
250.478
249.329
246.87
246.251
244.692
244.692
243.901
240.633
240.633
240.633
239.059
239.059
237.69
237.69
237.69
236.112
235.59
226.661
226.661
226.13
226.13
225.854
225.854
224.621
223.136
223.136
223.136
223.136
221.597
221.219
216.571
216.571
216.571
216.571
216.571
214.268
214.268
214.268
213.998
213.142
213.142
208.956
208.956
208.8
208.8
208.182
208.182
206.647
206.444
205.134
205.134
204.453
202.232
202.232
196.894
196.894
196.894
196.43
195.638
195.638
195.638
195.638
195.638
195.638
191.508
191.508
191.508
191.508
190.894
190.868
190.868
189.154
189.154
183.556
183.556
183.556
183.556
183.556
182.924
182.924
182.426
182.302
181.135
181.135
177.021
177.021
176.355
175.483
175.483
172.418
172.418
172.418
172.418
172.418
172.418
172.277
170.742
170.742
170.742
170.039
169.732
169.732
167.799
167.799
167.799
167.799
167.799
167.301
167.045
166.154
165.915
165.485
165.485
163.94
163.94
160.877
160.877
160.877
160.877
160.877
160.877
160.226
160.226
160.226
159.798
158.534
158.179
158.179
158.179
157.875
157.875
157.875
156.106
154.949
154.949
154.33
154.33
154.33
149.865
149.865
149.865
149.865
149.865
148.601
148.601
148.601
147.286
147.286
146.624
145.697
145.697
145.697
145.697
142.938
142.938
142.938
142.938
142.938
141.426
141.426
141.426
138.999
138.758
138.677
137.771
137.771
137.771
137.771
137.71
137.425
137.108
136.926
136.641
136.641
133.129
133.129
132.943
132.943
132.709
132.709
132.709
132.429
132.429
132.429
132.429
132.429
132.429
132.429
131.948
129.331
129.331
129.331
128.813
128.403
128.403
128.403
128.148
128.148
128.148
128.148
128.148
128.148
128.148
128.148
128.148
128.052
127.936
127.782
127.465
127.465
126.649
126.649
126.649
126.649
126.649
126.462
125.969
125.969
125.425
124.595
124.595
124.595
124.057
124.057
124.057
123.444
123.444
123.444
123.444
123.444
123.444
123.444
123.444
123.417
122.898
122.686
122.617
122.457
122.457
122.457
121.939
121.83
121.705
120.679
120.679
120.679
120.679
120.238
120.238
120.238
119.884
119.884
119.884
118.322
118.322
118.322
118.322
118.322
118.322
118.04
117.899
117.899
117.899
117.899
115.828
115.828
115.828
115.828
115.828
115.828
115.828
115.666
115.666
115.666
115.664
115.664
115.441
115.441
115.441
115.323
115.323
115.323
115.323
115.254
114.899
114.611
113.397
113.397
113.322
112.961
112.961
112.961
112.961
112.961
112.961
112.934
112.934
112.934
112.855
112.855
112.616
112.519
111.708
111.708
111.354
111.354
111.354
111.332
111.249
111.249
111.249
110.964
110.964
110.964
110.964
110.964
110.935
110.935
110.935
110.65
110.65
110.65
110.65
110.65
110.296
110.296
108.92
108.145
108.145
108.123
108.123
107.95
107.943
107.943
107.943
107.395
107.395
107.395
106.874
106.874
106.874
106.874
106.874
106.874
106.874
106.874
106.169
106.169
105.884
105.884
105.884
105.884
105.879
105.861
105.827
105.473
105.473
105.289
105.183
105.183
105.183
105.12
105.12
103.667
103.667
103.667
103.667
103.667
103.156
103.156
103.156
103.075
103.075
103.075
102.753
102.753
102.753
102.753
102.447
102.447
102.009
101.828
101.828
101.828
101.828
101.828
101.828
101.828
101.828
101.828
101.828
101.256
101.256
101.256
101.256
101.256
101.256
101.199
101.199
101.04
101.04
101.04
101.04
101.04
101.04
101.04
101.017
101.017
101.017
100.811
100.811
100.479
100.479
100.479
100.479
100.479
100.479
100.479
100.479
97.4912
97.4912
97.4912
97.4912
97.4912
97.4912
97.4912
97.4912
97.4912
97.4912
97.4912
97.4912
97.4912
97.4912
97.4912
97.4912
97.4912
97.4858
97.0991
97.0991
97.0991
97.0991
97.0991
97.0991
97.0991
96.987
96.987
96.987
96.987
95.4144
95.4144
95.4144
95.4127
95.4127
95.205
95.205
94.0423
94.0423
94.0423
94.0423
94.0423
94.0423
94.0259
94.0259
94.0259
94.0259
94.0259
94.0259
94.0259
93.238
93.238
93.238
93.238
93.238
92.7523
92.7523
92.7523
92.7523
92.7523
92.7523
92.7523
92.7523
92.7523
92.4994
92.4994
92.0311
92.0311
92.0311
92.0311
92.0311
92.0311
92.0311
92.0311
92.0311
92.0311
92.0311
91.3919
91.3919
91.3919
91.3919
91.3919
91.3919
91.3919
91.3919
91.3919
91.0272
91.0272
91.0272
91.0272
90.4139
90.4139
90.4139
90.4139
90.4139
90.4139
90.2851
90.2851
89.7275
89.7275
89.2904
89.2904
89.2904
88.9347
88.9347
88.926
88.926
88.5703
88.5703
88.5232
88.5232
88.5232
87.987
87.987
87.987
87.5617
87.5617
87.5617
87.5617
87.5617
87.5617
87.5617
86.9981
86.9981
86.9981
86.9981
86.9981
86.9981
86.9981
86.9338
86.6424
86.6424
86.5542
86.5542
86.2126
86.2126
86.2126
86.2126
86.2126
86.2126
86.0725
86.0725
86.0725
86.0725
86.0725
86.0725
86.0725
86.0725
86.0725
86.0725
86.0725
86.0725
86.0725
86.0599
86.0152
86.0152
86.0152
86.0152
86.0152
86.0026
86.0026
86.0026
86.0026
85.8265
85.5245
85.5245
85.5245
85.5245
85.4362
85.1597
85.1597
85.1597
85.0567
85.0567
85.0567
85.0567
85.0567
84.9994
84.9994
84.9994
84.9994
84.9042
84.9042
84.9042
84.9042
84.9042
84.5342
84.5342
84.5342
84.5342
84.4478
84.4478
84.4478
84.4478
84.3905
84.3905
84.3905
84.3905
84.3905
84.3905
84.1524
84.0002
84.0002
84.0002
84.0002
84.0002
84.0002
84.0002
84.0002
84.0002
83.3985
83.3985
83.3985
83.3985
83.3985
83.3985
83.3985
83.3985
83.3985
83.3985
83.1031
83.1031
83.1031
83.1031
83.1031
83.1031
83.1031
82.5916
82.5916
82.5916
82.5916
82.5916
82.5916
82.5916
82.0679
82.0679
82.0231
82.0231
81.9003
81.9003
81.9003
81.6346
80.8811
80.8811
80.741
80.741
80.741
80.741
80.741
80.741
80.741
80.4106
80.4106
80.4106
80.4106
80.4106
80.4106
80.4106
80.4106
80.4106
80.4106
80.4106
80.4106
80.1887
80.1887
80.1887
80.1887
80.1887
80.1887
80.1887
80.1887
80.1887
80.1887
80.1887
80.1887
80.1887
80.1887
80.1887
80.1887
80.1887
80.1887
80.1887
80.1887
80.1887
80.1887
80.1887
80.0464
80.0464
80.0464
80.0464
80.0464
80.0464
80.0464
80.0464
80.0464
80.0464
80.0464
80.0464
80.0464
80.0464
80.0464
80.0464
80.0464
79.9416
79.9416
79.9416
79.9416
79.9416
79.9416
79.9416
79.9416
79.9416
79.8819
79.8819
79.7883
79.7883
79.7883
79.7883
79.7883
79.7883
79.7883
79.7883
79.7883
79.7883
79.7883
79.7883
79.7883
79.7883
79.7883
79.7883
79.7883
79.7883
79.7883
79.7883
79.7883
79.7883
79.7883
79.7883
79.7883
79.7883
79.7883
79.7883
79.7883
79.7883
79.7883
79.7883
79.7883
79.7883
79.7883
79.7883
79.7883
79.7883
79.7883
79.7883
79.7883
79.7883
79.7883
79.7883
79.7883
79.7883
79.7883
79.7883
79.7883
79.7883
79.7883
79.7883
79.7883
79.7883
79.7883
79.7883
79.7883
79.7883
79.7883
79.7883
79.7883
79.7883
79.7883
79.7883
79.7883
79.7883
79.7883
79.7883
79.7883
79.7883
79.7883
79.7883
79.7883
79.7883
79.7883
79.7883
79.7883
79.7883
79.7883
79.7883
79.7883
79.7883
79.7883
79.7883
79.7883
79.7883
79.7883
79.7883
79.7883
79.7883
79.7883
79.7883
79.3662
79.3662
79.3662
79.3662
79.3662
79.3662
79.3662
79.3662
79.3662
79.3662
79.3662
79.3662
79.3662
79.3662
79.3662
79.3662
79.3662
79.3662
79.3662
79.3662
79.3662
79.3662
79.3662
79.3662
79.3662
79.3662
79.3662
79.3662
79.3662
79.3662
79.3662
79.3662
79.3662
79.3662
79.3662
79.3662
79.3662
79.3662
79.3662
79.3662
79.3662
79.3662
79.3662
79.3662
79.3662
79.3662
79.3662
79.3662
79.3662
79.3662
79.3662
79.3662
79.3662
79.3662
79.3662
79.3662
79.3662
79.3662
79.3662
79.3662
79.3662
79.3662
79.3662
79.3662
79.3662
79.3662
79.307
79.307
79.307
79.307
79.083
79.083
78.7705
78.7705
78.7705
78.7705
78.7705
78.7705
78.7705
78.7705
78.7705
78.7705
78.7705
78.7705
78.7705
78.7705
78.7705
78.7705
78.7705
78.7705
78.7705
78.7705
78.7705
78.7705
78.7705
78.7705
78.7705
78.7705
78.7705
78.7705
78.7705
78.7705
78.7705
78.7705
78.7705
78.7705
78.7705
78.7705
78.7705
78.7705
78.7705
78.487
78.487
78.4224
78.4224
78.4224
78.4224
78.4224
78.4224
78.4224
78.4224
78.4224
78.4224
78.4224
78.4224
78.4224
78.2299
78.2299
78.2299
78.2299
78.2299
78.2299
78.2299
78.1646
78.1646
78.1646
78.1646
78.1646
78.1646
77.9464
77.9464
77.9464
77.9464
77.9464
77.9464
77.9464
77.9464
77.8811
77.8811
77.8811
77.8811
77.8811
77.8811
77.8811
77.8811
77.8811
77.8811
77.8811
77.6004
77.6004
77.6004
77.6004
77.6004
77.6004
77.6004
77.6004
77.6004
77.6004
76.8457
76.8457
76.8457
76.8457
76.8457
76.8457
76.8457
76.8457
76.8457
76.8457
76.8457
76.728
76.728
76.728
76.728
76.728
76.728
76.728
76.728
76.728
76.728
76.728
76.728
76.728
76.728
76.728
76.728
76.728
76.728
76.728
76.728
76.728
76.4257
76.4257
76.4257
76.4257
76.4257
76.4257
76.4257
76.4257
76.4257
76.4257
76.4257
76.265
76.265
76.265
76.265
76.265
76.265
76.265
76.265
76.265
76.1431
76.1431
76.1431
76.1431
76.1431
76.1431
76.1431
76.1431
76.1431
76.1431
76.1431
76.1431
76.1431
76.1431
76.1431
76.1431
76.1431
76.1431
76.1431
76.1431
76.1431
76.1431
76.1431
76.1431
76.1431
76.1431
76.1431
76.1431
76.1431
76.1431
76.1431
76.1431
76.1431
76.1431
76.1431
76.1431
75.5127
75.5127
75.5127
75.5127
75.5127
75.5127
75.5127
75.5127
75.5127
75.5127
75.5127
74.9776
74.9776
74.9776
74.9776
74.9776
74.9776
74.9776
74.9776
74.9776
74.9776
74.9776
74.8829
74.8829
74.8829
74.8829
74.8829
74.8829
74.8829
74.8829
74.8829
74.8829
74.8829
74.8829
74.8829
74.8829
74.8829
74.8829
74.8829
74.8829
74.8829
74.8829
74.8829
74.8829
74.8829
74.8829
74.8829
74.8829
74.8829
74.8829
74.8829
74.8829
74.8829
74.8829
74.8829
74.8829
74.8829
74.8774
74.8774
74.8774
74.8774
74.8774
74.8774
74.8774
74.8774
74.8774
74.8774
74.8774
74.8774
74.8774
74.8774
74.8774
74.8774
74.8774
74.8774
74.8774
74.8774
74.8774
74.8774
74.8774
74.8774
74.8774
74.8774
74.8774
74.8774
74.8774
74.8774
74.8774
74.8774
74.8774
74.8774
74.8774
74.8774
74.8774
74.8774
74.8774
74.8774
74.8774
74.8774
74.8774
74.8774
74.8774
74.8774
74.8774
74.8774
74.8774
74.8774
74.1747
74.1747
74.1747
74.1747
74.1747
74.1747
74.1747
74.1747
74.1747
74.1747
74.1747
74.1747
74.1747
74.1747
74.1747
74.1747
74.1747
74.1747
74.1747
74.1747
74.1747
74.1747
74.1747
74.1747
74.1747
74.1747
74.1747
74.1747
74.0189
74.0189
74.0189
74.0189
74.0189
74.0189
74.0189
74.0189
74.0189
74.0189
74.0189
74.0189
74.0189
74.0189
74.0189
74.0189
74.0189
74.0189
74.0189
74.0189
74.0189
74.0189
74.0189
74.0189
74.0189
74.0189
74.0189
74.0189
74.0189
74.0189
74.0189
74.0189
74.0189
74.0189
74.0189
74.0189
74.0189
74.0189
74.0189
74.0189
74.0189
74.0189
74.0189
74.0189
74.0189
74.0189
74.0189
74.0189
74.0189
74.0189
74.0189
74.0189
74.0189
74.0189
74.0189
74.0189
74.0189
74.0189
74.0189
74.0189
74.0189
74.0189
74.0189
74.0189
74.0189
74.0189
74.0189
74.0189
74.0189
74.0189
74.0189
74.0189
74.0189
74.0189
74.0189
74.0189
74.0189
74.0189
73.569
73.569
73.569
73.569
73.569
73.569
73.569
73.569
73.569
73.4364
73.4364
73.4364
73.4364
73.4364
73.4364
73.4364
73.4364
73.4364
73.4364
73.4364
73.4364
73.4364
73.4364
73.4364
73.4364
73.4364
73.4364
73.4364
73.4364
73.4364
73.4364
73.4364
73.4364
73.4364
73.4364
73.4364
73.4364
73.4364
73.4364
73.4364
73.4364
73.4364
73.4364
73.4364
73.4364
73.4364
73.4364
73.4364
73.4364
73.4364
73.4364
73.4364
73.4364
73.4364
73.4364
73.4364
73.4364
73.2177
73.2177
72.9594
72.9594
72.9594
72.9594
72.9594
72.9594
72.9594
72.9594
72.9594
72.9594
72.9594
72.9594
72.9594
72.9594
72.9594
72.9594
72.9594
72.9594
72.9594
72.9594
72.9594
72.9594
72.9594
72.9594
72.9594
72.9594
72.9594
72.9594
72.9594
72.9594
72.9594
72.9594
72.9594
72.9594
72.9594
72.9594
72.9594
72.9594
72.9594
72.9594
72.9594
72.9594
72.9594
72.9594
72.7767
72.7767
72.7767
72.7767
72.7767
72.7767
72.7767
72.7767
72.7767
72.7767
72.7767
72.7767
72.7767
72.7767
72.7767
72.7767
72.7767
72.7767
72.5589
72.5589
72.5589
72.5589
72.5589
72.5589
72.5589
72.5589
72.5589
72.5589
72.5589
72.5589
72.5589
72.5589
72.5589
72.5589
72.5589
72.5589
72.5589
72.5589
72.5589
72.5589
72.5589
72.5589
72.5589
72.5589
72.5589
72.5589
72.5589
72.5589
72.5589
72.5589
72.5589
72.5589
72.5589
72.5589
72.5589
72.5589
72.5589
72.1644
72.1644
72.1644
72.1644
72.1644
72.1644
72.1644
72.1644
72.1644
72.1644
72.1644
72.1644
72.1644
72.1644
72.1644
72.1644
72.1644
72.1644
72.1644
72.0202
72.0202
72.0202
72.0202
72.0202
72.0202
72.0202
72.0202
72.0202
72.0202
72.0202
72.0202
72.0202
72.0202
71.9525
71.9525
71.9525
71.9525
71.9525
71.9525
71.9525
71.9525
71.9525
71.9525
71.9525
71.9525
71.9525
71.9525
71.9525
71.9525
71.9525
71.9525
71.9525
71.9525
71.9525
71.9525
71.9525
71.9525
71.9525
71.9525
71.9525
71.9525
71.9525
71.9525
71.9525
71.9525
71.9525
71.9525
71.9525
71.9525
71.9525
71.9525
71.9525
71.9525
71.9525
71.9525
71.9525
71.9525
71.9525
71.9525
71.9525
71.9525
71.9525
71.9525
71.9525
71.9525
71.9525
71.9525
71.9525
71.9525
71.9525
71.9525
71.9525
71.9525
71.9525
71.9525
71.9525
71.9525
71.9525
71.9525
71.9525
71.9525
71.9525
71.9525
71.9525
71.9525
71.9525
71.9525
71.9525
71.9525
71.9525
71.9525
71.9525
71.9525
71.9525
71.9525
71.9525
71.9525
71.9525
71.9525
71.9525
71.9525
71.9525
71.9525
71.9525
71.9525
71.9525
71.9525
71.9525
71.9525
71.9525
71.9525
71.9525
71.9525
71.9525
71.9525
71.9525
71.9525
71.9525
71.9525
71.9525
71.9525
71.9525
71.9525
71.9525
71.9525
71.9525
71.9525
71.9525
71.9525
71.9525
71.9525
71.9525
71.9525
71.9525
71.9525
71.9525
71.9525
71.9525
71.9525
71.9525
71.9525
71.9525
71.9525
71.9525
71.9525
71.9525
71.9525
71.9525
71.9525
71.9525
71.9525
71.9525
71.9525
71.9525
71.9525
71.9525
71.9525
71.9525
71.9525
71.9525
71.9525
71.9525
71.9525
71.9525
71.9525
71.9525
71.9525
71.9525
71.9525
71.9525
71.9525
71.9525
71.9525
71.9525
71.9525
71.9525
71.9525
71.9525
71.9525
71.9525
71.9525
71.9525
71.9525
71.9525
71.9525
71.9525
71.9525
71.9525
71.9525
71.9525
71.9525
71.9525
71.9525
71.9525
71.9525
71.9525
71.9525
71.4581
71.4581
71.4581
71.4581
71.4581
71.4581
71.4581
71.4581
71.4581
71.4581
71.4581
71.4581
71.4581
71.4581
71.4581
71.4581
71.4581
71.4581
71.4581
71.4581
71.4581
71.4581
71.4581
71.4581
71.4581
71.4581
71.4581
71.4581
71.4581
71.4581
71.4581
71.4581
71.4581
71.4581
71.4581
71.4581
71.4581
71.4581
71.4581
71.4581
71.2345
71.2345
71.2345
71.2345
71.2345
71.2345
71.2345
71.2345
71.2345
71.2345
71.2345
71.2345
71.2345
71.2345
71.2345
71.2345
71.2345
71.2345
71.2345
71.2345
71.2345
71.2345
71.2345
71.2345
71.2345
71.2345
71.2345
71.2345
71.2345
71.2345
71.2345
71.2345
71.2345
71.2345
71.2345
71.2345
71.2345
71.2345
71.2345
71.2345
71.2345
71.2345
71.2345
71.2345
71.2345
71.2345
71.2345
71.2345
71.2345
71.2345
71.2345
71.2345
71.2345
71.2345
71.2345
71.2345
71.2345
71.2345
71.2345
71.2345
71.2345
71.2345
71.1357
71.1357
71.1357
71.1357
71.1357
71.1357
71.1357
71.1357
71.1357
71.1357
71.1357
71.1357
71.1357
71.1357
71.1357
71.1357
71.1357
71.1357
71.1357
71.1357
71.1357
71.1357
71.1357
71.1357
71.1357
71.1357
71.1357
71.1357
70.7156
70.7156
70.7156
70.7156
70.7156
70.7156
70.7156
70.7156
70.7156
70.7156
70.7156
70.7156
70.7156
70.7156
70.7156
70.7156
70.7156
70.7156
70.7156
70.7156
70.7156
70.7156
70.7156
70.7156
70.7156
70.7156
70.7156
70.7156
70.7156
70.7156
70.7156
70.7156
70.7156
70.7156
70.7156
70.7156
70.7156
70.7156
70.7156
70.7156
70.7156
70.7156
70.7156
70.7156
70.7156
70.7156
70.7156
70.7156
70.7156
70.7156
70.7156
70.7156
70.7156
70.7156
70.7156
70.7156
70.7156
70.7156
70.7156
70.7156
70.7156
70.7156
70.7156
70.7156
70.7156
70.7156
70.7156
70.7156
70.7156
70.7156
70.7156
70.7156
70.7156
70.7156
70.7156
70.7156
70.7156
70.7156
70.7156
70.7156
70.7156
70.7156
70.7156
70.7156
70.7156
70.7156
70.7156
70.7156
70.7156
70.7156
70.7156
70.7156
70.7156
70.7156
70.7156
70.7156
70.7156
70.7156
70.7156
70.7156
70.7156
70.7156
70.7156
70.7156
70.7156
70.7156
70.7156
70.7156
70.7156
70.7156
70.7156
70.7156
70.7156
70.7156
70.7156
70.7156
70.7156
70.7156
70.7156
69.3994
69.3994
69.3994
69.3994
69.3994
69.3994
69.1118
69.1118
69.1118
69.1118
69.1118
69.1118
69.1118
69.1118
69.1118
69.1118
69.1118
69.1118
69.1118
69.1118
69.1118
69.1118
69.1118
69.1118
69.1118
69.1118
69.1118
69.1118
69.1118
69.1118
69.1118
69.1118
69.1118
69.1118
69.1118
69.1118
69.1118
69.1118
69.1118
69.1118
69.1118
69.1118
69.1118
69.1118
69.1118
69.1118
69.1118
69.1118
69.1118
69.1118
69.1118
69.1118
69.1118
69.1118
69.1118
69.1118
69.1118
69.1118
69.1118
69.1118
69.1118
69.1118
69.1118
69.1118
69.1118
69.1118
69.1118
69.1118
69.1118
69.1118
69.1118
69.1118
69.1118
69.1118
69.1118
69.1118
69.1118
69.1118
69.1118
69.1118
69.1118
69.1118
69.1118
69.1118
69.1118
69.1118
69.1118
69.1118
69.1118
69.1118
69.1118
69.1118
69.1118
69.1118
69.1118
69.1118
69.1118
69.1118
69.1118
69.1118
69.1118
69.1118
69.1118
69.1118
69.1118
69.1118
69.1118
69.1118
69.1118
69.1118
69.1118
69.1118
69.1118
69.1118
69.1118
69.1118
69.1118
69.1118
69.1118
69.1118
69.1118
69.1118
69.1118
69.1118
69.1118
69.1118
69.1118
69.1118
69.1118
69.1118
69.1118
69.1118
69.1118
69.1118
69.1118
69.1118
69.1118
69.1118
69.1118
69.1118
69.1118
69.1118
69.1118
69.1118
69.1118
69.1118
69.1118
69.1118
69.1118
69.1118
69.1118
69.1118
69.1118
69.1118
69.1118
69.1118
69.1118
69.1118
69.1118
69.1118
69.1118
69.1118
69.1118
69.1118
69.1118
69.1118
69.1118
69.1118
69.1118
69.1118
69.1118
69.1118
69.1118
69.1118
69.1118
69.1118
69.1118
69.1118
69.1118
69.1118
69.1118
69.1118
69.1118
69.1118
69.1118
69.1118
69.1118
69.1118
69.1118
69.1118
69.1118
69.1118
69.1118
69.1118
69.1118
69.1118
69.1118
69.1118
69.1118
69.1118
69.1118
69.1118
69.1118
69.1118
69.1118
69.1118
69.1118
69.1118
69.1118
69.1118
69.1118
69.1118
69.1118
69.1118
69.1118
69.1118
69.1118
69.1118
69.1118
69.1118
69.1118
69.1118
69.1118
69.1118
69.1118
69.1118
69.1118
69.1118
69.1118
69.1118
69.1118
69.1118
69.1118
69.1118
69.1118
69.1118
69.1118
69.1118
69.1118
69.1118
69.1118
69.1118
69.1118
69.1118
69.1118
69.1118
69.1118
69.1118
69.1118
69.1118
69.1118
69.1118
69.1118
69.1118
69.1118
69.1118
69.1118
69.1118
69.1118
69.1118
69.1118
69.1118
69.1118
69.1118
69.1118
69.1118
69.1118
69.1118
69.1118
69.1118
69.1118
69.1118
69.1118
69.1118
69.1118
69.1118
69.1118
69.1118
69.1118
69.1118
69.1118
69.1118
69.1118
69.1118
69.1118
69.1118
69.1118
69.1118
69.1118
69.1118
69.1118
69.1118
69.1118
69.1118
69.1118
69.1118
69.1118
69.1118
69.1118
69.1118
69.1118
69.1118
69.1118
69.1118
69.1118
69.1118
69.1118
69.1118
69.1118
69.1118
69.1118
69.1118
69.1118
69.1118
69.1118
69.1118
69.1118
69.1118
69.1118
69.1118
69.1118
69.1118
69.1118
69.1118
69.1118
68.9615
68.9615
68.9615
68.9615
68.9615
68.9615
68.9615
68.9615
68.9615
68.9615
68.9615
68.9615
68.9615
68.9615
68.9615
68.9615
68.9615
68.9615
68.9615
68.9615
68.9615
68.9615
68.9615
68.9615
68.9615
68.9615
68.9615
68.9615
68.9615
68.9615
68.9615
68.9615
68.9615
68.9615
68.9615
68.9615
68.9615
68.9615
68.9615
68.9615
68.9615
68.9615
68.9615
68.9615
68.9615
68.9615
68.9615
68.9615
68.9615
68.9615
68.9615
68.9615
68.9615
68.9615
68.9615
68.9615
68.9615
68.9615
68.9615
68.9615
68.9615
68.9615
68.9615
68.9615
68.9615
68.9615
68.9615
68.9615
68.9615
68.9615
68.9615
68.9615
68.9615
68.9615
68.9615
68.9615
68.9615
68.9615
68.9615
68.9615
68.9615
68.9615
68.9615
68.9615
68.9615
68.9615
68.9615
68.9615
68.9615
68.9615
68.9615
68.9615
68.9615
68.9615
68.9615
68.9615
68.9615
68.9615
68.9615
68.9615
68.9615
68.9615
68.9615
68.9615
68.9615
68.9615
68.9615
68.9615
68.9615
68.9615
68.9615
68.9615
68.9615
68.9615
68.9615
68.9615
68.9615
68.9615
68.9615
68.9615
68.9615
68.9615
68.9615
68.9615
68.9615
68.9615
68.9615
68.9615
68.9615
68.9615
68.9615
68.9615
68.9615
68.9615
68.9615
68.9615
68.9615
68.9615
68.9615
68.9615
68.9615
68.9615
68.9615
68.9615
68.9615
68.9615
68.9615
68.9615
68.9615
68.9615
68.9615
68.9615
68.9615
68.9615
68.9615
68.9615
68.9615
68.9615
68.9615
68.9615
68.9615
68.9615
68.9615
68.9615
68.9615
68.9615
68.9615
68.9615
68.9615
68.9615
68.9615
68.9615
68.9615
68.9615
68.9615
68.9615
68.9615
68.2731
68.2731
68.2731
68.2731
68.2731
68.2731
68.2731
68.2731
68.2731
68.2731
68.2731
68.2731
68.2731
68.2731
68.2731
68.2731
68.2731
68.2731
68.2731
68.2731
68.2731
68.2731
68.2731
68.2731
68.2731
68.2731
68.2731
68.2731
68.2731
68.2731
68.2731
68.2731
68.2731
68.2731
68.2731
68.2731
68.2731
68.2731
68.2731
68.2731
68.2731
68.2731
68.2731
68.2731
68.2731
68.2731
68.2731
68.2731
68.2731
68.2731
68.2731
68.2731
68.2731
68.2731
68.2731
68.2731
68.2731
68.2731
68.2731
68.2731
68.2731
68.2731
68.2731
68.2731
68.2731
68.2731
68.2731
68.2731
68.2731
68.2731
68.2731
68.2731
68.2731
68.2731
68.2731
68.2731
68.2731
68.2731
68.2731
68.2731
68.2731
68.2731
68.2731
68.2731
68.2731
68.2731
68.2731
68.2731
68.2731
68.2731
68.2731
68.2731
68.2731
68.2731
68.2731
68.2731
68.2731
68.2731
68.2731
68.2731
68.2731
68.2731
68.2731
68.2731
68.2731
68.2731
68.2731
68.2731
68.2731
68.2731
68.2731
68.2731
68.2731
68.2731
68.2731
68.2731
68.2731
68.2731
68.2731
68.2731
68.2731
68.2731
68.2731
68.2731
68.2731
68.2731
68.2731
68.2731
68.2731
68.2731
68.2731
68.2731
68.2731
68.2731
68.2731
68.2731
68.2731
68.2731
68.2731
68.2731
68.2731
68.2731
68.2731
68.2731
68.2731
68.2731
68.2731
68.2731
68.2731
68.2731
68.2731
68.2731
68.2731
68.2731
68.2731
68.2731
68.2731
68.2731
68.2731
68.2731
68.2731
68.2731
68.2731
68.2731
68.2731
68.2731
68.2731
68.2731
68.2731
68.2731
68.2731
68.2731
68.2731
68.2731
68.2731
68.2731
68.2731
68.2731
68.2731
68.2731
68.2731
68.2731
68.2731
68.2731
68.2731
68.2731
68.2731
68.2731
68.2731
68.2731
68.2731
68.2731
68.2731
68.2731
68.2731
68.2731
68.2731
68.2731
68.2731
68.2731
68.2731
68.2731
68.2731
68.2731
68.2731
68.2731
68.2731
68.2731
68.2731
68.2731
68.2731
68.2731
68.2731
68.2731
68.2731
68.2731
68.2731
68.2731
68.2731
68.2731
68.2731
68.2731
68.2731
68.2731
68.2731
68.2731
68.2731
68.2731
68.2731
68.2731
68.2731
68.2731
68.2731
68.2731
68.2731
68.2731
68.2731
68.2731
68.2731
68.2731
68.2731
68.2731
68.2731
68.2731
68.2731
68.2731
68.2731
68.2731
68.2731
68.2731
68.2731
68.2731
68.2731
68.2731
68.2731
68.2731
68.2731
68.2731
68.2731
68.2731
68.2731
68.2731
68.2731
68.2731
68.2731
68.2731
68.2731
68.2731
68.2731
68.2731
68.2731
68.2731
68.2731
68.2731
68.2731
68.2731
68.2731
68.2731
68.2731
68.2731
68.2731
68.2731
68.2731
68.2731
68.2731
68.2731
68.2731
68.2731
68.2731
68.2731
68.2731
68.2731
68.2731
68.2731
68.2731
68.2731
68.2731
68.2731
68.2731
68.2731
68.2731
68.2731
68.2731
68.2731
68.2731
68.2731
68.2731
68.2731
68.2731
68.2731
68.2731
68.2731
68.2731
68.2731
68.2731
68.2731
68.2731
68.2731
68.2731
68.2731
68.2731
68.2731
68.2731
68.2731
68.2731
68.2731
68.2731
68.2731
68.2731
68.2731
68.2731
68.2731
68.2731
68.2731
68.2731
68.2731
68.2731
68.2731
68.2731
68.2731
68.2731
68.2731
68.2731
68.2731
68.2731
68.2731
68.2731
68.2731
68.2731
68.2731
68.2731
68.2731
68.2731
68.2731
68.2731
68.2731
68.2731
68.2731
68.2731
68.2731
68.2731
68.2731
68.2731
68.2731
68.2731
68.2731
68.2731
68.2731
68.2731
68.2731
68.2731
68.2731
68.2731
68.2731
68.2731
68.2731
68.2731
68.2731
68.2731
68.2731
68.2731
68.2731
68.2731
68.2731
68.2731
68.2731
68.2731
68.2731
68.2731
68.2731
68.2731
68.2731
68.2731
68.2731
68.2731
68.2731
68.2731
68.2731
68.2731
68.2731
68.2731
68.2731
68.2731
68.2731
68.2731
68.2731
68.2731
68.2731
68.2731
68.2731
68.2731
68.2731
68.2731
68.2731
68.2731
68.2731
68.2731
68.2731
68.2731
68.2731
68.2731
68.2731
68.2731
68.2731
68.2731
68.2731
68.2731
68.2731
68.2731
68.2731
68.2731
68.2731
68.2731
68.2731
68.2731
68.2731
68.2731
68.2731
68.2731
68.2731
68.2731
68.2731
68.2731
68.2731
68.2731
68.2731
68.2731
68.2731
68.2731
68.2731
68.2731
68.2731
68.2731
68.2731
68.2731
68.2731
68.2731
68.2731
68.2731
68.2731
68.2731
68.2731
68.2731
68.2731
68.2731
68.2731
68.2731
68.2731
68.2731
68.2731
68.2731
68.2731
68.2731
68.2731
68.2731
68.2731
68.2731
68.2731
68.2731
68.2731
68.2731
68.2731
68.2731
68.2731
68.2731
68.2731
68.2731
68.2731
68.2731
68.2731
68.2731
68.2731
68.2731
68.2731
68.2731
68.2731
68.2731
68.2731
68.2731
68.2731
68.2731
68.2731
68.2731
68.2731
68.2731
68.2731
68.2731
68.2731
68.2731
68.2731
68.2731
68.2731
68.2731
68.2731
68.2731
68.2731
68.2731
68.2731
68.2731
68.2731
68.2731
68.2731
68.2731
68.2731
68.2731
68.2731
68.2731
68.2731
68.2731
68.2731
68.2731
68.2731
68.2731
68.2731
68.2731
68.2731
68.2731
68.2731
68.2731
68.2731
68.2731
68.2731
68.2731
68.2731
68.2731
68.2731
68.2731
68.2731
68.2731
68.2731
68.2731
68.2731
68.2731
68.2731
68.2731
68.2731
68.2731
68.2731
68.2731
68.2731
68.2731
68.2731
68.2731
68.2731
68.2731
68.2731
68.2731
68.2731
68.2731
68.2731
68.2731
68.2731
68.2731
68.2731
68.2731
68.2731
68.2731
68.2731
68.2731
68.2731
68.2731
68.2731
68.2731
68.2731
68.2731
68.2731
68.2731
68.2731
68.2731
68.2731
68.2731
68.2731
68.2731
68.2731
68.2731
68.2731
68.2731
68.2731
68.2731
68.2731
68.2731
68.2731
68.2731
68.2731
68.2731
68.2731
68.2731
68.2731
68.2731
68.2731
68.2731
68.2731
68.2731
68.2731
68.2731
68.2731
68.2731
68.2731
68.2731
68.2731
68.2731
68.2731
68.2731
68.2731
68.2731
68.2731
68.2731
68.2731
68.2731
68.2731
68.2731
68.2731
68.2731
68.2731
68.2731
68.2731
68.2731
68.2731
68.2731
68.2731
68.2731
68.2731
68.2731
68.2731
68.2731
68.2731
68.2731
68.2731
68.2731
68.2731
68.2731
68.2731
68.2731
68.2731
68.2731
68.2731
68.2731
68.2731
68.2731
68.2731
68.2731
68.2731
68.2731
68.2731
68.2731
68.2731
68.2731
68.2731
68.2731
68.2731
68.2731
68.2731
68.2731
68.2731
68.2731
68.2731
68.2731
68.2731
68.2731
68.2731
68.2731
68.2731
68.2731
68.2731
68.2731
68.2731
68.2731
68.2731
68.2731
68.2731
68.2731
68.2731
68.2731
68.2731
68.2731
68.2731
68.2731
68.2731
68.2731
68.2731
68.2731
68.2731
68.2731
68.2731
68.2731
68.2731
68.2731
68.2731
68.2731
68.2731
68.2731
68.2731
68.2731
68.2731
68.2731
68.2731
68.2731
68.2731
68.2731
68.2731
68.2731
68.2731
68.2731
68.2731
68.2731
68.2731
68.2731
68.2731
68.2731
68.2731
68.2731
68.2731
68.2731
68.2731
68.2731
68.2731
68.2731
68.2731
68.2731
68.2731
68.2731
68.2731
68.2731
68.2731
68.2731
68.2731
68.2731
68.2731
68.2731
68.2731
68.2731
68.2731
68.2731
68.2731
68.2731
68.2731
68.2731
68.2731
68.2731
68.2731
68.2731
68.2731
68.2731
68.2731
68.2731
68.2731
68.2731
68.2731
68.2731
68.2731
68.2731
68.2731
68.2731
68.2731
68.2731
68.2731
68.2731
68.2731
68.2731
68.2731
68.2731
68.2731
68.2731
68.2731
68.2731
68.2731
68.2731
68.2731
68.2731
68.2731
68.2731
68.2731
68.2731
68.2731
68.2731
68.2731
68.2731
68.2731
68.2731
68.2731
68.2731
68.2731
68.2731
68.2731
68.2731
68.2731
68.2731
68.2731
68.2731
68.2731
68.2731
68.2731
68.2731
68.2731
68.2731
68.2731
68.2731
68.2731
68.2731
68.2731
68.2731
68.2731
68.2731
68.2731
68.2731
68.2731
68.2731
68.2731
68.2731
68.2731
68.2731
68.2731
68.2731
68.2731
68.2731
68.2731
68.2731
68.2731
68.2731
68.2731
68.2731
68.2731
68.2731
68.2731
68.2731
68.2731
68.2731
68.2731
68.2731
68.2731
68.2731
68.2731
68.2731
68.2731
68.2731
68.2731
68.2731
68.2731
68.2731
68.2731
68.2731
68.2731
68.2731
68.2731
68.2731
68.2731
68.2731
68.2731
68.2731
68.2731
68.2731
68.2731
68.2731
68.2731
68.2731
68.2731
68.2731
68.2731
68.2731
68.2731
68.2731
68.2731
68.2731
68.2731
68.2731
68.2731
68.2731
68.2731
68.2731
68.2731
68.2731
68.2731
68.2731
68.2731
68.2731
68.2731
68.2731
68.2731
68.2731
68.2731
68.2731
68.2731
68.2731
68.2731
68.2731
68.2731
68.2731
68.2731
68.2731
68.2731
68.2731
68.2731
68.2731
68.2731
68.2731
68.2731
68.2731
68.2731
68.2731
68.2731
68.2731
68.2731
68.2731
68.2731
68.2731
68.2731
68.2731
68.2731
68.2731
68.2731
68.2731
68.2731
68.2731
68.2731
68.2731
68.2731
68.2731
68.2731
68.2731
68.2731
68.2731
68.2731
68.2731
68.2731
68.2731
68.2731
68.2731
68.2731
68.2731
68.2731
68.2731
68.2731
68.2731
68.2731
68.2731
68.2731
68.2731
68.2731
68.2731
68.2731
68.2731
68.2731
68.2731
68.2731
68.2731
68.2731
68.2731
68.2731
68.2731
68.2731
68.2731
68.2731
68.2731
68.2731
68.2731
68.2731
68.2731
68.2731
68.2731
68.2731
68.2731
68.2731
68.2731
68.2731
68.2731
68.2731
68.2731
68.2731
68.2731
68.2731
68.2731
68.2731
68.2731
68.2731
68.2731
68.2731
68.2731
68.2731
68.2731
68.2731
68.2731
68.2731
68.2731
68.2731
68.2731
68.2731
68.2731
68.2731
68.2731
68.2731
68.2731
68.2731
68.2731
68.2731
68.2731
68.2731
68.2731
68.2731
68.2731
68.2731
68.2731
68.2731
68.2731
68.2731
68.2731
68.2731
68.2731
68.2731
68.2731
68.2731
68.2731
68.2731
68.2731
68.2731
68.2731
68.2731
68.2731
68.2731
68.2731
68.2731
68.2731
68.2731
68.2731
68.2731
68.2731
68.2731
68.2731
68.2731
68.2731
68.2731
68.2731
68.2731
68.2731
68.2731
68.2731
68.2731
68.2731
68.2731
68.2731
68.2731
68.2731
68.2731
68.2731
68.2731
68.2731
68.2731
68.2731
68.2731
68.2731
68.2731
68.2731
68.2731
68.2731
68.2731
68.2731
68.2731
68.2731
68.2731
68.2731
68.2731
68.2731
68.2731
68.2731
68.2731
68.2731
68.2731
68.2731
68.2731
68.2731
68.2731
68.2731
68.2731
68.2731
68.2731
68.2731
68.2731
68.2731
68.2731
68.2731
68.2731
68.2731
68.2731
68.2731
68.2731
68.2731
68.2731
68.2731
68.2731
68.2731
68.2731
68.2731
68.2731
68.2731
68.2731
68.2731
68.2731
68.2731
68.2731
68.2731
68.2731
68.2731
68.2731
68.2731
68.2731
68.2731
68.2731
68.2731
68.2731
68.2731
68.2731
68.2731
68.2731
68.2731
68.2731
68.2731
68.2731
68.2731
68.2731
68.2731
68.2731
68.2731
68.2731
68.2731
68.2731
68.2731
68.2731
68.2731
68.2731
68.2731
68.2731
68.2731
68.2731
68.2731
68.2731
68.2731
68.2731
68.2731
68.2731
68.2731
68.2731
68.2731
68.2731
68.2731
68.2731
68.2731
68.2731
68.2731
68.2731
68.2731
68.2731
68.2731
68.2731
68.2731
68.2731
68.2731
68.2731
68.2731
68.2731
68.2731
68.2731
68.2731
68.2731
68.2731
68.2731
68.2731
68.2731
68.2731
68.2731
68.2731
68.2731
68.2731
68.2731
68.2731
68.2731
68.2731
68.2731
68.2731
68.2731
68.2731
68.2731
68.2731
68.2731
68.2731
68.2731
68.2731
68.2731
68.2731
68.2731
68.2731
68.2731
68.2731
68.2731
68.2731
68.2731
68.2731
68.2731
68.2731
68.2731
68.2731
68.2731
68.2731
68.2731
68.2731
68.2731
68.2731
68.2731
68.2731
68.2731
68.2731
68.2731
68.2731
68.2731
68.2731
68.2731
68.2731
68.2731
68.2731
68.2731
68.2731
68.2731
68.2731
68.2731
68.2731
68.2731
68.2731
68.2731
68.2731
68.2731
68.2731
68.2731
68.2731
68.2731
68.2731
68.2731
68.2731
68.2731
68.2731
68.2731
68.2731
68.2731
68.2731
68.2731
68.2731
68.2731
68.2731
68.2731
68.2731
68.2731
68.2731
68.2731
68.2731
68.2731
68.2731
68.2731
68.2731
68.2731
68.2731
68.2731
68.2731
68.2731
68.2731
68.2731
68.2731
68.2731
68.2731
68.2731
68.2731
68.2731
68.2731
68.2731
68.2731
68.2731
68.2731
68.2731
68.2731
68.2731
68.2731
68.2731
68.2731
68.2731
68.2731
68.2731
68.2731
68.2731
68.2731
68.2731
68.2731
68.2731
68.2731
68.2731
68.2731
68.2731
68.2731
68.2731
68.2731
68.2731
68.2731
68.2731
68.2731
68.2731
68.2731
68.2731
68.2731
68.2731
68.2731
68.2731
68.2731
68.2731
68.2731
68.2731
68.2731
68.2731
68.2731
68.2731
68.2731
68.2731
68.2731
68.2731
68.2731
68.2731
68.2731
68.2731
68.2731
68.2731
68.2731
68.2731
68.2731
68.2731
68.2731
68.2731
68.2731
68.2731
68.2731
68.2731
68.2731
68.2731
68.2731
68.2731
68.2731
68.2731
68.2731
68.2731
68.2731
68.2731
68.2731
68.2731
68.2731
68.2731
68.2731
68.2731
68.2731
68.2731
68.2731
68.2731
68.2731
68.2731
68.2731
68.2731
68.2731
68.2731
68.2731
68.2731
68.2731
68.2731
68.2731
68.2731
68.2731
68.2731
68.2731
68.2731
68.2731
68.2731
68.2731
68.2731
68.2731
68.2731
68.2731
68.2731
68.2731
68.2731
68.2731
68.2731
68.2731
68.2731
68.2731
68.2731
68.2731
68.2731
68.2731
68.2731
68.2731
68.2731
68.2731
68.2731
68.2731
68.2731
68.2731
68.2731
68.2731
68.2731
68.2731
68.2731
68.2731
68.2731
68.2731
68.2731
68.2731
68.2731
68.2731
68.2731
68.2731
68.2731
68.2731
68.2731
68.2731
68.2731
68.2731
68.2731
68.2731
68.2731
68.2731
68.2731
68.2731
68.2731
68.2731
68.2731
68.2731
68.2731
68.2731
68.2731
68.2731
68.2731
68.2731
68.2731
68.2731
68.2731
68.2731
68.2731
68.2731
68.2731
68.2731
68.2731
68.2731
68.2731
68.2731
68.2731
68.2731
68.2731
68.2731
68.2731
68.2731
68.2731
68.2731
68.2731
68.2731
68.2731
68.2731
68.2731
68.2731
68.2731
68.2731
68.2731
68.2731
68.2731
68.2731
68.2731
68.2731
68.2731
68.2731
68.2731
68.2731
68.2731
68.2731
68.2731
68.2731
68.2731
68.2731
68.2731
66.3236
66.3236
66.3236
66.3236
66.3236
66.3236
66.3236
66.3236
66.3236
66.3236
66.3236
66.3236
66.3236
66.3236
66.3236
66.3236
66.3236
66.3236
66.3236
66.3236
66.3236
66.3236
66.3236
66.3236
66.3236
66.3236
66.3236
66.3236
66.3236
66.3236
66.3236
66.3236
66.3236
66.3236
66.3236
66.3236
66.3236
66.3236
66.3236
66.3236
66.3236
66.3236
66.3236
66.3236
66.3236
66.3236
66.3236
66.3236
66.3236
66.3236
66.3236
66.3236
66.3236
66.3236
66.3236
66.3236
66.3236
66.3236
66.3236
66.3236
66.3236
66.3236
66.3236
66.3236
66.3236
66.3236
66.3236
66.3236
66.3236
66.3236
66.3236
66.3236
66.3236
66.3236
66.3236
66.3236
66.3236
66.3236
66.3236
66.3236
66.3236
66.3236
66.3236
66.3236
66.3236
66.3236
66.3236
66.3236
66.3236
66.3236
66.3236
66.3236
66.3236
66.3236
66.3236
66.3236
66.3236
66.3236
66.3236
66.3236
66.3236
66.3236
66.3236
66.3236
66.3236
66.3236
66.3236
66.3236
66.3236
66.3236
66.3236
66.3236
66.3236
66.3236
66.3236
66.3236
66.3236
66.3236
66.3236
66.3236
66.3236
66.3236
66.3236
66.3236
66.3236
66.3236
66.3236
66.3236
66.3236
66.3236
66.3236
66.3236
66.3236
66.3236
66.3236
66.3236
66.3236
66.3236
66.3236
66.3236
66.3236
66.3236
66.3236
66.3236
66.3236
66.3236
66.3236
66.3236
66.3236
66.3236
66.3236
66.3236
66.3236
66.3236
66.3236
66.3236
66.3236
66.3236
66.3236
66.3236
66.3236
66.3236
66.3236
66.3236
66.3236
66.3236
66.3236
66.3236
66.3236
66.3236
66.3236
66.3236
66.3236
66.3236
66.3236
66.3236
66.3236
66.3236
66.3236
66.3236
66.3236
66.3236
66.3236
66.3236
66.3236
66.3236
66.3236
66.3236
66.3236
66.3236
66.3236
66.3236
66.3236
66.3236
66.3236
66.3236
66.3236
66.3236
66.3236
66.3236
66.3236
66.3236
66.3236
66.3236
66.3236
66.3236
66.3236
66.3236
66.3236
66.3236
66.3236
66.3236
66.3236
66.3236
66.3236
66.3236
66.3236
66.3236
66.3236
66.3236
66.3236
66.3236
66.3236
66.3236
66.3236
66.3236
66.3236
66.3236
66.3236
66.3236
66.3236
66.3236
66.3236
66.3236
66.3236
66.3236
66.3236
66.3236
66.3236
66.3236
66.3236
66.3236
66.3236
66.3236
66.3236
66.3236
66.3236
66.3236
66.3236
66.3236
66.3236
66.3236
66.3236
66.3236
66.3236
66.3236
66.3236
66.3236
66.3236
66.3236
66.3236
66.3236
66.3236
66.3236
66.3236
66.3236
66.3236
66.3236
66.3236
66.3236
66.3236
66.3236
66.3236
66.3236
66.3236
66.3236
66.3236
66.3236
66.3236
66.3236
66.3236
66.3236
66.3236
66.3236
66.3236
66.3236
66.3236
66.3236
66.3236
66.3236
66.3236
66.3236
66.3236
66.3236
66.3236
66.3236
66.3236
66.3236
66.3236
66.3236
66.3236
66.3236
66.3236
66.3236
66.3236
66.3236
66.3236
66.3236
66.3236
66.3236
66.3236
66.3236
66.3236
66.3236
66.3236
66.3236
66.3236
66.3236
66.3236
66.3236
66.3236
66.3236
66.3236
66.3236
66.3236
66.3236
66.3236
66.3236
66.3236
66.3236
66.3236
66.3236
66.3236
66.3236
66.3236
66.3236
66.3236
66.3236
66.3236
66.3236
66.3236
66.3236
66.3236
66.3236
66.3236
66.3236
66.3236
66.3236
66.3236
66.3236
66.3236
66.3236
66.3236
66.3236
66.3236
66.3236
66.3236
66.3236
66.3236
66.3236
66.3236
66.3236
66.3236
66.3236
66.3236
66.3236
66.3236
66.3236
66.3236
66.3236
66.3236
66.3236
66.3236
66.3236
66.3236
66.3236
66.3236
66.3236
66.3236
66.3236
66.3236
66.3236
66.3236
66.3236
66.3236
66.3236
66.3236
66.3236
66.3236
66.3236
66.3236
66.3236
66.3236
66.3236
66.3236
66.3236
66.3236
66.3236
66.3236
66.3236
66.3236
66.3236
66.3236
66.3236
66.3236
66.3236
66.3236
66.3236
66.3236
66.3236
66.3236
66.3236
66.3236
66.3236
66.3236
66.3236
66.3236
66.3236
66.3236
66.3236
66.3236
66.3236
66.3236
66.3236
66.3236
66.3236
66.3236
66.3236
66.3236
66.3236
66.3236
66.3236
66.3236
66.3236
66.3236
66.3236
66.3236
66.3236
66.3236
66.3236
66.3236
66.3236
66.3236
66.3236
66.3236
66.3236
66.3236
66.3236
66.3236
66.3236
66.3236
66.3236
66.3236
66.3236
66.3236
66.3236
66.3236
66.3236
66.3236
66.3236
66.3236
66.3236
66.3236
66.3236
66.3236
66.3236
66.3236
66.3236
66.3236
66.3236
66.3236
66.3236
66.3236
66.3236
66.3236
66.3236
66.3236
66.3236
66.3236
66.3236
66.3236
66.3236
66.3236
66.3236
66.3236
66.3236
66.3236
66.3236
66.3236
66.3236
66.3236
66.3236
66.3236
66.3236
66.3236
66.3236
66.3236
66.3236
66.3236
66.3236
66.3236
66.3236
66.3236
66.3236
66.3236
66.3236
66.3236
66.3236
66.3236
66.3236
66.3236
66.3236
66.3236
66.3236
66.3236
66.3236
66.3236
66.3236
66.3236
66.3236
66.3236
66.3236
66.3236
66.3236
66.3236
66.3236
66.3236
66.3236
66.3236
66.3236
66.3236
66.3236
66.3236
66.3236
66.3236
66.3236
66.3236
66.3236
66.3236
66.3236
66.3236
66.3236
66.3236
66.3236
66.3236
66.3236
66.3236
66.3236
66.3236
66.3236
66.3236
66.3236
66.3236
66.3236
66.3236
66.3236
66.3236
66.3236
66.3236
66.3236
66.3236
66.3236
66.3236
66.3236
66.3236
66.3236
66.3236
66.3236
66.3236
66.3236
66.3236
66.3236
66.3236
66.3236
66.3236
66.3236
66.3236
66.3236
66.3236
66.3236
66.3236
66.3236
66.3236
66.3236
66.3236
66.3236
66.3236
66.3236
66.3236
66.3236
66.3236
66.3236
66.3236
66.3236
66.3236
66.3236
66.3236
66.3236
66.3236
66.3236
66.3236
66.3236
66.3236
66.3236
66.3236
66.3236
66.3236
66.3236
66.3236
66.3236
66.3236
66.3236
66.3236
66.3236
66.3236
66.3236
66.3236
66.3236
66.3236
66.3236
66.3236
66.3236
66.3236
66.3236
66.3236
66.3236
66.3236
66.3236
66.3236
66.3236
66.3236
66.3236
66.3236
66.3236
66.3236
66.3236
66.3236
66.3236
66.3236
66.3236
66.3236
66.3236
66.3236
66.3236
66.3236
66.3236
66.3236
66.3236
66.3236
66.3236
66.3236
66.3236
66.3236
66.3236
66.3236
66.3236
66.3236
66.3236
66.3236
66.3236
66.3236
66.3236
66.3236
66.3236
66.3236
66.3236
66.3236
66.3236
66.3236
66.3236
66.3236
66.3236
66.3236
66.3236
66.3236
66.3236
66.3236
66.3236
66.3236
66.3236
66.3236
66.3236
66.3236
66.3236
66.3236
66.3236
66.3236
66.3236
66.3236
66.3236
66.3236
66.3236
66.3236
66.3236
66.3236
66.3236
66.3236
66.3236
66.3236
66.3236
66.3236
66.3236
66.3236
66.3236
66.3236
66.3236
66.3236
66.3236
66.3236
66.3236
66.3236
66.3236
66.3236
66.3236
66.3236
66.3236
66.3236
66.3236
66.3236
66.3236
66.3236
66.3236
66.3236
66.3236
66.3236
66.3236
66.3236
66.3236
66.3236
66.3236
66.3236
66.3236
66.3236
66.3236
66.3236
66.3236
66.3236
66.3236
66.3236
66.3236
66.3236
66.3236
66.3236
66.3236
66.3236
66.3236
66.3236
66.3236
66.3236
66.3236
66.3236
66.3236
66.3236
66.3236
66.3236
66.3236
66.3236
66.3236
66.3236
66.3236
66.3236
66.3236
66.3236
66.3236
66.3236
66.3236
66.3236
66.3236
66.3236
66.3236
66.3236
66.3236
66.3236
66.3236
66.3236
66.3236
66.3236
66.3236
66.3236
66.3236
66.3236
66.3236
66.3236
66.3236
66.3236
66.3236
66.3236
66.3236
66.3236
66.3236
66.3236
66.3236
66.3236
66.3236
66.3236
66.3236
66.3236
66.3236
66.3236
66.3236
66.3236
66.3236
66.3236
66.3236
66.3236
66.3236
66.3236
66.3236
66.3236
66.3236
66.3236
66.3236
66.3236
66.3236
66.3236
66.3236
66.3236
66.3236
66.3236
66.3236
66.3236
66.3236
66.3236
66.3236
66.3236
66.3236
66.3236
66.3236
66.3236
66.3236
66.3236
66.3236
66.3236
66.3236
66.3236
66.3236
66.3236
66.3236
66.3236
66.3236
66.3236
65.7862
65.7862
65.7862
65.7862
65.7862
65.7862
65.7862
65.7862
65.7862
65.7862
65.7862
65.7862
65.7862
65.7862
65.7862
65.7862
65.7862
65.7862
65.7862
65.7862
65.7862
65.7862
65.7862
65.7862
65.7862
65.7862
65.7862
65.7862
65.7862
65.7862
65.7862
65.7862
65.7862
65.7862
65.7862
65.7862
65.7862
65.7862
65.7862
65.7862
65.7862
65.7862
65.7862
65.7862
65.7862
65.7862
65.7862
65.7862
65.7862
65.7862
65.7862
65.7862
65.7862
65.7862
65.7862
65.7862
65.7862
65.7862
65.7862
65.7862
65.7862
65.7862
65.7862
65.7862
65.7862
65.7862
65.7862
65.7862
65.7862
65.7862
65.7862
65.7862
65.7862
65.7862
65.7862
65.7862
65.7862
65.7862
65.7862
65.7862
65.7862
65.7862
65.7862
65.7862
65.7862
65.7862
65.7862
65.7862
65.7862
65.7862
65.7862
65.7862
65.7862
65.7862
65.7862
65.7862
65.7862
65.7862
65.7862
65.7862
65.7862
65.7862
65.7862
65.7862
65.7862
65.7862
65.7862
65.7862
65.7862
65.7862
65.7862
65.7862
65.7862
65.7862
65.7862
65.7862
65.7862
65.7862
65.7862
65.7862
65.7862
65.7862
65.7862
65.7862
65.7862
65.7862
65.7862
65.7862
65.7862
65.7862
65.7862
65.7862
65.7862
65.7862
65.7862
65.7862
65.7862
65.7862
65.7862
65.7862
65.7862
65.7862
65.7862
65.7862
65.7862
65.7862
65.7862
65.7862
65.7862
65.7862
65.7862
65.7862
65.7862
65.7862
65.7862
65.7862
65.7862
65.7862
65.7862
65.7862
65.7862
65.7862
65.7862
65.7862
65.7862
65.7862
65.7862
65.7862
65.7862
65.7862
65.7862
65.7862
65.7862
65.7862
65.7862
65.7862
65.7862
65.7862
65.7862
65.7862
65.7862
65.7862
65.7862
65.7862
65.7862
65.7862
65.7862
65.7862
65.7862
65.7862
65.7862
65.7862
65.7862
65.7862
65.7862
65.7862
65.7862
65.7862
65.7862
65.7862
65.7862
65.7862
65.7862
65.7862
65.7862
65.7862
65.7862
65.7862
65.7862
65.7862
65.7862
65.7862
65.7862
65.7862
65.7862
65.7862
65.7862
65.7862
65.7862
65.7862
65.7862
65.7862
65.7862
65.7862
65.7862
65.7862
65.7862
65.7862
65.7862
65.7862
65.7862
65.7862
65.7862
65.7862
65.7862
65.7862
65.7862
65.7862
65.7862
65.7862
65.7862
65.7862
65.7862
65.7862
65.7862
65.7862
65.7862
65.7862
65.7862
65.7862
65.7862
65.7862
65.7862
65.7862
65.7862
65.7862
65.7862
65.7862
65.7862
65.7862
65.7862
65.7862
65.7862
65.7862
65.7862
65.7862
65.7862
65.7862
65.7862
65.7862
65.7862
65.7862
65.7862
65.7862
65.7862
65.7862
65.7862
65.7862
65.7862
65.7862
65.7862
65.7862
65.7862
65.7862
65.7862
65.7862
65.7862
65.7862
65.7862
65.7862
65.7862
65.7862
65.7862
65.7862
65.7862
65.7862
65.7862
65.7862
65.7862
65.7862
65.7862
65.7862
65.7862
65.7862
65.7862
65.7862
65.7862
65.7862
65.7862
65.7862
65.7862
65.7862
65.7862
65.7862
65.7862
65.7862
65.7862
65.7862
65.7862
65.7862
65.7862
65.7862
65.7862
65.7862
65.7862
65.7862
65.7862
65.7862
65.7862
65.7862
65.7862
65.7862
65.7862
65.7862
65.7862
65.7862
65.7862
65.7862
65.7862
65.7862
65.7862
65.7862
65.7862
65.7862
65.7862
65.7862
65.7862
65.7862
65.7862
65.7862
65.7862
65.7862
65.7862
65.7862
65.7862
65.7862
65.7862
65.7862
65.7862
65.7862
65.7862
65.7862
65.7862
65.7862
65.7862
65.7862
65.7862
65.7862
65.7862
65.7862
65.7862
65.7862
65.7862
65.7862
65.7862
65.7862
65.7862
65.7862
65.7862
65.7862
65.7862
65.7862
65.7862
65.7862
65.7862
65.7862
65.7862
65.7862
65.7862
65.7862
65.7862
65.7862
65.7862
65.7862
65.7862
65.7862
65.7862
65.7862
65.7862
65.7862
65.7862
65.7862
65.7862
65.7862
65.7862
65.7862
65.7862
65.7862
65.7862
65.7862
65.7862
65.7862
65.7862
65.7862
65.7862
65.7862
65.7862
65.7862
65.7862
65.7862
65.7862
65.7862
65.7862
65.7862
65.7862
65.7862
65.7862
65.7862
65.7862
65.7862
65.7862
65.7862
65.7862
65.7862
65.7862
65.7862
65.7862
65.7862
65.7862
65.7862
65.7862
65.7862
65.7862
65.7862
65.7862
65.7862
65.7862
65.7862
65.7862
65.7862
65.7862
65.7862
65.7862
65.7862
65.7862
65.7862
65.7862
65.7862
65.7862
65.7862
65.7862
65.7862
65.7862
65.7862
65.7862
65.7862
65.7862
65.7862
65.7862
65.7862
65.7862
65.7862
65.7862
65.7862
65.7862
65.7862
65.7862
65.7862
65.7862
65.7862
65.7862
65.7862
65.7862
65.7862
65.7862
65.7862
65.7862
65.7862
65.7862
65.7862
65.7862
65.7862
65.7862
65.7862
65.7862
65.7862
65.7862
65.7862
65.7862
65.7862
65.7862
65.7862
65.7862
65.7862
65.7862
65.7862
65.7862
65.7862
65.7862
65.7862
65.7862
65.7862
65.7862
65.7862
65.7862
65.7862
65.7862
65.7862
65.7862
65.7862
65.7862
65.7862
65.7862
65.7862
65.7862
65.7862
65.7862
65.7862
65.7862
65.7862
65.7862
65.7862
65.7862
65.7862
65.7862
65.7862
65.7862
65.7862
65.7862
65.7862
65.7862
65.7862
65.7862
65.7862
65.7862
65.7862
65.7862
65.7862
65.7862
65.7862
65.7862
65.7862
65.7862
65.7862
65.7862
65.7862
65.7862
65.7862
65.7862
65.7862
65.7862
65.7862
65.7862
65.7862
65.7862
65.7862
65.7862
65.7862
65.7862
65.7862
65.7862
65.7862
65.7862
65.7862
65.7862
65.7862
65.7862
65.7862
65.7862
65.7862
65.7862
65.7862
65.7862
65.7862
65.7862
65.7862
65.7862
65.7862
65.7862
65.7862
65.7862
65.7862
65.7862
65.7862
65.5304
65.5304
65.5304
65.5304
65.5304
65.5304
65.5304
65.5304
65.5304
65.5304
65.5304
65.5304
65.5304
65.5304
65.5304
65.5304
65.5304
65.5304
65.5304
65.5304
65.5304
65.5304
65.5304
65.5304
65.5304
65.5304
65.5304
65.5304
65.5304
65.5304
65.5304
65.5304
65.5304
65.5304
65.5304
65.5304
65.5304
65.5304
65.5304
65.5304
65.5304
65.5304
65.5304
65.5304
65.5304
65.5304
65.5304
65.5304
65.5304
65.5304
65.5304
65.5304
65.5304
65.5304
65.5304
65.5304
65.5304
65.5304
65.5304
65.5304
65.5304
65.5304
65.5304
65.5304
65.5304
65.4397
65.4397
65.4397
65.3156
65.3156
65.3156
65.3156
65.3156
65.3156
65.3156
65.3156
65.3156
65.3156
65.3156
65.3156
65.3156
65.3156
65.3156
65.3156
65.3156
65.3156
65.3156
65.3156
65.3156
65.3156
65.3156
65.3156
65.3156
65.3156
65.3156
65.3156
65.3156
65.3156
65.3156
65.3156
65.3156
65.3156
65.3156
65.3156
65.3156
65.3156
65.3156
65.3156
65.3156
65.3156
65.3156
65.3156
65.3156
65.3156
65.3156
65.3156
65.3156
65.3156
65.3156
65.3156
65.3156
65.3156
65.3156
65.3156
65.3156
65.3156
65.3156
65.3156
65.3156
65.3156
65.3156
65.3156
65.3156
65.3156
65.3156
65.3156
65.3156
65.3156
65.3156
65.3156
65.3156
65.3156
65.3156
65.3156
65.3156
65.3156
65.3156
65.3156
65.3156
65.3156
65.3156
65.3156
65.3156
65.3156
65.3156
65.3156
65.3156
65.3156
65.3156
65.3156
65.3156
65.3156
65.3156
65.3156
65.3156
65.3156
65.3156
65.3156
65.3156
65.3156
65.3156
65.3156
65.3156
65.3156
65.3156
65.3156
65.3156
65.3156
65.3156
65.3156
65.3156
65.3156
65.3156
65.3156
65.3156
65.3156
65.3156
65.3156
65.3156
65.3156
65.3156
65.3156
65.3156
65.3156
65.3156
65.3156
65.3156
65.3156
65.3156
65.3156
65.3156
65.3156
65.3156
65.3156
65.3156
65.3156
65.3156
65.3156
65.3156
65.3156
65.3156
65.3156
65.3156
65.3156
65.3156
65.3156
65.3156
65.3156
65.3156
65.3156
65.3156
65.3156
65.3156
65.3156
65.3156
65.3156
65.3156
65.3156
65.3156
65.3156
65.3156
65.3156
65.3156
65.3156
65.3156
65.3156
65.3156
65.3156
65.3156
65.3156
65.3156
65.3156
65.3156
65.3156
65.3156
65.3156
65.3156
65.3156
65.3156
65.3156
65.3156
65.3156
65.3156
65.3156
65.3156
65.3156
65.3156
65.3156
65.3156
65.3156
65.3156
65.3156
65.3156
65.3156
65.3156
65.3156
65.3156
65.3156
65.3156
65.3156
65.3156
65.3156
65.3156
65.3156
65.3156
65.3156
65.3156
65.3156
65.3156
65.3156
65.3156
65.3156
65.3156
65.3156
65.3156
65.3156
65.3156
65.3156
65.3156
65.3156
65.3156
65.3156
65.3156
65.3156
65.3156
65.3156
65.3156
65.3156
65.3156
65.3156
65.3156
65.3156
65.3156
65.3156
65.3156
65.3156
65.3156
65.3156
65.3156
65.3156
65.3156
65.3156
65.3156
65.3156
65.3156
65.3156
65.3156
65.3156
65.3156
65.3156
65.3156
65.3156
65.3156
65.3156
65.3156
65.3156
65.3156
65.3156
65.3156
65.3156
65.3156
65.3156
65.3156
65.3156
65.3156
65.3156
65.3156
65.3156
65.3156
65.3156
65.3156
65.3156
65.3156
65.3156
65.3156
65.3156
65.3156
65.3156
65.3156
65.3156
65.3156
65.3156
65.3156
65.3156
65.3156
65.3156
65.3156
65.3156
65.3156
65.3156
65.3156
65.3156
65.3156
65.3156
65.3156
65.3156
65.3156
65.3156
65.3156
65.3156
65.3156
65.3156
65.3156
65.3156
65.3156
65.3156
65.3156
65.3156
65.3156
65.3156
65.3156
65.3156
65.3156
65.3156
65.3156
65.3156
65.3156
65.3156
65.3156
65.3156
65.3156
65.3156
65.3156
65.3156
65.3156
65.3156
65.3156
65.3156
65.3156
65.3156
65.3156
65.3156
65.3156
65.3156
65.3156
65.3156
65.3156
65.3156
65.3156
65.3156
65.3156
65.3156
65.3156
65.3156
65.3156
65.3156
65.3156
65.3156
65.3156
65.3156
65.3156
65.3156
65.3156
65.3156
65.3156
65.3156
65.3156
65.3156
65.3156
65.3156
65.3156
65.3156
65.3156
65.3156
65.3156
65.3156
65.3156
65.3156
65.3156
65.3156
65.3156
65.3156
65.3156
65.3156
65.3156
65.3156
65.3156
65.3156
65.3156
65.3156
65.3156
65.3156
65.3156
65.3156
65.3156
65.3156
65.3156
65.3156
65.3156
65.3156
65.3156
65.3156
65.3156
65.3156
65.3156
65.3156
65.3156
65.3156
65.3156
65.3156
65.3156
65.3156
65.3156
65.3156
65.3156
65.3156
65.3156
65.3156
65.3156
65.3156
65.3156
65.3156
65.3156
65.3156
65.3156
65.3156
65.3156
65.3156
65.3156
65.3156
65.3156
65.3156
65.3156
65.3156
65.3156
65.3156
65.3156
65.3156
65.3156
65.3156
65.3156
65.3156
65.3156
65.3156
65.3156
65.3156
65.3156
65.3156
65.3156
65.3156
65.3156
65.3156
65.3156
65.3156
65.3156
65.3156
65.3156
65.3156
65.3156
65.3156
65.3156
65.3156
65.3156
65.3156
65.3156
65.3156
65.3156
65.3156
65.3156
65.3156
65.3156
65.3156
65.3156
65.3156
65.3156
65.3156
65.3156
65.3156
65.3156
65.3156
65.3156
65.3156
65.3156
65.3156
65.3156
65.3156
65.3156
65.3156
65.3156
65.3156
65.3156
65.3156
65.3156
65.3156
65.3156
65.3156
65.3156
65.3156
65.3156
65.3156
65.3156
65.3156
65.3156
65.3156
65.3156
65.3156
65.3156
65.3156
65.3156
65.3156
65.3156
65.3156
65.3156
65.3156
65.3156
65.3156
65.3156
65.3156
65.3156
65.3156
65.3156
65.3156
65.3156
65.3156
65.3156
65.3156
65.3156
65.3156
65.3156
65.3156
65.3156
65.3156
65.3156
65.3156
65.3156
65.3156
65.3156
65.3156
65.3156
65.3156
65.3156
65.3156
65.3156
65.3156
65.3156
65.3156
65.3156
65.3156
65.3156
65.3156
65.3156
65.3156
65.3156
65.3156
65.3156
65.3156
65.3156
65.3156
65.3156
65.3156
65.3156
65.3156
65.3156
65.3156
65.3156
65.3156
65.3156
65.3156
65.3156
65.3156
65.3156
65.3156
65.3156
65.3156
65.3156
65.3156
65.3156
65.3156
65.3156
65.3156
65.3156
65.3156
65.3156
65.3156
65.3156
65.3156
65.3156
65.3156
65.3156
65.3156
65.3156
65.3156
65.3156
65.3156
65.3156
65.3156
65.3156
65.3156
65.3156
65.3156
65.3156
65.3156
65.3156
65.3156
65.3156
65.3156
65.3156
65.3156
65.3156
65.3156
65.3156
65.3156
65.3156
65.3156
65.3156
65.3156
65.3156
65.3156
65.3156
65.3156
65.3156
65.3156
65.3156
65.3156
65.3156
65.3156
65.3156
65.3156
65.3156
65.3156
65.3156
65.3156
65.3156
65.3156
65.3156
65.3156
65.3156
65.3156
65.3156
65.3156
65.3156
65.3156
65.3156
65.3156
65.3156
65.3156
65.3156
65.3156
65.3156
65.3156
65.3156
65.3156
65.3156
65.3156
65.3156
65.3156
65.3156
65.3156
65.3156
65.3156
65.3156
65.3156
65.3156
65.3156
65.3156
65.3156
65.3156
65.3156
65.3156
65.3156
65.3156
65.3156
65.3156
65.3156
65.3156
65.3156
65.3156
65.3156
65.3156
65.3156
65.3156
65.3156
65.3156
65.3156
65.3156
65.3156
65.3156
65.3156
65.3156
65.3156
65.3156
65.3156
65.3156
65.3156
65.3156
65.3156
65.3156
65.3156
65.3156
65.3156
65.3156
65.3156
65.3156
65.3156
65.3156
65.3156
65.3156
65.3156
65.3156
65.3156
65.3156
65.3156
65.3156
65.3156
65.3156
65.3156
65.3156
65.3156
65.3156
65.3156
65.3156
65.3156
65.3156
65.3156
65.3156
65.3156
65.3156
65.3156
65.3156
65.3156
65.3156
65.3156
65.3156
65.3156
65.3156
65.3156
65.3156
65.3156
65.3156
65.3156
65.3156
65.3156
65.3156
65.3156
65.3156
65.3156
65.3156
65.3156
65.3156
65.3156
65.3156
65.3156
65.3156
65.3156
65.3156
65.3156
65.3156
65.3156
65.3156
65.3156
65.3156
65.3156
65.3156
65.3156
65.3156
65.3156
65.3156
65.3156
65.3156
65.3156
65.3156
65.3156
65.3156
65.3156
65.3156
65.3156
65.3156
65.3156
65.3156
65.3156
65.3156
65.3156
65.3156
65.3156
65.3156
65.3156
65.3156
65.3156
65.3156
65.3156
65.3156
65.3156
65.3156
65.3156
65.3156
65.3156
65.3156
65.3156
65.3156
65.3156
65.3156
65.3156
65.3156
65.3156
65.3156
65.3156
65.3156
65.3156
65.3156
65.3156
65.3156
65.3156
65.3156
65.3156
65.3156
65.3156
65.3156
65.3156
65.3156
65.3156
65.3156
65.3156
65.3156
65.3156
65.3156
65.3156
65.3156
65.3156
65.3156
65.3156
65.3156
65.3156
65.3156
65.3156
65.3156
65.3156
65.3156
65.3156
65.3156
65.3156
65.3156
65.3156
65.3156
65.3156
65.3156
65.3156
65.3156
65.3156
65.3156
65.3156
65.3156
65.3156
65.3156
65.3156
65.3156
65.3156
65.3156
65.3156
65.3156
65.3156
65.3156
65.3156
65.3156
65.3156
65.3156
65.3156
65.3156
65.3156
65.3156
65.3156
65.3156
65.3156
65.3156
65.3156
65.3156
65.3156
65.3156
65.3156
65.3156
65.3156
65.3156
65.3156
65.3156
65.3156
65.3156
65.3156
65.3156
65.3156
65.3156
65.3156
65.3156
65.3156
65.3156
65.3156
65.3156
65.3156
65.3156
65.3156
65.3156
65.3156
65.3156
65.3156
65.3156
65.3156
65.3156
65.3156
65.3156
65.3156
65.3156
65.3156
65.3156
65.3156
65.3156
65.3156
65.3156
65.3156
65.3156
65.3156
65.3156
65.3156
65.3156
65.3156
65.3156
65.3156
65.3156
65.3156
65.3156
65.3156
65.3156
65.3156
65.3156
65.3156
65.1253
65.1253
65.1253
65.1253
65.1253
65.1253
65.1253
65.1253
65.1253
65.1253
65.1253
65.1253
65.1253
65.1253
65.1253
65.1253
65.1253
65.1253
65.1253
65.1253
65.1253
65.1253
65.1253
65.1253
65.1253
65.1253
65.1253
65.1253
65.1253
65.1253
65.1253
65.1253
65.1253
65.1253
65.1253
65.1253
65.1253
65.1253
65.1253
65.1253
65.1253
65.1253
65.1253
65.1253
65.1253
65.1253
65.1253
65.1253
65.1253
65.1253
65.1253
65.1253
65.1253
65.1253
65.1253
65.1253
65.1253
65.1253
65.1253
65.1253
65.1253
65.1253
65.1253
65.1253
65.1253
65.1253
65.1253
65.1253
65.1253
65.1253
65.1253
65.1253
65.1253
65.1253
65.1253
65.1253
65.1253
65.1253
65.1253
65.1253
65.1253
65.1253
65.1253
65.1253
65.1253
65.1253
65.1253
65.1253
65.1253
65.1253
65.1253
65.1253
65.1253
65.1253
65.1253
65.1253
65.1253
65.1253
65.1253
65.1253
65.1253
65.1253
65.1253
65.1253
65.1253
65.1253
65.1253
65.1253
65.1253
65.1253
65.1253
65.1253
65.1253
65.1253
65.1253
65.1253
65.1253
65.1253
65.1253
65.1253
65.1253
65.1253
65.1253
65.1253
65.1253
65.1253
65.1253
65.1253
65.1253
65.1253
65.1253
65.1253
65.1253
65.1253
65.1253
65.1253
65.1253
65.1253
65.1253
65.1253
65.1253
65.1253
65.1253
65.1253
65.1253
65.1253
65.1253
65.1253
65.1253
65.1253
65.1253
65.1253
65.1253
65.1253
65.1253
65.1253
65.1253
65.1253
65.1253
65.1253
65.1253
65.1253
65.1253
65.1253
65.1253
65.1253
65.1253
65.1253
65.1253
65.1253
65.1253
65.1253
65.1253
65.1253
65.1253
65.1253
65.1253
65.1253
65.1253
65.1253
65.1253
65.1253
65.1253
65.1253
65.1253
65.1253
65.1253
65.1253
65.1253
65.1253
65.1253
65.1253
65.1253
65.1253
65.1253
65.1253
65.1253
65.1253
65.1253
65.1253
65.1253
65.1253
65.1253
65.1253
65.1253
65.1253
65.1253
65.1253
65.1253
65.1253
65.1253
65.1253
65.1253
65.1253
65.1253
65.1253
65.1253
65.1253
65.1253
65.1253
65.1253
65.1253
65.1253
65.1253
65.1253
65.1253
65.1253
65.1253
65.1253
65.1253
65.1253
65.1253
65.1253
65.1253
65.1253
65.1253
65.1253
65.1253
65.1253
65.1253
65.1253
65.1253
65.1253
65.1253
65.1253
65.1253
65.1253
65.1253
65.1253
65.1253
65.1253
65.1253
65.1253
65.1253
65.1253
65.1253
65.1253
65.1253
65.1253
65.1253
65.1253
65.1253
65.1253
65.1253
65.1253
65.1253
65.1253
65.1253
65.1253
65.1253
65.1253
65.1253
65.1253
65.1253
65.1253
65.1253
65.1253
65.1253
65.1253
65.1253
65.1253
65.1253
65.1253
65.1253
65.1253
65.1253
65.1253
65.1253
65.1253
65.1253
65.1253
65.1253
65.1253
65.1253
65.1253
65.1253
65.1253
65.1253
65.1253
65.1253
65.1253
65.1253
65.1253
65.1253
65.1253
65.1253
65.1253
65.1253
65.1253
65.1253
65.1253
65.1253
65.1253
65.1253
65.1253
65.1253
65.1253
65.1253
65.1253
65.1253
65.1253
65.1253
65.1253
65.1253
65.1253
65.1253
65.1253
65.1253
65.1253
65.1253
65.1253
65.1253
65.1253
65.1253
65.1253
65.1253
65.1253
65.1253
65.1253
65.1253
65.1253
65.1253
65.1253
65.1253
65.1253
65.1253
65.1253
65.1253
65.1253
65.1253
65.1253
65.1253
65.1253
65.1253
65.1253
65.1253
65.1253
65.1253
65.1253
65.1253
65.1253
65.1253
65.1253
65.1253
65.1253
65.1253
65.1253
65.1253
65.1253
65.1253
65.1253
65.1253
65.1253
65.1253
65.1253
65.1253
65.1253
65.1253
65.1253
65.1253
65.1253
65.1253
65.1253
65.1253
65.1253
65.1253
65.1253
65.1253
65.1253
65.1253
65.1253
65.1253
65.1253
65.1253
65.1253
65.1253
65.1253
65.1253
65.1253
65.1253
65.1253
65.1253
65.1253
65.1253
65.1253
65.1253
65.1253
65.1253
65.1253
65.1253
65.1253
65.1253
65.1253
65.1253
65.1253
65.1253
65.1253
65.1253
65.1253
65.1253
65.1253
65.1253
65.1253
65.1253
65.1253
65.1253
65.1253
65.1253
65.1253
65.1253
65.1253
65.1253
65.1253
65.1253
65.1253
65.1253
65.1253
65.1253
65.1253
65.1253
65.1253
65.1253
65.1253
65.1253
65.1253
65.1253
65.1253
65.1253
65.1253
65.1253
65.1253
65.1253
65.1253
65.1253
65.1253
65.1253
65.1253
65.1253
65.1253
65.1253
65.1253
65.1253
65.1253
65.1253
65.1253
65.1253
65.1253
65.1253
65.1253
65.1253
65.1253
65.1253
65.1253
65.1253
65.1253
65.1253
65.1253
65.1253
65.1253
65.1253
65.1253
65.1253
65.1253
65.1253
65.1253
65.1253
65.1253
65.1253
65.1253
65.1253
65.1253
65.1253
65.1253
65.1253
65.1253
65.1253
65.1253
65.1253
65.1253
65.1253
65.1253
65.1253
65.1253
65.1253
65.1253
65.1253
65.1253
65.1253
65.1253
65.1253
65.1253
65.1253
65.1253
65.1253
65.1253
65.1253
65.1253
65.1253
65.1253
65.1253
65.1253
65.1253
65.1253
65.1253
65.1253
65.1253
65.1253
65.1253
65.1253
65.1253
65.1253
65.1253
65.1253
65.1253
65.1253
65.1253
65.1253
65.1253
65.1253
65.1253
65.1253
65.1253
65.1253
65.1253
65.1253
65.1253
65.1253
65.1253
65.1253
65.1253
65.1253
65.1253
65.1253
65.1253
65.1253
65.1253
65.1253
65.1253
65.1253
65.1253
65.1253
65.1253
65.1253
65.1253
65.1253
65.1253
65.1253
65.1253
65.1253
65.1253
65.1253
65.1253
65.1253
65.1253
65.1253
65.1253
65.1253
65.1253
65.1253
65.1253
65.1253
65.1253
65.1253
65.1253
65.1253
65.1253
65.1253
65.1253
65.1253
65.1253
65.1253
65.1253
65.1253
65.1253
65.1253
65.1253
65.1253
65.1253
65.1253
65.1253
65.1253
65.1253
65.1253
65.1253
65.1253
65.1253
65.1253
65.1253
65.1253
65.1253
65.1253
65.1253
65.1253
65.1253
65.1253
65.1253
65.1253
65.1253
65.1253
65.1253
65.1253
65.1253
65.1253
65.1253
65.1253
65.1253
65.1253
65.1253
65.1253
65.1253
65.1253
65.1253
65.1253
65.1253
65.1253
65.1253
65.1253
65.1253
65.1253
65.1253
65.1253
65.1253
65.1253
65.1253
65.1253
65.1253
65.1253
65.1253
65.1253
65.1253
65.1253
65.1253
65.1253
65.1253
65.1253
65.1253
65.1253
65.1253
65.1253
65.1253
65.1253
65.1253
65.1253
65.1253
65.1253
65.1253
65.1253
65.1253
65.1253
65.1253
65.1253
65.1253
65.1253
65.1253
65.1253
65.1253
65.1253
65.1253
65.1253
65.1253
65.1253
65.1253
65.1253
65.1253
65.1253
65.1253
65.1253
65.1253
65.1253
65.1253
65.1253
65.1253
65.1253
65.1253
65.1253
65.1253
65.1253
65.1253
65.1253
65.1253
65.1253
65.1253
65.1253
65.1253
65.1253
65.1253
65.1253
65.1253
65.1253
65.1253
65.1253
65.1253
65.1253
65.1253
65.1253
65.1253
65.1253
65.1253
65.1253
65.1253
65.1253
65.1253
65.1253
65.1253
65.1253
65.1253
65.1253
65.1253
65.1253
65.1253
65.1253
65.1253
65.1253
65.1253
65.1253
65.1253
65.1253
65.1253
65.1253
65.1253
65.1253
65.1253
65.1253
65.1253
65.1253
65.1253
65.1253
65.1253
65.1253
65.1253
65.1253
65.1253
65.1253
65.1253
65.1253
65.1253
65.1253
65.1253
65.1253
65.1253
65.1253
65.1253
65.1253
65.1253
65.1253
65.1253
65.1253
65.1253
65.1253
65.1253
65.1253
65.1253
65.1253
65.1253
65.1253
65.1253
65.1253
65.1253
65.1253
65.1253
65.1253
65.1253
65.1253
65.1253
65.1253
65.1253
65.1253
65.1253
65.1253
65.1253
65.1253
65.1253
65.1253
65.1253
65.1253
65.1253
65.1253
65.1253
65.1253
65.1253
65.1253
65.1253
65.1253
65.1253
65.1253
65.1253
65.1253
65.1253
65.1253
65.1253
65.1253
65.1253
65.1253
65.1253
65.1253
65.1253
65.1253
65.1253
65.1253
65.1253
65.1253
65.1253
65.1253
65.1253
65.1253
65.1253
65.1253
65.1253
65.1253
65.1253
65.1253
65.1253
65.1253
65.1253
65.1253
65.1253
65.1253
65.1253
65.1253
65.1253
65.1253
65.1253
65.1253
65.1253
65.1253
65.1253
65.1253
65.1253
65.1253
65.1253
65.1253
65.1253
65.1253
65.1253
65.1253
65.1253
65.1253
65.1253
65.1253
65.1253
65.1253
65.1253
65.1253
65.1253
65.1253
65.1253
65.1253
65.1253
65.1253
65.1253
65.1253
65.1253
65.1253
65.1253
65.1253
65.1253
65.1253
65.1253
65.1253
65.1253
65.1253
65.1253
65.1253
65.1253
65.1253
65.1253
65.1253
65.1253
65.1253
65.1253
65.1253
65.1253
65.1253
65.1253
65.1253
65.1253
65.1253
65.1253
65.1253
65.1253
65.1253
65.1253
65.1253
65.1253
65.1253
65.1253
65.1253
65.1253
65.1253
65.1253
65.1253
65.1253
65.1253
65.1253
65.1253
65.1253
65.1253
65.1253
65.1253
65.1253
65.1253
65.1253
65.1253
65.1253
65.1253
65.1253
65.1253
65.1253
65.1253
65.1253
65.1253
65.1253
65.1253
65.1253
65.1253
65.1253
65.1253
65.1253
65.1253
65.1253
65.1253
65.1253
65.1253
65.1253
65.1253
65.1253
65.1253
65.1253
65.1253
65.1253
65.1253
65.1253
65.1253
65.1253
65.1253
65.1253
65.1253
65.1253
65.1253
65.1253
65.1253
65.1253
65.1253
65.1253
65.1253
65.1253
65.1253
65.1253
65.1253
65.1253
65.1253
65.1253
65.1253
65.1253
65.1253
65.1253
65.1253
65.1253
65.1253
65.1253
65.1253
65.1253
65.1253
65.1253
65.1253
65.1253
65.1253
65.1253
65.1253
65.1253
65.1253
65.1253
65.1253
65.1253
65.1253
65.1253
65.1253
65.1253
65.1253
65.1253
65.1253
65.1253
65.1253
65.1253
65.1253
65.1253
65.1253
65.1253
65.1253
65.1253
65.1253
65.1253
65.1253
65.1253
65.1253
65.1253
65.1253
65.1253
65.1253
65.1253
65.1253
65.1253
65.1253
65.1253
65.1253
65.1253
65.1253
65.1253
65.1253
65.1253
65.1253
65.1253
65.1253
65.1253
65.1253
65.1253
65.1253
65.1253
65.1253
65.1253
65.1253
65.1253
65.1253
65.1253
65.1253
65.1253
65.1253
65.1253
65.1253
65.1253
65.1253
65.1253
65.1253
65.1253
65.1253
65.1253
65.1253
65.1253
65.1253
65.1253
65.1253
65.1253
65.1253
65.1253
65.1253
65.1253
65.1253
65.1253
65.1253
65.1253
65.1253
65.1253
65.1253
65.1253
65.1253
65.1253
65.1253
65.1253
65.1253
65.1253
65.1253
65.1253
65.1253
65.1253
65.1253
65.1253
65.1253
65.1253
65.1253
65.1253
65.1253
65.1253
65.1253
65.1253
65.1253
65.1253
65.1253
65.1253
65.1253
65.1253
65.1253
65.1253
65.1253
65.1253
65.1253
65.1253
65.1253
65.1253
65.1253
65.1253
65.1253
65.1253
65.1253
65.1253
65.1253
65.1253
65.1253
65.1253
65.1253
65.1253
65.1253
65.1253
65.1253
65.1253
65.1253
65.1253
65.1253
65.1253
65.1253
65.1253
65.1253
65.1253
65.1253
65.1253
65.1253
65.1253
65.1253
65.1253
65.1253
65.1253
65.1253
65.1253
65.1253
65.1253
65.1253
65.1253
65.1253
65.1253
65.1253
65.1253
65.1253
65.1253
65.1253
65.1253
65.1253
65.1253
65.1253
65.1253
65.1253
65.1253
65.1253
65.1253
65.1253
65.1253
65.1253
65.1253
65.1253
65.1253
65.1253
65.1253
65.1253
65.1253
65.1253
65.1253
65.1253
65.1253
65.1253
65.1253
65.1253
65.1253
65.1253
65.1253
65.1253
65.1253
65.1253
65.1253
65.1253
65.1253
65.1253
65.1253
65.1253
65.1253
65.1253
65.1253
65.1253
65.1253
65.1253
65.1253
65.1253
65.1253
65.1253
65.1253
65.1253
65.1253
65.1253
65.1253
65.1253
65.1253
65.1253
65.1253
65.1253
65.1253
65.1253
65.1253
65.1253
65.1253
65.1253
65.1253
65.1253
65.1253
65.1253
65.1253
65.1253
65.1253
65.1253
65.1253
65.1253
65.1253
65.1253
65.1253
65.1253
65.1253
65.1253
65.1253
65.1253
65.1253
65.1253
65.1253
65.1253
65.1253
65.1253
65.1253
65.1253
65.1253
65.1253
65.1253
65.1253
65.1253
65.1253
65.1253
65.1253
65.1253
65.1253
65.1253
65.1253
65.1253
65.1253
65.1253
65.1253
65.1253
65.1253
65.1253
65.1253
65.1253
65.1253
65.1253
65.1253
65.1253
65.1253
65.1253
65.1253
65.1253
65.1253
65.1253
65.1253
65.1253
65.1253
65.1253
65.1253
65.1253
65.1253
65.1253
65.1253
65.1253
65.1253
65.1253
65.1253
65.1253
65.1253
65.1253
65.1253
65.1253
65.1253
65.1253
65.1253
65.1253
65.1253
65.1253
65.1253
65.1253
65.1253
65.1253
65.1253
65.1253
65.1253
65.1253
65.1253
65.1253
65.1253
65.1253
65.1253
65.1253
65.1253
65.1253
65.1253
65.1253
65.1253
65.1253
65.1253
65.1253
65.1253
65.1253
65.1253
65.1253
65.1253
65.1253
65.1253
65.1253
65.1253
65.1253
65.1253
65.1253
65.1253
65.1253
65.1253
65.1253
65.1253
65.1253
65.1253
65.1253
65.1253
65.1253
65.1253
65.1253
65.1253
65.1253
65.1253
65.1253
65.1253
65.1253
65.1253
65.1253
65.1253
65.1253
65.1253
65.1253
65.1253
65.1253
65.1253
65.1253
65.1253
65.1253
65.1253
65.1253
65.1253
65.1253
65.1253
65.1253
65.1253
65.1253
65.1253
65.1253
65.1253
65.1253
65.1253
65.1253
65.1253
65.1253
65.1253
65.1253
65.1253
65.1253
65.1253
65.1253
65.1253
65.1253
65.1253
65.1253
65.1253
65.1253
65.1253
65.1253
65.1253
65.1253
65.1253
65.1253
65.1253
65.1253
65.1253
65.1253
65.1253
65.1253
65.1253
65.1253
65.1253
65.1253
65.1253
65.1253
65.1253
65.1253
65.1253
65.1253
65.1253
65.1253
65.1253
65.1253
65.1253
65.1253
65.1253
65.1253
65.1253
65.1253
65.1253
65.1253
65.1253
65.1253
65.1253
65.1253
65.1253
65.1253
65.1253
65.1253
65.1253
65.1253
65.1253
65.1253
65.1253
65.1253
65.1253
65.1253
65.1253
65.1253
65.1253
65.1253
65.1253
65.1253
65.1253
65.1253
65.1253
65.1253
65.1253
65.1253
65.1253
65.1253
65.1253
65.1253
65.1253
65.1253
65.1253
65.1253
65.1253
65.1253
65.1253
65.1253
65.1253
65.1253
65.1253
65.1253
65.1253
65.1253
65.1253
65.1253
65.1253
65.1253
65.1253
65.1253
65.1253
65.1253
65.1253
65.1253
65.1253
65.1253
65.1253
65.1253
65.1253
65.1253
65.1253
65.1253
65.1253
65.1253
65.1253
65.1253
65.1253
65.1253
65.1253
65.1253
65.1253
65.1253
65.1253
65.1253
65.1253
65.1253
65.1253
65.1253
65.1253
65.1253
65.1253
65.1253
65.1253
65.1253
65.1253
65.1253
65.1253
65.1253
65.1253
65.1253
65.1253
65.1253
65.1253
65.1253
65.1253
65.1253
65.1253
65.1253
65.1253
65.1253
65.1253
65.1253
65.1253
65.1253
65.1253
65.1253
65.1253
65.1253
65.1253
65.1253
65.1253
65.1253
65.1253
65.1253
65.1253
65.1253
65.1253
65.1253
65.1253
65.1253
65.1253
65.1253
65.1253
65.1253
65.1253
65.1253
65.1253
65.1253
65.1253
65.1253
65.1253
65.1253
65.1253
65.1253
65.1253
65.1253
65.1253
65.1253
65.1253
65.1253
65.1253
65.1253
65.1253
65.1253
65.1253
65.1253
65.1253
65.1253
65.1253
65.1253
65.1253
65.1253
65.1253
65.1253
65.1253
65.1253
65.1253
65.1253
65.1253
65.1253
65.1253
65.1253
65.1253
65.1253
65.1253
65.1253
65.1253
65.1253
65.1253
65.1253
65.1253
65.1253
65.1253
65.1253
65.1253
65.1253
65.1253
65.1253
65.1253
65.1253
65.1253
65.1253
65.1253
65.1253
65.1253
65.1253
65.1253
65.1253
65.1253
65.1253
65.1253
65.1253
65.1253
65.1253
65.1253
65.1253
65.1253
65.1253
65.1253
65.1253
65.1253
65.1253
65.1253
65.1253
65.1253
65.1253
65.1253
65.1253
65.1253
65.1253
65.1253
65.1253
65.1253
65.1253
65.1253
65.1253
65.1253
65.1253
65.1253
65.1253
65.1253
65.1253
65.1253
65.1253
65.1253
65.1253
65.1253
65.1253
65.1253
65.1253
65.1253
65.1253
65.1253
65.1253
65.1253
65.1253
65.1253
65.1253
65.1253
65.1253
65.1253
65.1253
65.1253
65.1253
65.1253
65.1253
65.1253
65.1253
65.1253
65.1253
65.1253
65.1253
65.1253
65.1253
65.1253
65.1253
65.1253
65.1253
65.1253
65.1253
65.1253
65.1253
65.1253
65.1253
65.1253
65.1253
65.1253
65.1253
65.1253
65.1253
65.1253
65.1253
65.1253
65.1253
65.1253
65.1253
65.1253
65.1253
65.1253
65.1253
65.1253
65.1253
65.1253
65.1253
65.1253
65.1253
65.1253
65.1253
65.1253
65.1253
65.1253
65.1253
65.1253
65.1253
65.1253
65.1253
65.1253
65.1253
65.1253
65.1253
65.1253
65.1253
65.1253
65.1253
65.1253
65.1253
65.1253
65.1253
65.1253
65.1253
65.1253
65.1253
65.1253
65.1253
65.1253
65.1253
65.1253
65.1253
65.1253
65.1253
65.1253
65.1253
65.1253
65.1253
65.1253
65.1253
65.1253
65.1253
65.1253
65.1253
65.1253
65.1253
65.1253
65.1253
65.1253
65.1253
65.1253
65.1253
65.1253
65.1253
65.1253
65.1253
65.1253
65.1253
65.1253
65.1253
65.1253
65.1253
65.1253
65.1253
65.1253
65.1253
65.1253
65.1253
65.1253
65.1253
65.1253
65.1253
65.1253
65.1253
65.1253
65.1253
65.1253
65.1253
65.1253
65.1253
65.1253
65.1253
65.1253
65.1253
65.1253
65.1253
65.1253
65.1253
65.1253
65.1253
65.1253
65.1253
65.1253
65.1253
65.1253
65.1253
65.1253
65.1253
65.1253
65.1253
65.1253
65.1253
65.1253
65.1253
65.1253
65.1253
65.1253
65.1253
65.1253
65.1253
65.1253
65.1253
65.1253
65.1253
65.1253
65.1253
65.1253
65.1253
65.1253
65.1253
65.1253
65.1253
65.1253
65.1253
65.1253
65.1253
65.1253
65.1253
65.1253
65.1253
65.1253
65.1253
65.1253
65.1253
65.1253
65.1253
65.1253
65.1253
65.1253
65.1253
65.1253
65.1253
65.1253
65.1253
65.1253
65.1253
65.1253
65.1253
65.1253
65.1253
65.1253
65.1253
65.1253
65.1253
65.1253
65.1253
65.1253
65.1253
65.1253
65.1253
65.1253
65.1253
65.1253
65.1253
65.1253
65.1253
65.1253
65.1253
65.1253
65.1253
65.1253
65.1253
65.1253
65.1253
65.1253
65.1253
65.1253
65.1253
65.1253
65.1253
65.1253
65.1253
65.1253
65.1253
65.1253
65.1253
65.1253
65.1253
65.1253
65.1253
65.1253
65.1253
65.1253
65.1253
65.1253
65.1253
65.1253
65.1253
65.1253
65.1253
65.1253
65.1253
65.1253
65.1253
65.1253
65.1253
65.1253
65.1253
65.1253
65.1253
65.1253
65.1253
65.1253
65.1253
65.1253
65.1253
65.1253
65.1253
65.1253
65.1253
65.1253
65.1253
65.1253
65.1253
65.1253
65.1253
65.1253
65.1253
65.1253
65.1253
65.1253
65.1253
65.1253
65.1253
65.1253
65.1253
65.1253
65.1253
65.1253
65.1253
65.1253
65.1253
65.1253
65.1253
65.1253
65.1253
65.1253
65.1253
65.1253
65.1253
65.1253
65.1253
65.1253
65.1253
65.1253
65.1253
65.1253
65.1253
65.1253
65.1253
65.1253
65.1253
65.1253
65.1253
65.1253
65.1253
65.1253
65.1253
65.1253
65.1253
65.1253
65.1253
65.1253
65.1253
65.1253
65.1253
65.1253
65.1253
65.1253
65.1253
65.1253
65.1253
65.1253
65.1253
65.1253
65.1253
65.1253
65.1253
65.1253
65.1253
65.1253
65.1253
65.1253
65.1253
65.1253
65.1253
65.1253
65.1253
65.1253
65.1253
65.1253
65.1253
65.1253
65.1253
65.1253
65.1253
65.1253
65.1253
65.1253
65.1253
65.1253
65.1253
65.1253
65.1253
65.1253
65.1253
65.1253
65.1253
65.1253
65.1253
65.1253
65.1253
65.1253
65.1253
65.1253
65.1253
65.1253
65.1253
65.1253
65.1253
65.1253
65.1253
65.1253
65.1253
65.1253
65.1253
65.1253
65.1253
65.1253
65.1253
65.1253
65.1253
65.1253
65.1253
65.1253
65.1253
65.1253
65.1253
65.1253
65.1253
65.1253
65.1253
65.1253
65.1253
65.1253
65.1253
65.1253
65.1253
65.1253
65.1253
65.1253
65.1253
65.1253
65.1253
65.1253
65.1253
65.1253
65.1253
65.1253
65.1253
65.1253
65.1253
65.1253
65.1253
65.1253
65.1253
65.1253
65.1253
65.1253
65.1253
65.1253
65.1253
65.1253
65.1253
65.1253
65.1253
65.1253
65.1253
65.1253
65.1253
65.1253
65.1253
65.1253
65.1253
65.1253
65.1253
65.1253
65.1253
65.1253
65.1253
65.1253
65.1253
65.1253
65.1253
65.1253
65.1253
65.1253
65.1253
65.1253
65.1253
65.1253
65.1253
65.1253
65.1253
65.1253
65.1253
65.1253
65.1253
65.1253
65.1253
65.1253
65.1253
65.1253
65.1253
65.1253
65.1253
65.1253
65.1253
65.1253
65.1253
65.1253
65.1253
65.1253
65.1253
65.1253
65.1253
65.1253
65.1253
65.1253
65.1253
65.1253
65.1253
65.1253
65.1253
65.1253
65.1253
65.1253
65.1253
65.1253
65.1253
65.1253
65.1253
65.1253
65.1253
65.1253
65.1253
65.1253
65.1253
65.1253
65.1253
65.1253
65.1253
65.1253
65.1253
65.1253
65.1253
65.1253
65.1253
65.1253
65.1253
65.1253
65.1253
65.1253
65.1253
65.1253
65.1253
65.1253
65.1253
65.1253
65.1253
65.1253
65.1253
65.1253
65.1253
65.1253
65.1253
65.1253
65.1253
65.1253
65.1253
65.1253
65.1253
65.1253
65.1253
65.1253
65.1253
65.1253
65.1253
65.1253
65.1253
65.1253
65.1253
65.1253
65.1253
65.1253
65.1253
65.1253
65.1253
65.1253
65.1253
65.1253
65.1253
65.1253
65.1253
65.1253
65.1253
65.1253
65.1253
65.1253
65.1253
65.1253
65.1253
65.1253
65.1253
65.1253
65.1253
65.1253
65.1253
65.1253
65.1253
65.1253
65.1253
65.1253
65.1253
65.1253
65.1253
65.1253
65.1253
65.1253
65.1253
65.1253
65.1253
65.1253
65.1253
65.1253
65.1253
65.1253
65.1253
65.1253
65.1253
65.1253
65.1253
65.1253
65.1253
65.1253
65.1253
65.1253
65.1253
65.1253
65.1253
65.1253
65.1253
65.1253
65.1253
65.1253
65.1253
65.1253
65.1253
65.1253
65.1253
65.1253
65.1253
65.1253
65.1253
65.1253
65.1253
65.1253
65.1253
65.1253
65.1253
65.1253
65.1253
65.1253
65.1253
65.1253
65.1253
65.1253
65.1253
65.1253
65.1253
65.1253
65.1253
65.1253
65.1253
65.1253
65.1253
65.1253
65.1253
65.1253
65.1253
65.1253
65.1253
65.1253
65.1253
65.1253
65.1253
65.1253
65.1253
65.1253
65.1253
65.1253
65.1253
65.1253
65.1253
65.1253
65.1253
65.1253
65.1253
65.1253
65.1253
65.1253
65.1253
65.1253
65.1253
65.1253
65.1253
65.1253
65.1253
65.1253
65.1253
65.1253
65.1253
65.1253
65.1253
65.1253
65.1253
65.1253
65.1253
65.1253
65.1253
65.1253
65.1253
65.1253
65.1253
65.1253
65.1253
65.1253
65.1253
65.1253
65.1253
65.1253
65.1253
65.1253
65.1253
65.1253
65.1253
65.1253
65.1253
65.1253
65.1253
65.1253
65.1253
65.1253
65.1253
65.1253
65.1253
65.1253
65.1253
65.1253
65.1253
65.1253
65.1253
65.1253
65.1253
65.1253
65.1253
65.1253
65.1253
65.1253
65.1253
65.1253
65.1253
65.1253
65.1253
65.1253
65.1253
65.1253
65.1253
65.1253
65.1253
65.1253
65.1253
65.1253
65.1253
65.1253
65.1253
65.1253
65.1253
65.1253
65.1253
65.1253
65.1253
65.1253
65.1253
65.1253
65.1253
65.1253
65.1253
65.1253
65.1253
65.1253
65.1253
65.1253
65.1253
65.1253
65.1253
65.1253
65.1253
65.1253
65.1253
65.1253
65.1253
65.1253
65.1253
65.1253
65.1253
65.1253
65.1253
65.1253
65.1253
65.1253
65.1253
65.1253
65.1253
65.1253
65.1253
65.1253
65.1253
65.1253
65.1253
65.1253
65.1253
65.1253
65.1253
65.1253
65.1253
65.1253
65.1253
65.1253
65.1253
65.1253
65.1253
65.1253
65.1253
65.1253
65.1253
65.1253
65.1253
65.1253
65.1253
65.1253
65.1253
65.1253
65.1253
65.1253
65.1253
65.1253
65.1253
65.1253
65.1253
65.1253
65.1253
65.1253
65.1253
65.1253
65.1253
65.1253
65.1253
65.1253
65.1253
65.1253
65.1253
65.1253
65.1253
65.1253
65.1253
65.1253
65.1253
65.1253
65.1253
65.1253
65.1253
65.1253
65.1253
65.1253
65.1253
65.1253
65.1253
65.1253
65.1253
65.1253
65.1253
65.1253
65.1253
65.1253
65.1253
65.1253
65.1253
65.1253
65.1253
65.1253
65.1253
65.1253
65.1253
65.1253
65.1253
65.1253
65.1253
65.1253
65.1253
65.1253
65.1253
65.1253
65.1253
65.1253
65.1253
65.1253
65.1253
65.1253
65.1253
65.1253
65.1253
65.1253
65.1253
65.1253
65.1253
65.1253
65.1253
65.1253
65.1253
65.1253
65.1253
65.1253
65.1253
65.1253
65.1253
65.1253
65.1253
65.1253
65.1253
65.1253
65.1253
65.1253
65.1253
65.1253
65.1253
65.1253
65.1253
65.1253
65.1253
65.1253
65.1253
65.1253
65.1253
65.1253
65.1253
65.1253
65.1253
65.1253
65.1253
65.1253
65.1253
65.1253
65.1253
65.1253
65.1253
65.1253
65.1253
65.1253
65.1253
65.1253
65.1253
65.1253
65.1253
65.1253
65.1253
65.1253
65.1253
65.1253
65.1253
65.1253
65.1253
65.1253
65.1253
65.1253
65.1253
65.1253
65.1253
65.1253
65.1253
65.1253
65.1253
65.1253
65.1253
65.1253
65.1253
65.1253
65.1253
65.1253
65.1253
65.1253
65.1253
65.1253
65.1253
65.1253
65.1253
65.1253
65.1253
65.1253
65.1253
65.1253
65.1253
65.1253
65.1253
65.1253
65.1253
65.1253
65.1253
65.1253
65.1253
65.1253
65.1253
65.1253
65.1253
65.1253
65.1253
65.1253
65.1253
65.1253
65.1253
65.1253
65.1253
65.1253
65.1253
65.1253
65.1253
65.1253
65.1253
65.1253
65.1253
65.1253
65.1253
65.1253
65.1253
65.1253
65.1253
65.1253
65.1253
65.1253
65.1253
65.1253
65.1253
65.1253
65.1253
65.1253
65.1253
65.1253
65.1253
65.1253
65.1253
65.1253
65.1253
65.1253
65.1253
65.1253
65.1253
65.1253
65.1253
65.1253
65.1253
65.1253
65.1253
65.1253
65.1253
65.1253
65.1253
65.1253
65.1253
65.1253
65.1253
65.1253
65.1253
65.1253
65.1253
65.1253
65.1253
65.1253
65.1253
65.1253
65.1253
65.1253
65.1253
65.1253
65.1253
65.1253
65.1253
65.1253
65.1253
65.1253
65.1253
65.1253
65.1253
65.1253
65.1253
65.1253
65.1253
65.1253
65.1253
65.1253
65.1253
65.1253
65.1253
65.1253
65.1253
65.1253
65.1253
65.1253
65.1253
65.1253
65.1253
65.1253
65.1253
65.1253
65.1253
65.1253
65.1253
65.1253
65.1253
65.1253
65.1253
65.1253
65.1253
65.1253
65.1253
65.1253
65.1253
65.1253
65.1253
65.1253
65.1253
65.1253
65.1253
65.1253
65.1253
65.1253
65.1253
65.1253
65.1253
65.1253
65.1253
65.1253
65.1253
65.1253
65.1253
65.1253
65.1253
65.1253
65.1253
65.1253
65.1253
65.1253
65.1253
65.1253
65.1253
65.1253
65.1253
65.1253
65.1253
65.1253
65.1253
65.1253
65.1253
65.1253
65.1253
65.1253
65.1253
65.1253
65.1253
65.1253
65.1253
65.1253
65.1253
65.1253
65.1253
65.1253
65.1253
65.1253
65.1253
65.1253
65.1253
65.1253
65.1253
65.1253
65.1253
65.1253
65.1253
65.1253
65.1253
65.1253
65.1253
65.1253
65.1253
65.1253
65.1253
65.1253
65.1253
65.1253
65.1253
65.1253
65.1253
65.1253
65.1253
65.1253
65.1253
65.1253
65.1253
65.1253
65.1253
65.1253
65.1253
65.1253
65.1253
65.1253
65.1253
65.1253
65.1253
65.1253
65.1253
65.1253
65.1253
65.1253
65.1253
65.1253
65.1253
65.1253
65.1253
65.1253
65.1253
65.1253
65.1253
65.1253
65.1253
65.1253
65.1253
65.1253
65.1253
65.1253
65.1253
65.1253
65.1253
65.1253
65.1253
65.1253
65.1253
65.1253
65.1253
65.1253
65.1253
65.1253
65.1253
65.1253
65.1253
65.1253
65.1253
65.1253
65.1253
65.1253
65.1253
65.1253
65.1253
65.1253
65.1253
65.1253
65.1253
65.1253
65.1253
65.1253
65.1253
65.1253
65.1253
65.1253
65.1253
65.1253
65.1253
65.1253
65.1253
65.1253
65.1253
65.1253
65.1253
65.1253
65.1253
65.1253
65.1253
65.1253
65.1253
65.1253
65.1253
65.1253
65.1253
65.1253
65.1253
65.1253
65.1253
65.1253
65.1253
65.1253
65.1253
65.1253
65.1253
65.1253
65.1253
65.1253
65.1253
65.1253
65.1253
65.1253
65.1253
65.1253
65.1253
65.1253
65.1253
65.1253
65.1253
65.1253
65.1253
65.1253
65.1253
65.1253
65.1253
65.1253
65.1253
65.1253
65.1253
65.1253
65.1253
65.1253
65.1253
65.1253
65.1253
65.1253
65.1253
65.1253
65.1253
65.1253
65.1253
65.1253
65.1253
65.1253
65.1253
65.1253
65.1253
65.1253
65.1253
65.1253
65.1253
65.1253
65.1253
65.1253
65.1253
65.1253
65.1253
65.1253
65.1253
65.1253
65.1253
65.1253
65.1253
65.1253
65.1253
65.1253
65.1253
65.1253
65.1253
65.1253
65.1253
65.1253
65.1253
65.1253
65.1253
65.1253
65.1253
65.1253
65.1253
65.1253
65.1253
65.1253
65.1253
65.1253
65.1253
65.1253
65.1253
65.1253
65.1253
65.1253
65.1253
65.1253
65.1253
65.1253
65.1253
65.1253
65.1253
65.1253
65.1253
65.1253
65.1253
65.1253
65.1253
65.1253
65.1253
65.1253
65.1253
65.1253
65.1253
65.1253
65.1253
65.1253
65.1253
65.1253
65.1253
65.1253
65.1253
65.1253
65.1253
65.1253
65.1253
65.1253
65.1253
65.1253
65.1253
65.1253
65.1253
65.1253
65.1253
65.1253
65.1253
65.1253
65.1253
65.1253
65.1253
65.1253
65.1253
65.1253
65.1253
65.1253
65.1253
65.1253
65.1253
65.1253
65.1253
65.1253
65.1253
65.1253
65.1253
65.1253
65.1253
65.1253
65.1253
65.1253
65.1253
65.1253
65.1253
65.1253
65.1253
65.1253
65.1253
65.1253
65.1253
65.1253
65.1253
65.1253
65.1253
65.1253
65.1253
65.1253
65.1253
65.1253
65.1253
65.1253
65.1253
65.1253
65.1253
65.1253
65.1253
65.1253
65.1253
65.1253
65.1253
65.1253
65.1253
65.1253
65.1253
65.1253
65.1253
65.1253
65.1253
65.1253
65.1253
65.1253
65.1253
65.1253
65.1253
65.1253
65.1253
65.1253
65.1253
65.1253
65.1253
65.1253
65.1253
65.1253
65.1253
65.1253
65.1253
65.1253
65.1253
65.1253
65.1253
65.1253
65.1253
65.1253
65.1253
65.1253
65.1253
65.1253
65.1253
65.1253
65.1253
65.1253
65.1253
65.1253
65.1253
65.1253
65.1253
65.1253
65.1253
65.1253
65.1253
65.1253
65.1253
65.1253
65.1253
65.1253
65.1253
65.1253
65.1253
65.1253
65.1253
65.1253
65.1253
65.1253
65.1253
65.1253
65.1253
65.1253
65.1253
65.1253
65.1253
65.1253
65.1253
65.1253
65.1253
65.1253
65.1253
65.1253
65.1253
65.1253
65.1253
65.1253
65.1253
65.1253
65.1253
65.1253
65.1253
65.1253
65.1253
65.1253
65.1253
65.1253
65.1253
65.1253
65.1253
65.1253
65.1253
65.1253
65.1253
65.1253
65.1253
65.1253
65.1253
65.1253
65.1253
65.1253
65.1253
65.1253
65.1253
65.1253
65.1253
65.1253
65.1253
65.1253
65.1253
65.1253
65.1253
65.1253
65.1253
65.1253
65.1253
65.1253
65.1253
65.1253
65.1253
65.1253
65.1253
65.1253
65.1253
65.1253
65.1253
65.1253
65.1253
65.1253
65.1253
65.1253
65.1253
65.1253
65.1253
65.1253
65.1253
65.1253
65.1253
65.1253
65.1253
65.1253
65.1253
65.1253
65.1253
65.1253
65.1253
65.1253
65.1253
65.1253
65.1253
65.1253
65.1253
65.1253
65.1253
65.1253
65.1253
65.1253
65.1253
65.1253
65.1253
65.1253
65.1253
65.1253
65.1253
65.1253
65.1253
65.1253
65.1253
65.1253
65.1253
65.1253
65.1253
65.1253
65.1253
65.1253
65.1253
65.1253
65.1253
65.1253
65.1253
65.1253
65.1253
65.1253
65.1253
65.1253
65.1253
65.1253
65.1253
65.1253
65.1253
65.1253
65.1253
65.1253
65.1253
65.1253
65.1253
65.1253
65.1253
65.1253
65.1253
65.1253
65.1253
65.1253
65.1253
65.1253
65.1253
65.1253
65.1253
65.1253
65.1253
65.1253
65.1253
65.1253
65.1253
65.1253
65.1253
65.1253
65.1253
65.1253
65.1253
65.1253
65.1253
65.1253
65.1253
65.1253
65.1253
65.1253
65.1253
65.1253
65.1253
65.1253
65.1253
65.1253
65.1253
65.1253
65.1253
65.1253
65.1253
65.1253
65.1253
65.1253
65.1253
65.1253
65.1253
65.1253
65.1253
65.1253
65.1253
65.1253
65.1253
65.1253
65.1253
65.1253
65.1253
65.1253
65.1253
65.1253
65.1253
65.1253
65.1253
65.1253
65.1253
65.1253
65.1253
65.1253
65.1253
65.1253
65.1253
65.1253
65.1253
65.1253
65.1253
65.1253
65.1253
65.1253
65.1253
65.1253
65.1253
65.1253
65.1253
65.1253
65.1253
65.1253
65.1253
65.1253
65.1253
65.1253
65.1253
65.1253
65.1253
65.1253
65.1253
65.1253
65.1253
65.1253
65.1253
65.1253
65.1253
65.1253
65.1253
65.1253
65.1253
65.1253
65.1253
65.1253
65.1253
65.1253
65.1253
65.1253
65.1253
65.1253
65.1253
65.1253
65.1253
65.1253
65.1253
65.1253
65.1253
65.1253
65.1253
65.1253
65.1253
65.1253
65.1253
65.1253
65.1253
65.1253
65.1253
65.1253
65.1253
65.1253
65.1253
65.1253
65.1253
65.1253
65.1253
65.1253
65.1253
65.1253
65.1253
65.1253
65.1253
65.1253
65.1253
65.1253
65.1253
65.1253
65.1253
65.1253
65.1253
65.1253
65.1253
65.1253
65.1253
65.1253
65.1253
65.1253
65.1253
65.1253
65.1253
65.1253
65.1253
65.1253
65.1253
65.1253
65.1253
65.1253
65.1253
65.1253
65.1253
65.1253
65.1253
65.1253
65.1253
65.1253
65.1253
65.1253
65.1253
65.1253
65.1253
65.1253
65.1253
65.1253
65.1253
65.1253
65.1253
65.1253
65.1253
65.1253
65.1253
65.1253
65.1253
65.1253
65.1253
65.1253
65.1253
65.1253
65.1253
65.1253
65.1253
65.1253
65.1253
65.1253
65.1253
65.1253
65.1253
65.1253
65.1253
65.1253
65.1253
65.1253
65.1253
65.1253
65.1253
65.1253
65.1253
65.1253
65.1253
65.1253
65.1253
65.1253
65.1253
65.1253
65.1253
65.1253
65.1253
65.1253
65.1253
65.1253
65.1253
65.1253
65.1253
65.1253
65.1253
65.1253
65.1253
65.1253
65.1253
65.1253
65.1253
65.1253
65.1253
65.1253
65.1253
65.1253
65.1253
65.1253
65.1253
65.1253
65.1253
65.1253
65.1253
65.1253
65.1253
65.1253
65.1253
65.1253
65.1253
65.1253
