422.787
420.784
418.163
413.191
411.497
396.524
391.891
386.877
386.877
385.206
376.988
376.988
360.004
360.004
355.389
354.072
345.007
342.854
337.459
335.161
335.161
335.161
321.813
321.728
321.728
316.406
316.406
312.371
310.388
307.169
304.104
304.104
303.412
303.412
297.416
297.416
297.038
294.143
294.143
293.169
289.55
289.55
280.981
280.981
273.91
273.822
273.284
273.284
271.635
270.293
267.878
267.878
267.878
263.257
262.07
262.07
262.07
260.649
257.576
252.752
252.752
249.495
248.957
248.188
245.676
245.676
245.676
245.246
244.442
243.391
243.391
240.674
240.674
240.128
237.543
229.692
229.183
229.183
228.893
228.893
228.893
228.893
225.363
225.194
225.194
225.022
222.958
220.757
220.757
219.022
217.903
217.903
217.903
217.903
216.505
215.885
215.82
215.82
215.67
213.02
213.02
212.297
211.758
210.211
206.365
206.365
206.365
206.365
204.955
202.78
202.78
202.78
202.658
201.92
201.92
201.92
201.009
201.009
196.842
196.842
196.842
196.502
196.502
195.787
194.607
194.607
194.607
194.607
194.607
193.386
193.386
193.386
191.694
191.694
191.643
191.643
191.599
190.111
190.111
188.537
188.537
188.537
187.021
186.808
186.439
186.023
185.653
183.787
183.787
183.787
182.974
182.866
182.418
182.418
181.774
181.432
181.33
179.981
179.981
179.33
176.831
175.296
175.296
175.296
175.296
173.662
173.662
173.662
173.662
171.272
170.179
170.179
169.721
169.721
169.721
167.292
167.292
167.292
166.336
166.336
164.278
164.278
164.278
164.218
162.727
162.727
162.727
162.727
162.215
162.215
161.781
161.781
161.781
161.781
161.781
161.781
160.79
160.326
160.278
160.278
160.278
160.278
159.661
158.714
158.714
157.907
157.907
157.683
157.683
157.683
157.683
157.176
156.608
156.608
156.171
156.171
156.171
156.171
153.899
153.899
153.514
153.514
153.514
153.514
150.268
150.268
150.268
150.268
150.268
150.268
150.268
150.268
150.268
150.247
150.124
150.124
150.124
149.935
149.831
149.831
149.831
149.831
149.831
149.4
148.826
148.826
146.564
146.564
146.564
146.564
146.564
146.564
146.564
146.564
146.564
146.564
146.564
144.22
144.22
144.22
144.067
144.067
144.067
144.067
144.067
143.885
143.885
143.515
142.892
142.161
142.161
142.161
142.161
141.36
141.36
140.493
140.493
140.493
139.635
139.635
139.635
139.396
138.728
138.261
137.127
137.127
135.393
135.393
135.393
135.349
134.953
134.953
134.953
134.953
134.953
134.953
134.953
132.904
132.904
132.904
132.904
132.904
132.904
131.753
131.753
131.753
131.753
131.753
129.784
129.784
129.784
129.784
129.533
129.533
129.533
129.411
129.411
128.168
127.619
127.619
127.619
127.619
127.619
127.343
127.343
127.343
127.343
127.343
122.47
122.47
122.47
122.47
122.216
122.002
121.926
121.926
121.926
121.926
121.926
121.437
121.437
121.437
121.437
121.437
121.437
120.446
119.324
119.324
119.324
119.324
119.324
119.324
119.324
119.245
118.822
118.822
118.667
118.276
118.276
118.165
118.165
117.372
117.372
117.372
116.75
116.75
116.75
116.727
115.972
115.972
115.972
115.972
115.972
115.972
115.949
115.949
115.949
115.949
115.185
115.185
115.185
115.185
115.149
115.149
115.149
115.05
114.617
114.617
114.617
114.613
114.613
114.564
114.564
114.564
114.564
114.564
113.728
113.728
113.728
112.958
112.958
112.958
112.958
112.376
111.908
111.908
111.846
111.846
110.854
110.854
110.854
110.502
110.502
110.502
110.502
110.502
110.502
110.502
110.502
110.502
110.502
110.502
110.502
110.174
110.174
110.174
110.174
110.174
110.174
110.174
110.1
110.1
110.1
110.1
110.1
109.187
109.187
109.187
108.797
108.797
108.797
108.319
107.353
107.353
107.353
107.088
107.088
107.088
107.088
107.088
107.037
107.037
107.037
106.979
106.979
106.979
106.979
106.979
106.979
106.979
106.979
106.979
106.979
106.979
105.74
105.74
105.701
105.701
105.701
105.701
105.701
105.701
105.701
105.701
105.701
105.701
105.701
105.565
105.565
105.565
105.565
105.565
105.565
105.565
105.565
105.234
105.234
105.234
104.984
104.984
104.984
104.984
104.852
104.85
104.85
104.85
104.583
104.583
104.283
104.283
104.583
104.583
104.583
104.583
104.583
104.532
104.261
104.261
103.817
103.817
103.683
103.683
103.683
103.091
103.091
103.091
103.091
103.091
103.091
103.091
103.091
103.091
102.991
102.991
102.991
102.991
102.991
102.991
102.991
102.991
102.991
102.991
102.991
101.941
101.941
101.362
101.362
101.362
101.362
101.362
101.035
101.035
100.457
100.177
100.177
100.177
100.177
99.6873
99.6873
99.6873
99.6873
99.4896
99.4896
99.4736
99.4736
99.4736
99.4736
99.4736
99.4736
99.4736
99.4736
99.4736
99.4736
99.4736
99.4736
99.4736
99.1067
99.1067
99.1067
99.1067
99.1067
98.806
98.806
98.806
98.806
98.806
98.806
98.7131
98.7131
98.3582
98.3582
98.3582
98.3582
98.3582
98.3582
98.3582
98.3197
98.3197
98.3197
98.3197
98.3197
98.3197
98.3197
98.3197
98.3197
98.3197
98.3197
98.1056
98.1056
98.1056
98.1056
97.6578
97.6578
97.6578
97.6578
97.6578
97.5423
97.5252
97.5102
97.4097
97.4097
97.3386
97.0905
97.0905
97.0905
97.0905
97.0905
97.0905
97.0905
97.0905
96.2174
96.2174
96.2174
96.2174
96.2174
96.2174
96.2174
96.2174
96.2174
96.1916
96.1916
96.0204
95.4423
95.4423
95.4423
95.112
95.112
95.112
95.112
95.112
95.112
95.112
94.7664
94.7664
94.7664
94.7664
94.7664
94.7664
94.7003
94.7003
94.7003
94.1547
93.2193
93.2193
93.2193
92.8355
92.8355
92.8355
92.8355
92.8355
92.8355
92.8355
92.8355
92.8355
92.8355
92.8034
92.8034
92.3291
92.3291
92.3291
92.3291
92.3291
91.9574
91.9574
91.9574
91.9574
91.9574
91.9574
91.9574
91.9574
91.9574
91.9253
91.9253
91.9253
91.6435
91.6435
91.6435
91.6435
91.6435
91.6435
91.519
91.4086
91.4086
91.4086
91.4086
90.5449
90.5449
90.5449
90.5449
90.5449
90.5449
90.5449
90.5449
90.5449
90.5449
90.5149
90.5149
90.2116
90.2116
90.2116
89.1917
89.1917
89.1917
89.1917
89.0813
89.0813
89.0813
89.0813
89.0813
89.0813
89.0813
89.0813
89.0813
88.7481
88.7481
88.7481
88.7481
88.7481
88.7481
88.6337
88.6337
88.6337
88.3762
88.3762
88.3762
88.3762
88.3762
88.3762
88.3762
87.813
87.813
87.813
87.813
87.6986
87.6986
87.6986
87.6986
87.6986
87.6677
87.6677
87.6677
87.6677
87.6677
87.2302
87.2302
87.2302
87.2302
87.2302
87.1945
87.1945
87.1945
87.1945
87.1945
87.1945
87.1945
87.0763
87.0763
87.0763
86.7198
85.7455
85.7292
85.7292
85.7292
85.7292
85.6952
85.6952
85.6952
85.577
85.577
85.577
85.577
85.577
85.577
85.577
84.4084
84.4084
84.4084
84.4084
84.3127
84.3127
84.3127
84.3127
84.3127
84.3127
84.3127
84.3127
84.3127
84.3127
84.3127
84.3127
84.3127
84.3127
84.3127
84.3127
84.3127
84.2318
84.2318
84.2318
84.2318
84.2318
84.2318
84.2318
84.2318
84.2318
84.2318
84.2318
83.9485
83.9485
83.9485
83.4246
83.4246
83.4246
83.4246
83.4246
83.4246
83.4246
83.4246
83.4246
83.4246
83.4246
83.4246
83.261
83.261
83.261
83.261
83.261
83.261
83.261
83.261
83.0112
83.0112
82.7396
82.7396
82.7396
82.7396
82.7396
82.7396
82.7396
82.7396
82.7396
82.7396
82.7396
82.5158
82.5158
82.5158
82.5158
82.5158
82.4481
82.4481
82.3619
82.3619
81.9304
81.9304
81.9304
81.9304
81.9304
81.9304
81.9304
81.9304
81.9304
81.8442
81.5512
81.5512
81.5512
81.5512
81.5512
81.5512
81.5512
81.5512
81.5512
81.5512
81.5512
81.5142
81.5142
81.3106
81.3106
81.3106
81.3106
81.3106
81.3106
81.3106
81.3106
81.3106
81.3106
81.3106
81.3106
81.3106
81.3106
81.3106
81.0463
81.0463
81.0463
81.0463
81.0463
81.0463
80.3824
80.3824
80.3824
80.3824
80.3824
80.3824
80.3824
80.3824
80.3824
80.3824
80.3824
80.3824
80.3824
80.3824
80.3824
80.3824
80.3824
80.3824
80.3824
80.3824
80.3824
80.3824
80.3824
80.3824
80.3824
80.3824
80.3824
80.3824
80.3824
80.3824
80.3824
80.3824
80.3824
80.3824
80.1692
80.1692
80.1692
80.1588
79.5043
79.5043
79.5043
79.5043
79.5043
79.5043
79.5043
79.5043
79.5043
79.5043
79.5043
79.5043
79.5043
79.5043
79.1747
79.1747
79.1747
79.1747
79.0852
79.0852
79.0852
79.0852
79.0852
79.0852
79.0852
79.0852
78.9758
78.9758
78.9758
78.9758
78.9758
78.9758
78.9758
78.9758
78.6283
78.6283
78.6283
78.6283
78.6283
78.6283
78.6283
78.6283
78.6283
78.6283
78.6283
78.6283
78.6283
78.2986
78.2986
78.2986
78.2986
78.2986
78.2986
78.2986
78.2986
77.7132
77.7132
78.2986
78.2986
78.2986
78.2986
78.2986
78.2986
78.2986
78.2986
78.2986
78.2986
78.2986
78.2986
78.2986
78.2986
78.2986
78.2986
78.2986
78.2986
78.2986
78.2986
78.2986
78.2986
78.2986
78.2073
78.2073
77.6119
77.6119
77.6119
77.6119
77.6119
77.6119
77.6119
77.6119
77.6119
77.6119
77.6119
77.5262
77.5262
77.3759
77.3759
77.3759
77.3759
77.2902
77.2902
77.2902
77.2902
77.2902
77.2902
77.2902
77.2902
77.2902
77.2902
77.2902
77.2902
77.2902
77.2902
77.2902
77.1808
77.1808
77.1808
77.1808
77.1808
77.1808
77.1808
77.1808
77.1808
77.1808
77.1808
77.1808
77.1808
77.1808
77.1808
77.1808
77.1808
77.1808
77.1808
77.1808
77.1808
77.1808
77.1808
77.1808
77.1808
77.1808
77.1808
77.1808
77.1808
77.1808
77.1808
77.1808
77.1808
77.1808
77.1808
77.1808
77.1808
77.1808
77.1808
77.1808
77.1808
77.1808
77.1808
77.1808
77.1808
77.1808
77.1808
77.1808
77.1808
76.8938
76.8938
76.8938
76.8938
76.5709
76.5709
76.5709
76.4442
76.4442
76.4442
76.4442
76.4442
76.4442
76.4442
76.2098
76.2098
76.2098
76.2098
76.2098
76.2098
76.2098
76.2098
76.2098
76.2098
76.2098
76.2098
76.2098
76.2098
76.2098
76.2098
76.2098
76.2098
76.2098
76.2098
76.2098
76.2098
76.2098
76.2098
76.2098
76.2098
76.2098
76.2098
76.2098
76.052
76.052
76.052
76.052
76.052
76.052
76.052
76.052
76.052
76.052
76.052
76.052
76.052
76.052
76.052
76.052
76.052
76.052
76.052
76.052
76.052
76.052
76.052
76.052
76.052
76.052
76.052
76.052
76.052
76.052
76.052
76.052
76.052
76.052
76.052
76.052
76.052
76.052
75.9252
75.9252
75.9252
75.9252
75.9252
75.9252
75.9252
75.9252
75.9252
75.9252
75.9252
75.9252
75.9252
75.9252
75.9252
75.9252
75.9252
75.9252
75.9252
75.9252
75.9252
75.9252
75.9252
75.9252
75.9252
75.9252
75.9252
75.9252
75.9252
75.9252
75.9252
75.9252
75.9252
75.9252
75.9252
75.9252
75.9252
75.9252
75.9252
75.9252
75.9252
75.9252
75.9252
75.9252
75.9252
75.9252
75.9252
75.9252
75.9252
75.9252
75.9252
75.9252
75.9252
75.9252
75.9252
75.9252
75.9252
75.9252
75.9252
75.9252
75.9252
75.9252
75.9252
75.9252
75.9252
75.9252
75.9252
75.9252
75.9252
75.9252
75.9252
75.9252
75.9252
75.9252
75.9252
75.9252
75.9252
75.9252
75.9252
75.9252
75.9252
75.9252
75.9252
75.9252
75.9252
75.9252
75.9252
75.9252
75.9252
75.9252
75.9252
75.9252
75.9252
75.9252
75.9252
75.9252
75.9252
75.9252
75.9252
75.9252
75.9252
75.9252
75.9252
75.9252
75.9252
75.9252
75.9252
75.9252
75.9252
75.9252
75.9252
75.9252
75.9252
75.9252
75.9252
75.9252
75.9252
75.9252
75.9252
75.9252
75.9252
75.9252
75.9252
75.9252
75.9252
75.9252
75.9252
75.9252
75.9252
75.9252
75.9252
75.9252
75.9252
75.9252
75.9252
75.9252
75.9252
75.9252
75.9252
75.9252
75.9252
75.9252
75.9252
75.9252
75.9252
75.9252
75.9252
75.9252
75.9252
75.9252
75.9252
75.9252
75.9252
75.9252
75.9252
75.9252
75.9252
75.9252
75.9252
75.9252
75.9252
75.9252
75.9252
75.9252
75.9252
75.9252
75.9252
75.9252
75.9252
75.9252
75.9252
75.9252
75.9252
75.9252
75.9252
75.9252
75.9252
75.9252
75.9252
75.9252
75.9252
75.9252
75.9252
75.9252
75.9252
75.9252
75.9252
75.9252
75.9252
75.9252
75.9252
75.9252
75.9252
75.9252
75.9252
75.9252
75.9252
75.9252
75.9252
75.9252
75.9252
75.9252
75.9252
75.9252
75.9252
75.9252
75.9252
75.9252
75.2945
75.2945
75.2945
75.2945
75.2945
75.2945
75.2945
75.2945
75.2945
75.2945
75.2945
75.2945
75.2945
75.2945
75.2945
75.2945
75.2945
75.2945
75.2945
75.2945
75.1378
75.1378
75.1378
75.1378
75.1378
75.1378
75.1378
75.1378
75.1378
75.1378
75.1378
75.1378
75.1378
75.1378
75.1378
75.1378
75.1378
75.1378
75.1378
75.1378
74.8463
74.8463
74.8463
74.8463
74.8463
74.8463
74.8463
74.8463
74.8463
74.8463
74.8463
74.8463
74.8463
74.8463
74.8463
74.8463
74.8463
74.8463
74.8463
74.8463
74.8463
74.8463
74.8463
74.8463
74.8463
74.8463
74.8463
74.8463
74.8463
74.8463
74.8463
74.8463
74.8463
74.8463
74.8463
74.8463
74.8463
74.8463
74.8463
74.8463
74.8463
74.8463
74.8463
74.8463
74.8463
74.8463
74.8463
74.8463
74.8463
74.8463
74.8463
74.8463
74.8463
74.8463
74.8463
74.6086
74.6086
74.6086
74.6086
74.6086
74.6086
74.6086
74.6086
74.6086
74.6086
72.5589
72.5589
72.5589
72.5589
72.5589
72.5589
72.5589
72.5589
72.5589
72.5589
72.5589
72.5589
72.5589
72.5589
72.5589
72.5589
72.5589
72.5589
72.5589
72.5589
72.5589
72.5589
72.5589
72.5589
72.5589
72.5589
72.5589
72.5589
72.5589
72.5589
72.5589
72.5589
72.5589
72.5589
72.5589
72.5589
72.5589
72.386
72.386
72.386
72.386
72.386
72.386
72.386
72.386
72.386
72.386
72.386
72.386
72.386
72.386
72.386
72.386
72.386
72.386
72.386
72.386
72.386
72.386
72.386
72.386
72.386
72.386
72.386
72.386
72.386
72.386
72.386
72.386
72.386
72.386
72.386
72.386
72.386
72.386
72.386
72.386
72.386
72.386
72.386
72.386
72.386
72.386
71.959
71.959
71.959
71.959
71.959
71.959
71.959
71.959
71.959
71.959
71.959
71.959
71.959
71.959
71.959
71.959
71.959
71.959
71.959
71.959
71.959
71.959
71.959
71.959
71.959
71.959
71.959
71.959
71.959
71.959
71.959
71.959
71.959
71.959
71.959
71.959
71.959
71.959
71.959
71.959
71.959
71.959
71.959
71.959
71.959
71.959
71.959
71.959
71.959
71.959
71.959
71.959
71.959
71.959
71.959
71.959
71.959
71.959
71.959
71.959
71.959
71.959
71.959
71.959
71.959
71.959
71.959
71.959
71.959
71.959
71.959
71.959
71.959
71.959
71.959
71.959
71.959
71.959
71.959
71.959
71.959
71.959
71.959
71.959
71.959
71.959
71.959
71.959
71.959
71.959
71.959
71.959
71.959
71.959
71.959
71.959
71.959
71.959
71.959
71.959
71.959
71.959
71.959
71.959
71.959
71.959
71.959
71.959
71.959
71.959
71.959
71.959
71.959
71.959
71.959
71.959
71.959
71.959
71.959
71.959
71.959
71.959
71.959
71.959
71.959
71.959
71.959
71.959
71.959
71.959
71.959
71.959
71.959
71.959
71.959
71.959
71.959
71.959
71.959
71.959
71.959
71.959
71.959
71.959
71.959
71.959
71.959
71.959
71.959
71.959
71.959
71.959
71.959
71.959
71.959
71.959
71.959
71.959
71.959
71.959
71.959
71.959
71.959
71.959
71.959
71.959
71.959
71.959
71.959
71.959
71.959
71.959
71.959
71.959
71.959
71.959
71.959
71.959
71.959
71.959
71.959
71.959
71.959
71.959
71.959
71.959
71.959
71.959
71.959
71.959
71.959
71.959
71.959
71.959
71.959
71.959
71.959
71.959
71.959
71.959
71.959
71.959
71.959
71.959
71.959
71.959
71.959
71.959
71.959
71.959
71.959
71.959
71.959
71.959
71.959
71.959
71.959
71.959
71.959
71.959
71.959
71.959
71.959
71.959
71.959
71.959
71.959
71.959
71.959
71.959
71.959
71.959
71.959
71.959
71.959
71.959
71.959
71.959
71.959
71.959
71.959
71.959
71.959
71.959
71.959
71.959
71.959
71.959
71.959
71.959
71.959
71.959
71.959
71.959
71.959
71.959
71.959
71.959
71.959
71.959
71.959
71.959
71.959
71.959
71.959
71.959
71.959
71.959
71.959
71.959
71.959
71.959
71.959
71.959
71.959
71.959
71.959
71.959
71.959
71.959
71.959
71.959
71.959
71.959
71.959
71.959
71.959
71.959
71.959
71.959
71.959
71.959
71.959
71.959
71.959
71.959
71.959
71.959
71.959
71.959
71.959
71.959
71.959
71.959
71.959
71.959
71.959
71.959
71.959
71.959
71.959
71.959
71.959
71.959
71.959
71.959
71.959
71.959
71.959
71.959
71.959
71.959
71.959
71.959
71.959
71.959
71.959
71.959
71.959
71.959
71.959
71.959
71.959
71.959
71.959
71.959
71.959
71.959
71.959
71.959
71.959
71.959
71.959
71.959
71.959
71.959
71.959
71.959
71.959
71.959
71.959
71.959
71.959
71.959
71.959
71.959
71.959
71.959
71.959
71.959
71.959
71.959
71.959
71.959
71.959
71.959
71.959
71.959
71.959
71.959
71.959
71.959
71.959
71.959
71.959
71.959
71.959
71.959
71.959
71.959
71.959
71.959
71.959
71.959
71.9277
71.9277
71.9277
71.9277
71.9277
71.9277
71.9277
71.9277
71.9277
71.9277
71.9277
71.9277
71.9277
71.9277
71.9277
71.9277
71.9277
71.9277
71.9277
71.9277
71.9277
71.9277
71.9277
71.9277
71.9277
71.9277
71.9277
71.9277
71.9277
71.9277
71.9277
71.9277
71.9277
71.9277
71.9277
71.9277
71.9277
71.9277
71.9277
71.9277
71.9277
71.9277
71.9277
71.9277
71.9277
71.9277
71.9277
71.9277
71.9277
71.9277
71.9277
71.9277
71.9277
71.9277
71.9277
71.9277
71.9277
71.9277
71.9277
71.9277
71.9277
71.9277
71.9277
71.9277
71.9277
71.9277
71.9277
71.9277
71.9277
71.9277
71.9277
71.9277
71.9277
71.9277
71.9277
71.9277
71.9277
71.9277
71.9277
71.9277
71.9277
71.9277
71.9277
71.9277
71.9277
71.9277
71.9277
71.9277
71.9277
71.9277
71.8289
71.8289
71.8289
71.8289
71.8289
71.8289
71.8289
71.8289
71.8289
71.8289
71.8289
71.8289
71.8289
71.8289
71.8289
71.8289
71.4088
71.4088
71.4088
71.4088
71.4088
71.4088
71.4088
71.4088
71.4088
71.4088
71.4088
71.4088
71.4088
71.4088
71.4088
71.4088
71.4088
71.4088
71.4088
71.4088
71.4088
71.4088
71.4088
71.4088
71.4088
71.4088
71.4088
71.4088
71.4035
71.4035
71.4035
71.4035
71.4035
71.4035
71.4035
71.4035
71.4035
71.4035
71.4035
71.4035
71.4035
71.4035
71.4035
71.4035
71.4035
71.4035
71.4035
71.4035
71.4035
71.4035
71.4035
71.4035
71.4035
71.4035
71.4035
71.4035
71.4035
71.4035
71.4035
71.4035
71.4035
71.4035
71.4035
71.4035
71.4035
71.4035
71.4035
71.4035
71.4035
71.4035
71.4035
71.4035
71.4035
71.4035
71.4035
71.4035
71.4035
71.4035
71.4035
71.4035
71.4035
71.4035
71.4035
71.4035
71.4035
71.4035
71.4035
71.4035
71.4035
71.4035
71.4035
71.4035
71.4035
71.4035
71.4035
71.4035
71.4035
71.4035
71.4035
71.4035
71.4035
71.4035
71.4035
71.4035
71.4035
71.4035
71.4035
71.4035
71.4035
71.4035
71.4035
71.4035
71.4035
71.4035
71.4035
71.4035
71.4035
71.4035
71.4035
71.4035
71.4035
71.4035
71.4035
71.4035
71.4035
71.4035
71.4035
71.4035
71.4035
71.4035
71.4035
71.4035
71.4035
71.4035
71.4035
71.4035
71.4035
71.4035
71.4035
71.4035
71.4035
71.4035
71.4035
71.4035
71.4035
71.4035
71.4035
71.4035
71.4035
71.4035
71.4035
71.4035
71.4035
71.4035
71.4035
71.4035
71.4035
71.4035
71.4035
71.4035
71.4035
71.4035
71.4035
71.4035
71.4035
71.4035
71.4035
71.4035
71.4035
71.4035
71.4035
71.4035
71.4035
71.4035
71.4035
71.4035
71.4035
71.4035
71.4035
71.4035
71.4035
71.4035
71.4035
71.4035
71.4035
71.4035
71.4035
71.4035
71.4035
71.4035
71.4035
71.4035
71.4035
71.4035
71.4035
71.4035
71.4035
71.4035
71.4035
71.4035
71.4035
71.4035
71.4035
71.4035
71.4035
71.4035
71.4035
71.4035
71.4035
71.4035
71.4035
71.4035
71.4035
71.4035
71.4035
71.4035
71.4035
71.4035
71.4035
71.4035
71.4035
71.4035
71.4035
71.4035
71.4035
71.4035
71.4035
71.4035
71.4035
71.4035
71.4035
71.4035
71.4035
71.4035
71.4035
71.4035
71.4035
71.4035
71.4035
71.4035
71.4035
71.4035
71.4035
71.4035
71.4035
71.4035
71.4035
71.4035
71.4035
71.4035
71.4035
71.4035
71.4035
71.4035
71.4035
71.4035
71.4035
71.4035
71.4035
71.4035
71.4035
71.4035
71.4035
71.4035
71.4035
71.4035
71.4035
71.4035
71.4035
71.4035
71.4035
71.4035
71.4035
71.4035
71.4035
71.4035
71.4035
71.4035
71.4035
71.4035
71.4035
71.4035
71.4035
71.4035
71.4035
71.4035
71.4035
71.4035
71.4035
71.4035
71.4035
71.4035
71.4035
71.4035
71.4035
71.4035
71.4035
71.4035
71.4035
71.4035
71.4035
71.4035
71.4035
71.4035
71.4035
71.4035
71.4035
71.4035
71.4035
71.4035
71.4035
71.4035
71.4035
71.4035
71.4035
71.4035
71.4035
71.4035
71.4035
71.4035
71.4035
71.4035
71.4035
71.4035
71.4035
71.4035
71.4035
71.4035
71.4035
71.4035
71.4035
71.4035
71.4035
71.4035
71.3612
71.3612
71.3612
71.3612
71.3612
71.3612
71.3612
71.3612
71.3612
71.3612
71.3612
71.3612
71.3612
71.3612
71.3612
71.3612
71.3612
71.3612
71.3612
71.3612
71.3612
71.3612
71.3612
71.3612
71.3612
71.3612
71.3612
71.3612
71.3612
71.3612
71.3612
71.3612
71.3612
71.3612
71.3612
71.3612
71.3612
71.3612
71.3612
71.3612
71.3612
71.3612
71.3612
71.3612
71.3612
71.3612
71.3612
71.3612
71.3612
71.3612
71.3612
71.3612
71.3612
71.3612
71.3612
71.3612
71.3612
71.3612
71.3612
71.3612
71.3612
71.3612
71.3612
71.3612
71.3612
71.3612
71.3612
71.3612
71.3612
71.3612
71.3612
71.3612
71.3612
71.3612
71.3612
71.3612
71.3612
71.3612
71.3612
71.3612
71.3612
71.3612
71.3612
71.3612
71.3612
71.3612
71.3612
71.3612
71.3612
71.3612
71.3612
71.3612
71.3612
68.999
68.999
68.999
68.999
68.999
68.999
68.999
68.999
68.999
68.999
68.999
68.999
68.999
68.999
68.999
68.999
68.999
68.999
68.999
68.999
68.999
68.999
68.999
68.999
68.999
68.999
68.999
68.999
68.999
68.999
68.999
68.999
68.999
68.999
68.999
68.999
68.999
68.999
68.999
68.999
68.999
68.999
68.999
68.999
68.999
68.999
68.999
68.999
68.999
68.999
68.999
68.999
68.999
68.999
68.999
68.999
68.999
68.999
68.999
68.999
68.999
68.999
68.999
68.999
68.999
68.999
68.999
68.999
68.999
68.999
68.999
68.999
68.999
68.999
68.999
68.999
68.999
68.999
68.999
68.999
68.999
68.999
68.999
68.999
68.999
68.999
68.999
68.999
68.999
68.999
68.999
68.999
68.999
68.999
68.999
68.999
68.999
68.999
68.999
68.999
68.999
68.999
68.999
68.999
68.999
68.999
68.999
68.999
68.999
68.999
68.999
68.999
68.999
68.999
68.999
68.999
68.9219
68.9219
68.9219
68.9219
68.9219
68.9219
68.9219
68.9219
68.9219
68.9219
68.9219
68.8538
68.8538
68.8538
68.8538
68.8538
68.8538
68.8538
68.8538
68.8538
68.8538
68.8538
68.8538
68.8538
68.8538
68.8538
68.8538
68.8538
68.8538
68.8538
68.8538
68.8538
68.8538
68.8538
68.8538
68.8538
68.8538
68.8538
68.8538
68.8538
68.8538
68.8538
68.8538
68.8538
68.8538
68.8538
68.8538
68.8538
68.8538
68.8538
68.8538
68.8538
68.8538
68.8538
68.8538
68.8538
68.8538
68.8538
68.8538
68.8538
68.8538
68.8538
68.8538
68.8538
68.8538
68.8538
68.8538
68.8538
68.8538
68.8538
68.8538
68.8538
68.8538
68.8538
68.8538
68.8538
68.8538
68.8538
68.8538
68.8538
68.8538
68.8538
68.8538
68.8538
68.8538
68.8538
68.8538
68.8538
68.8538
68.8538
68.8538
68.8538
68.8538
68.8538
68.8538
68.8538
68.8538
68.8538
68.8538
68.8538
68.8538
68.8538
68.8538
68.8538
68.8538
68.8538
68.8538
68.8538
68.8538
68.8538
68.8538
68.8538
68.8538
68.8538
68.8538
68.8538
68.8538
68.8538
68.8538
68.8538
68.8538
68.8538
68.8538
68.8538
68.8538
68.8538
68.8538
68.8538
68.8538
68.8538
68.8538
68.8538
68.8538
68.8538
68.8538
68.8538
68.8538
68.8538
68.8538
68.8538
68.8538
68.8538
68.8538
68.8538
68.8538
68.8538
68.8538
68.8538
68.8538
68.8538
68.8538
68.8538
68.8538
68.8538
68.8538
68.8538
68.8538
68.8538
68.8538
68.8538
68.8538
68.8538
68.8538
68.8538
68.8538
68.8538
68.8538
68.8538
68.8538
68.8538
68.8538
68.8538
68.8538
68.8538
68.8538
68.8538
68.8538
68.8538
68.8538
68.8538
68.8538
68.8538
68.8538
68.8538
68.8538
68.8538
68.8538
68.8538
68.8538
68.8538
68.8538
68.8538
68.8538
68.8538
68.8538
68.8538
68.8538
68.8538
68.8538
68.8538
68.8538
68.8538
68.8538
68.8538
68.8538
68.8538
68.8538
68.8538
68.8538
68.8538
68.8538
68.8538
68.8538
68.8538
68.8538
68.8538
68.8538
68.8538
68.8538
68.8538
68.8538
68.8538
68.8538
68.8538
68.8538
68.8538
68.8538
68.8538
68.8538
68.8538
68.8538
68.8538
68.8538
68.8538
68.8538
68.8538
68.8538
68.8538
68.8538
68.8538
68.8538
68.8538
68.8538
68.8538
68.8538
68.8538
68.8538
68.8538
68.8538
68.8538
68.8538
68.8538
68.8538
68.8538
68.8538
68.8538
68.8538
68.8538
68.8538
68.8538
68.8538
68.8538
68.8538
68.8538
68.8538
68.8538
68.8538
68.8538
68.8538
68.8538
68.8538
68.8538
68.8538
68.8538
68.8538
68.8538
68.8538
68.8538
68.8538
68.8538
68.8538
68.8538
68.8538
68.8538
68.8538
68.8538
68.8538
68.8538
68.8538
68.8538
68.8538
68.8538
68.8538
68.8538
68.8538
68.8538
68.8538
68.8538
68.8538
68.8538
68.8538
68.8538
68.8538
68.8538
68.8538
68.8538
68.8538
68.8538
68.8538
68.8538
68.8538
68.8538
68.8538
68.8538
68.8538
68.8538
68.8538
68.8538
68.8538
68.8538
68.8538
68.8538
68.8538
68.8538
68.8538
68.8538
68.8538
68.8538
68.8538
68.8538
68.8538
68.8538
68.8538
68.8538
68.8538
68.8538
68.8538
68.8538
68.8538
68.8538
68.8538
68.8538
68.8538
68.8538
68.8538
68.8538
68.8538
68.8538
68.8538
68.8538
68.8538
68.8538
68.8538
68.8538
68.8538
68.8538
68.8538
68.8538
68.8538
68.8538
68.8538
68.8538
68.8538
68.8538
68.8538
68.8538
68.8538
68.8538
68.8538
68.8538
68.8538
68.8538
68.8538
68.8538
68.8538
68.8538
68.8538
68.8538
68.8538
68.8538
68.8538
68.8538
68.8538
68.8538
68.1115
68.1115
68.1115
68.1115
68.1115
68.1115
68.1115
68.1115
68.1115
68.1115
68.1115
68.1115
68.1115
68.1115
68.1115
68.1115
68.1115
68.1115
68.1115
68.1115
68.1115
68.1115
68.1115
68.1115
68.1115
68.1115
68.1115
68.1115
68.1115
68.1115
68.1115
68.1115
68.1115
68.1115
68.1115
68.1115
68.1115
68.1115
68.1115
68.1115
68.1115
68.1115
68.1115
68.1115
68.1115
68.1115
68.1115
68.1115
68.1115
68.1115
68.1115
68.1115
68.1115
68.1115
68.1115
68.1115
68.1115
68.1115
68.1115
68.1115
68.1115
68.1115
68.1115
68.1115
68.1115
68.1115
68.1115
68.1115
68.1115
68.1115
68.1115
68.1115
68.1115
68.1115
68.1115
68.1115
68.1115
68.1115
68.1115
68.1115
68.1115
68.1115
68.1115
68.1115
68.1115
68.1115
68.1115
68.1115
68.1115
68.1115
68.1115
68.1115
68.1115
68.1115
68.1115
68.1115
68.1115
68.1115
68.1115
68.1115
68.1115
68.1115
68.1115
68.1115
68.1115
68.1115
68.1115
68.1115
68.1115
68.1115
68.1115
68.1115
68.1115
68.1115
68.1115
68.1115
68.1115
68.1115
68.1115
68.1115
68.1115
68.1115
68.1115
68.1115
68.1115
68.1115
68.1115
68.1115
68.1115
68.1115
68.1115
68.1115
68.1115
68.1115
68.1115
68.1115
68.1115
68.1115
68.1115
68.1115
68.1115
68.1115
68.1115
68.1115
68.1115
68.1115
68.1115
68.1115
68.1115
68.1115
68.1115
68.1115
68.1115
68.1115
68.1115
68.1115
68.1115
68.1115
68.1115
68.1115
68.1115
68.1115
68.1115
68.1115
68.1115
68.1115
68.1115
68.1115
68.1115
68.1115
68.1115
68.1115
68.1115
68.1115
68.1115
68.1115
68.1115
68.1115
68.1115
68.1115
68.1115
68.1115
68.1115
68.1115
68.1115
68.1115
68.1115
68.1115
68.1115
68.1115
68.1115
68.1115
68.1115
68.1115
68.1115
68.1115
68.1115
68.1115
68.1115
68.1115
68.1115
68.1115
68.1115
68.1115
68.1115
68.1115
68.1115
68.1115
68.1115
68.1115
68.1115
68.1115
68.1115
68.1115
68.1115
68.1115
68.1115
68.1115
68.1115
68.1115
68.1115
68.1115
68.1115
68.1115
68.1115
68.1115
68.1115
68.1115
68.1115
68.1115
68.1115
68.1115
68.1115
68.1115
68.1115
68.1115
68.1115
68.1115
68.1115
68.1115
68.1115
68.1115
68.1115
68.1115
68.1115
68.1115
68.1115
68.1115
68.1115
68.1115
68.1115
68.1115
68.1115
68.1115
68.1115
68.1115
68.1115
68.1115
68.1115
68.1115
68.1115
68.1115
68.1115
68.1115
68.1115
68.1115
68.1115
68.1115
68.1115
68.1115
68.1115
68.1115
68.1115
68.1115
68.1115
68.1115
68.1115
68.1115
68.1115
68.1115
68.1115
68.1115
68.1115
68.1115
68.1115
68.1115
68.1115
68.1115
68.1115
68.1115
68.1115
68.1115
68.1115
68.1115
68.1115
68.1115
68.1115
68.1115
68.1115
68.1115
68.1115
68.1115
68.1115
68.1115
68.1115
68.1115
68.1115
68.1115
68.1115
68.1115
68.1115
68.1115
68.1115
68.1115
68.1115
68.1115
68.1115
68.1115
68.1115
68.1115
68.1115
68.1115
68.1115
68.1115
68.1115
68.1115
68.1115
68.1115
68.1115
68.1115
68.1115
68.1115
68.1115
68.1115
68.1115
68.1115
68.1115
68.1115
68.1115
68.1115
68.1115
68.1115
68.1115
68.1115
68.1115
68.1115
68.1115
68.1115
68.1115
68.1115
68.1115
68.1115
68.1115
68.1115
68.1115
68.1115
68.1115
68.1115
68.1115
68.1115
68.1115
68.1115
68.1115
68.1115
68.1115
68.1115
68.1115
68.1115
68.1115
68.1115
68.1115
68.1115
68.1115
68.1115
68.1115
68.1115
68.1115
68.1115
68.1115
68.1115
68.1115
68.1115
68.1115
68.1115
68.1115
68.1115
68.1115
68.1115
68.1115
68.1115
68.1115
68.1115
68.1115
68.1115
68.1115
68.1115
68.1115
68.1115
68.1115
68.1115
68.1115
68.1115
68.1115
68.1115
68.1115
68.1115
68.1115
68.1115
68.1115
68.1115
68.1115
68.1115
68.1115
68.1115
68.1115
68.1115
68.1115
68.1115
68.1115
68.1115
68.1115
68.1115
68.1115
68.1115
68.1115
68.1115
68.1115
68.1115
68.1115
68.1115
68.1115
68.1115
68.1115
68.1115
68.1115
68.1115
68.1115
68.1115
68.1115
68.1115
68.1115
68.1115
68.1115
68.1115
68.1115
68.1115
68.1115
68.1115
68.1115
68.1115
68.1115
68.1115
68.1115
68.1115
68.1115
68.1115
68.1115
68.1115
68.1115
68.1115
68.1115
68.1115
68.1115
68.1115
68.1115
68.1115
68.1115
68.1115
68.1115
68.1115
68.1115
68.1115
68.1115
68.1115
68.1115
68.1115
68.1115
68.1115
68.1115
68.1115
68.1115
68.1115
68.1115
68.1115
68.1115
68.1115
68.1115
68.1115
68.1115
68.1115
68.1115
67.9084
67.9084
67.9084
67.9084
67.9084
67.9084
67.9084
67.9084
67.9084
67.0473
67.0473
67.0473
67.0473
67.0473
67.0473
67.0473
67.0473
67.0473
67.0473
67.0473
67.0473
67.0473
67.0473
67.0473
67.0473
67.0473
67.0473
67.0473
67.0473
67.0473
67.0473
67.0473
67.0382
67.0382
67.0382
67.0382
67.0382
67.0382
67.0382
67.0382
67.0382
67.0382
67.0382
67.0382
67.0382
67.0382
67.0382
67.0382
67.0382
67.0382
67.0382
67.0382
67.0382
67.0382
67.0382
67.0382
67.0382
67.0382
67.0382
67.0382
67.0382
67.0382
67.0382
67.0382
67.0382
67.0382
67.0382
67.0382
67.0382
67.0382
67.0382
67.0382
67.0382
67.0382
67.0382
67.0382
67.0382
67.0382
67.0382
67.0382
67.0382
67.0382
67.0382
67.0382
67.0382
67.0382
67.0382
67.0382
66.8483
66.8483
66.8483
66.8483
66.8483
66.8483
66.8483
66.8483
66.8483
66.8483
66.8483
66.8483
66.8483
66.8483
66.8483
66.8483
66.8483
66.8483
66.8483
66.8483
66.8483
66.8483
66.8483
66.8483
66.8483
66.8483
66.8483
66.8483
66.8483
66.8483
66.8483
66.8483
66.8483
66.8483
66.8483
66.8483
66.8483
66.8483
66.8483
66.8483
66.8483
66.8483
66.8483
66.8483
66.8483
66.8483
66.8483
66.8483
66.8483
66.8483
66.8483
66.8483
66.8483
66.8483
66.8483
66.8483
66.8483
66.8483
66.8483
66.8483
66.8483
66.8483
66.8483
66.8483
66.8483
66.8483
66.8483
66.8483
66.8483
66.8483
66.8483
66.8483
66.8483
66.8483
66.8483
66.8483
66.8483
66.8483
66.8483
66.8483
66.8483
66.8483
66.8483
66.8483
66.8483
66.8483
66.8483
66.8483
66.8483
66.8483
66.8483
66.8483
66.8483
66.8483
66.8483
66.8483
66.8483
66.8483
66.8483
66.8483
66.8483
66.8483
66.8483
66.8483
66.8483
66.8483
66.8483
66.8483
66.8483
66.8483
66.8483
66.8483
66.8483
66.8483
66.8483
66.8483
66.8483
66.8483
66.8483
66.8483
66.8483
66.8483
66.8483
66.8483
66.8483
66.8483
66.8483
66.8483
66.8483
66.8483
66.8483
66.8483
66.8483
66.8483
66.8483
66.8483
66.8483
66.8483
66.8483
66.8483
66.8483
66.8483
66.8483
66.8483
66.8483
66.8483
66.8483
66.8483
66.8483
66.8483
66.8483
66.8483
66.8483
66.8483
66.8483
66.8483
66.8483
66.8483
66.8483
66.8483
66.8483
66.8483
66.8483
66.8483
66.8483
66.8483
66.8483
66.8483
66.8483
66.8483
66.8483
66.8483
66.8483
66.8483
66.8483
66.8483
66.8483
66.8483
66.8483
66.8483
66.8483
66.8483
66.8483
66.8483
66.8483
66.8483
66.8483
66.8483
66.8483
66.8483
66.8483
66.8483
66.8483
66.8483
66.8483
66.8483
66.8483
66.8483
66.8483
66.8483
66.8483
66.8483
66.8483
66.8483
66.8483
66.8483
66.8483
66.8483
66.8483
66.8483
66.8483
66.8483
66.8483
66.8483
66.8483
66.8483
66.8483
66.8483
66.8483
66.8483
66.8483
66.8483
66.8483
66.8483
66.8483
66.8483
66.8483
66.8483
66.8483
66.8483
66.8483
66.8483
66.8483
66.8483
66.8483
66.8483
66.8483
66.8483
66.8483
66.8483
66.8483
66.8483
66.8483
66.8483
66.8483
66.8483
66.8483
66.8483
66.8483
66.8483
66.8483
66.8483
66.8483
66.8483
66.8483
66.8483
66.8483
66.8483
66.8483
66.8483
66.8483
66.8483
66.8483
66.8483
66.8483
66.8483
66.8483
66.8483
66.8483
66.8483
66.8483
66.8483
66.8483
66.8483
66.8483
66.8483
66.8483
66.8483
66.8483
66.8483
66.8483
66.8483
66.8483
66.8483
66.8483
66.8483
66.8483
66.8483
66.8483
66.8483
66.8483
66.8483
66.8483
66.8483
66.8483
66.8483
66.8483
66.8483
66.8483
66.8483
66.8483
66.8483
66.8483
66.8483
66.8483
66.8483
66.8483
66.8483
66.8483
66.8483
66.8483
66.8483
66.8483
66.8483
66.8483
66.8483
66.8483
66.8483
66.8483
66.8483
66.8483
66.8483
66.8483
66.3109
66.3109
66.3109
66.3109
66.3109
66.3109
66.3109
66.3109
66.3109
66.3109
66.3109
66.3109
66.3109
66.3109
66.3109
66.3109
66.3109
66.3109
66.3109
66.3109
66.3109
66.3109
66.3109
66.3109
66.3109
66.3109
66.3109
66.3109
66.3109
66.3109
66.3109
66.3109
66.3109
66.3109
66.3109
66.3109
66.3109
66.3109
66.3109
66.3109
66.3109
66.3109
66.3109
66.3109
66.3109
66.3109
66.3109
66.3109
66.3109
66.3109
66.3109
66.3109
66.3109
66.3109
66.3109
66.3109
66.3109
66.3109
66.3109
66.3109
66.3109
66.3109
66.3109
66.3109
66.3109
66.3109
66.3109
66.3109
66.3109
66.3109
66.3109
66.3109
66.3109
66.3109
66.3109
66.3109
66.3109
66.3109
66.3109
66.3109
66.3109
66.3109
66.3109
66.3109
66.3109
66.3109
66.3109
66.3109
66.3109
66.3109
66.3109
66.3109
66.3109
66.3109
66.3109
66.3109
66.3109
66.3109
66.3109
66.3109
66.3109
66.3109
66.3109
66.3109
66.3109
66.3109
66.3109
66.3109
66.3109
66.3109
66.3109
66.3109
66.3109
66.3109
66.3109
66.3109
66.3109
66.3109
66.3109
66.3109
66.3109
66.3109
66.3109
66.3109
66.3109
66.3109
66.3109
66.3109
66.3109
66.3109
66.3109
66.3109
66.3109
66.3109
66.3109
66.3109
66.3109
66.3109
66.3109
66.3109
66.3109
66.3109
66.3109
66.3109
66.3109
66.3109
66.3109
66.3109
66.3109
66.3109
66.3109
66.3109
66.3109
66.3109
66.3109
66.3109
66.3109
66.3109
66.3109
66.3109
66.3109
66.3109
66.3109
66.3109
66.3109
66.3109
66.3109
66.3109
66.3109
66.3109
66.3109
66.3109
66.3109
66.3109
66.3109
66.3109
66.3109
66.3109
66.3109
66.3109
66.3109
66.3109
66.3109
66.3109
66.3109
66.3109
66.3109
66.3109
66.3109
66.3109
66.3109
66.3109
66.3109
66.3109
66.3109
66.3109
66.3109
66.3109
66.3109
66.3109
66.3109
66.3109
66.3109
66.3109
66.3109
66.3109
66.3109
66.3109
66.3109
66.3109
66.3109
66.3109
66.3109
66.3109
66.3109
66.3109
66.3109
66.3109
66.3109
66.3109
66.3109
66.3109
66.3109
66.3109
66.3109
66.3109
66.3109
66.3109
66.3109
66.3109
66.3109
66.3109
66.3109
66.3109
66.3109
66.3109
66.3109
66.3109
66.3109
66.3109
66.3109
66.3109
66.3109
66.3109
66.3109
66.3109
66.3109
66.3109
66.3109
66.3109
66.3109
66.3109
66.3109
66.3109
66.3109
66.3109
66.3109
66.3109
66.3109
66.3109
66.3109
66.3109
66.3109
66.3109
66.3109
66.3109
66.3109
66.3109
66.3109
66.3109
66.3109
66.3109
66.3109
66.3109
66.3109
66.3109
66.3109
66.3109
66.3109
66.3109
66.3109
66.3109
66.3109
66.3109
66.3109
66.3109
66.3109
66.3109
66.3109
66.3109
66.3109
66.3109
66.3109
66.3109
66.3109
66.3109
66.3109
66.3109
66.3109
66.3109
66.3109
66.3109
66.3109
66.3109
66.3109
66.3109
66.3109
66.3109
66.3109
66.3109
66.3109
66.3109
66.3109
66.3109
66.3109
66.3109
66.3109
66.3109
66.3109
66.3109
66.3109
66.3109
66.3109
66.3109
66.3109
66.3109
66.3109
66.3109
66.3109
66.3109
66.3109
66.3109
66.3109
66.3109
66.3109
66.3109
66.3109
66.3109
66.3109
66.3109
66.3109
66.3109
66.3109
66.3109
66.3109
66.3109
66.3109
66.3109
66.3109
66.3109
66.3109
66.3109
66.3109
66.3109
66.3109
66.3109
66.3109
66.3109
66.3109
66.3109
66.3109
66.3109
66.3109
66.3109
66.3109
66.3109
66.3109
66.3109
66.3109
66.3109
66.3109
66.3109
66.3109
66.3109
66.3109
66.3109
66.3109
66.3109
66.3109
66.3109
66.3109
66.3109
66.3109
66.3109
66.3109
66.3109
66.3109
66.3109
66.3109
66.3109
66.3109
66.3109
66.3109
66.3109
66.3109
66.3109
66.3109
66.3109
66.3109
66.3109
66.3109
66.3109
66.3109
66.3109
66.3109
66.3109
66.3109
66.3109
66.3109
66.3109
66.3109
66.3109
66.3109
66.3109
66.3109
66.3109
66.3109
66.3109
66.3109
66.3109
66.3109
66.3109
66.3109
66.3109
66.3109
66.3109
66.3109
66.3109
66.3109
66.3109
66.3109
66.3109
66.3109
66.3109
66.3109
66.3109
66.3109
66.3109
66.3109
66.3109
66.3109
66.3109
66.3109
66.3109
66.3109
66.3109
66.3109
66.3109
66.3109
66.3109
66.3109
66.3109
66.3109
66.3109
66.3109
66.3109
66.3109
66.3109
66.3109
66.3109
66.3109
66.3109
66.3109
66.3109
66.3109
66.3109
66.3109
66.3109
66.3109
66.3109
66.3109
66.3109
66.3109
66.3109
66.3109
66.3109
66.3109
66.3109
66.3109
66.3109
66.3109
66.3109
66.3109
66.3109
66.3109
66.3109
66.3109
66.3109
66.3109
66.3109
66.3109
66.3109
66.3109
66.3109
66.3109
66.3109
66.3109
66.3109
66.3109
66.3109
66.3109
66.3109
66.3109
66.3109
66.3109
66.3109
66.3109
66.3109
66.3109
66.3109
66.3109
66.3109
66.3109
66.3109
66.3109
66.3109
66.3109
66.3109
66.3109
66.3109
66.3109
66.3109
66.3109
66.3109
66.3109
66.3109
66.3109
66.3109
66.3109
66.3109
66.3109
66.3109
66.3109
66.3109
66.3109
66.3109
66.3109
66.3109
66.3109
66.3109
66.3109
66.3109
66.3109
66.3109
66.3109
66.3109
66.3109
66.3109
66.3109
66.3109
66.3109
66.3109
66.3109
66.3109
66.3109
66.3109
66.3109
66.3109
66.3109
66.3109
66.3109
66.3109
66.3109
66.3109
66.3109
66.3109
66.3109
66.3109
66.3109
66.3109
66.3109
66.3109
66.3109
66.3109
66.3109
66.3109
66.3109
66.3109
66.3109
66.3109
66.3109
66.3109
66.3109
66.3109
66.3109
66.3109
66.3109
66.3109
66.3109
66.3109
66.3109
66.3109
66.3109
66.3109
66.3109
66.3109
66.3109
66.3109
65.8127
65.8127
65.8127
65.8127
65.8127
65.6544
65.6544
65.6544
65.6544
65.6544
65.6544
65.6544
65.6544
65.6544
65.6544
65.6544
65.6544
65.6544
65.6544
65.6544
65.6544
65.6544
65.6544
65.6544
65.6544
65.6544
65.6544
65.6544
65.6544
65.6544
65.6544
65.6544
65.6544
65.6544
65.6544
65.6544
65.6544
65.6544
65.6544
65.6544
65.6544
65.6544
65.6544
65.6544
65.6544
65.6544
65.6544
65.6544
65.6544
65.6544
65.6544
65.6544
65.6544
65.6544
65.6544
65.6544
65.6544
65.6544
65.6544
65.6544
65.6544
65.6544
65.6544
65.6544
65.6544
65.6544
65.6544
65.6544
65.6544
65.6544
65.6544
65.6544
65.6544
65.6544
65.6544
65.6544
65.6544
65.6544
65.6544
65.6544
65.6544
65.6544
65.6544
65.6544
65.6544
65.6544
65.4397
65.4397
65.4397
65.4397
65.4397
65.4397
65.4397
65.4397
65.4397
65.4397
65.4397
65.4397
65.4397
65.4397
65.4397
65.4397
65.4397
65.4397
65.4397
65.4397
65.4397
65.4397
65.4397
65.4397
65.4397
65.4397
65.4397
65.4397
65.4397
65.4397
65.4397
65.4397
65.4397
65.4397
65.4397
65.4397
65.4397
65.4397
65.4397
65.4397
65.4397
65.4397
65.4397
65.4397
65.4397
65.4397
65.4397
65.4397
65.4397
65.4397
65.4397
65.4397
65.4397
65.4397
65.4397
65.4397
65.4397
65.4397
65.4397
65.4397
65.4397
65.4397
65.4397
65.4397
65.4397
65.4397
65.4397
65.4397
65.4397
65.4397
65.4397
65.4397
65.4397
65.4397
65.4397
65.4397
65.4397
65.4397
65.4397
65.4397
65.4397
65.4397
65.4397
65.4397
65.4397
65.4397
65.4397
65.4397
65.4397
65.4397
65.4397
65.4397
65.4397
65.4397
65.4397
65.4397
65.4397
65.4397
65.4397
65.4397
65.4397
65.4397
65.4397
65.4397
65.4397
65.4397
65.4397
65.4397
65.4397
65.4397
65.4397
65.4397
65.4397
65.4397
65.4397
65.4397
65.4397
65.4397
65.4397
65.4397
65.4397
65.4397
65.4397
65.4397
65.4397
65.4397
65.4397
65.4397
65.4397
65.4397
65.4397
65.4397
65.4397
65.4397
65.4397
65.4397
65.4397
65.4397
65.4397
65.4397
65.4397
65.4397
65.4397
65.4397
65.4397
65.4397
65.4397
65.4397
65.4397
65.4397
65.4397
65.4397
65.4397
65.4397
65.4397
65.4397
65.4397
65.4397
65.4397
65.4397
65.4397
65.4397
65.4397
65.4397
65.4397
65.4397
65.4397
65.4397
65.4397
65.4397
65.4397
65.4397
65.4397
65.4397
65.4397
65.4397
65.4397
65.4397
65.4397
65.4397
65.4397
65.4397
65.4397
65.4397
65.4397
65.4397
65.4397
65.4397
65.4397
65.4397
65.4397
65.4397
65.4397
65.4397
65.4397
65.4397
65.4397
65.4397
65.4397
65.4397
65.4397
65.4397
65.4397
65.4397
65.4397
65.4397
65.4397
65.4397
65.4397
65.4397
65.4397
65.4397
65.4397
65.4397
65.4397
65.4397
65.4397
65.4397
65.4397
65.4397
65.4397
65.4397
65.4397
65.4397
65.4397
65.4397
65.4397
65.4397
65.4397
65.4397
65.4397
65.4397
65.4397
65.4397
65.4397
65.4397
65.4397
65.4397
65.4397
65.4397
65.4397
65.4397
65.4397
65.4397
65.4397
65.4397
65.4397
65.4397
65.4397
65.4397
65.4397
65.4397
65.4397
65.4397
65.4397
65.4397
65.4397
65.4397
65.4397
65.4397
65.4397
65.4397
65.4397
65.4397
65.4397
65.4397
65.4397
65.4397
65.4397
65.4397
65.4397
65.4397
65.4397
65.4397
65.4397
65.4397
65.4397
65.4397
65.4397
65.4397
65.4397
65.4397
65.4397
65.4397
65.4397
65.4397
65.4397
65.4397
65.4397
65.4397
65.4397
65.4397
65.4397
65.4397
65.4397
65.4397
65.4397
65.4397
65.4397
65.4397
65.4397
65.4397
65.4397
65.4397
65.4397
65.4397
65.4397
65.4397
65.4397
65.4397
65.4397
65.4397
65.4397
65.4397
65.4397
65.4397
65.4397
65.4397
65.4397
65.4397
65.4397
65.4397
65.4397
65.4397
65.4397
65.4397
65.4397
65.4397
65.4397
65.4397
65.4397
65.4397
65.4397
65.4397
65.4397
65.4397
65.4397
65.4397
65.4397
65.4397
65.4397
65.4397
65.4397
65.4397
65.4397
65.4397
65.4397
65.4397
65.4397
65.4397
65.4397
65.4397
65.4397
65.4397
65.4397
65.4397
65.4397
65.4397
65.4397
65.4397
65.4397
65.4397
65.4397
65.4397
65.4397
65.4397
65.4397
65.4397
65.4397
65.4397
65.4397
65.4397
65.4397
65.4397
65.4397
65.4397
65.4397
65.4397
65.4397
65.4397
65.4397
65.4397
65.4397
65.4397
65.4397
65.4397
65.4397
65.4397
65.4397
65.4397
65.4397
65.4397
65.4397
65.4397
65.4397
65.4397
65.4397
65.4397
65.4397
65.4397
65.4397
65.4397
65.4397
65.4397
65.4397
65.4397
65.4397
65.4397
65.4397
65.4397
65.4397
65.4397
65.4397
65.4397
65.4397
65.4397
65.4397
65.4397
65.4397
65.4397
65.4397
65.4397
65.4397
65.4397
65.4397
65.4397
65.4397
65.4397
65.4397
65.4397
65.4397
65.4397
65.4397
65.4397
65.4397
65.4397
65.4397
65.4397
65.4397
65.4397
65.4397
65.4397
65.4397
65.4397
65.4397
65.4397
65.4397
65.4397
65.4397
65.4397
65.4397
65.4397
65.4397
65.4397
65.4397
65.4397
65.4397
65.4397
65.4397
65.4397
65.4397
65.4397
65.4397
65.4397
65.4397
65.4397
65.4397
65.4397
65.4397
65.4397
65.4397
65.4397
65.4397
65.4397
65.4397
65.4397
65.4397
65.4397
65.4397
65.4397
65.4397
65.4397
65.4397
65.4397
65.4397
65.4397
65.4397
65.4397
65.4397
65.4397
65.4397
65.4397
65.4397
65.4397
65.4397
65.4397
65.4397
65.4397
65.4397
65.4397
65.4397
65.4397
65.4397
65.4397
65.4397
65.4397
65.4397
65.4397
65.4397
65.4397
65.4397
65.4397
65.4397
65.4397
65.4397
65.4397
65.4397
65.4397
65.4397
65.4397
65.4397
65.4397
65.4397
65.4397
65.4397
65.4397
65.4397
65.4397
65.4397
65.4397
65.4397
65.4397
65.4397
65.4397
65.4397
65.4397
65.4397
65.4397
65.4397
65.4397
65.4397
65.4397
65.4397
65.4397
65.4397
65.4397
65.4397
65.4397
65.4397
65.4397
65.4397
65.4397
65.4397
65.4397
65.4397
65.4397
65.4397
65.4397
65.4397
65.4397
65.4397
65.4397
65.4397
65.4397
65.4397
65.4397
65.4397
65.4397
65.4397
65.4397
65.4397
65.4397
65.4397
65.4397
65.4397
65.4397
65.4397
65.4397
65.4397
65.4397
65.4397
65.4397
65.4397
65.4397
65.4397
65.4397
65.4397
65.4397
65.4397
65.4397
65.4397
65.4397
65.4397
65.4397
65.4397
65.4397
65.4397
65.4397
65.4397
65.4397
65.4397
65.4397
65.4397
65.4397
65.4397
65.4397
65.4397
65.4397
65.4397
65.4397
65.4397
65.4397
65.4397
65.4397
65.4397
65.4397
65.4397
65.4397
65.4397
65.4397
65.4397
65.4397
65.4397
65.4397
65.4397
65.4397
65.4397
65.4397
65.4397
65.4397
65.4397
65.4397
65.4397
65.4397
65.4397
65.4397
65.4397
65.4397
65.4397
65.4397
65.4397
65.4397
65.4397
65.4397
65.4397
65.4397
65.4397
65.4397
65.4397
65.4397
65.4397
65.4397
65.4397
65.4397
65.4397
65.4397
65.4397
65.4397
65.4397
65.4397
65.4397
65.4397
65.4397
65.4397
65.4397
65.4397
65.4397
65.4397
65.4397
65.4397
65.4397
65.4397
65.4397
65.4397
65.4397
65.4397
65.4397
65.4397
65.4397
65.4397
65.4397
65.4397
65.4397
65.4397
65.4397
65.4397
65.4397
65.4397
65.4397
65.4397
65.4397
65.4397
65.4397
65.4397
65.4397
65.4397
65.4397
65.4397
65.4397
65.4397
65.4397
65.4397
65.4397
65.4397
65.4397
65.4397
65.4397
65.4397
65.4397
65.4397
65.4397
65.4397
65.4397
65.4397
65.4397
65.4397
65.4397
65.4397
65.4397
65.4397
65.4397
65.4397
65.4397
65.4397
65.4397
65.4397
65.4397
65.4397
65.4397
65.4397
65.4397
65.4397
65.4397
65.4397
65.4397
65.4397
65.4397
65.4397
65.4397
65.4397
65.4397
65.4397
65.4397
65.4397
65.4397
65.4397
65.4397
65.4397
65.4397
65.4397
65.4397
65.4397
65.4397
65.4397
65.4397
65.4397
65.4397
65.4397
65.4397
65.4397
65.4397
65.4397
65.4397
65.4397
65.4397
65.4397
65.4397
65.4397
65.4397
65.4397
65.4397
65.4397
65.4397
65.4397
65.4397
65.4397
65.4397
65.4397
65.4397
65.4397
65.4397
65.4397
65.4397
65.4397
65.4397
65.4397
65.4397
65.4397
65.4397
65.4397
65.4397
65.4397
65.4397
65.4397
65.4397
65.4397
65.4397
65.4397
65.4397
65.4397
65.4397
65.4397
65.4397
65.4397
65.4397
65.4397
65.4397
65.4397
65.4397
65.4397
65.4397
65.4397
65.4397
65.4397
65.4397
65.4397
65.4397
65.4397
65.4397
65.4397
65.4397
65.4397
65.4397
65.4397
65.4397
65.4397
65.4397
65.4397
65.4397
65.4397
65.4397
65.4397
65.4397
65.4397
65.4397
65.4397
65.4397
65.4397
65.4397
65.4397
65.4397
65.4397
65.4397
65.4397
65.4397
65.4397
65.4397
65.4397
65.4397
65.4397
65.4397
65.4397
65.4397
65.4397
65.4397
65.4397
65.4397
65.4397
65.4397
65.4397
65.4397
65.4397
65.4397
65.4397
65.4397
65.4397
65.4397
65.4397
65.4397
65.4397
65.4397
65.4397
65.4397
65.4397
65.4397
65.4397
65.4397
65.4397
65.4397
65.4397
65.4397
65.4397
65.4397
65.4397
65.4397
65.4397
65.4397
65.4397
65.4397
65.4397
65.4397
65.4397
65.4397
65.4397
65.4397
65.4397
65.4397
65.4397
65.4397
65.4397
65.4397
65.4397
65.4397
65.4397
65.4397
65.4397
65.4397
65.4397
65.4397
65.4397
65.4397
65.4397
65.4397
65.4397
65.4397
65.4397
65.4397
65.4397
65.4397
65.4397
65.4397
65.4397
65.4397
65.4397
65.4397
65.4397
65.4397
65.4397
65.4397
65.4397
65.4397
65.4397
65.4397
65.4397
65.4397
65.4397
65.4397
65.4397
65.4397
65.4397
65.4397
65.4397
65.4397
65.4397
65.4397
65.4397
65.4397
65.4397
65.4397
65.4397
65.4397
65.4397
65.4397
65.4397
65.4397
65.4397
65.4397
65.4397
65.4397
65.4397
65.4397
65.4397
65.4397
65.4397
65.4397
65.4397
65.4397
65.4397
65.4397
65.4397
65.4397
65.4397
65.4397
65.4397
65.4397
65.4397
65.4397
65.4397
65.4397
65.4397
65.4397
65.4397
65.4397
65.4397
65.4397
65.4397
65.4397
65.4397
65.4397
65.4397
65.4397
65.4397
65.4397
65.4397
65.4397
65.4397
65.4397
65.4397
65.4397
65.4397
65.4397
65.4397
65.4397
65.4397
65.4397
65.4397
65.4397
65.4397
65.4397
65.4397
65.4397
65.4397
65.4397
65.4397
65.4397
65.4397
65.4397
65.4397
65.4397
65.4397
65.4397
65.4397
65.4397
65.4397
65.4397
65.4397
65.4397
65.4397
65.4397
65.4397
65.4397
65.4397
65.4397
65.4397
65.4397
65.4397
65.4397
65.4397
65.4397
65.4397
65.4397
65.4397
65.4397
65.4397
65.4397
65.4397
65.4397
65.4397
65.4397
65.4397
65.4397
65.4397
65.4397
65.4397
65.4397
65.4397
65.4397
65.4397
65.4397
65.4397
65.4397
65.4397
65.4397
65.4397
65.4397
65.4397
65.4397
65.4397
65.4397
65.4397
65.4397
65.4397
65.4397
65.4397
65.4397
65.4397
65.4397
65.4397
65.4397
65.4397
65.4397
65.4397
65.4397
65.4397
65.4397
65.4397
65.4397
65.4397
65.4397
65.4397
65.4397
65.4397
65.4397
65.4397
65.4397
65.4397
65.4397
65.4397
65.4397
65.4397
65.4397
65.4397
65.4397
65.4397
65.4397
65.4397
65.4397
65.4397
65.4397
65.4397
65.4397
65.4397
65.4397
65.4397
65.4397
65.4397
65.4397
65.4397
65.4397
65.4397
65.4397
65.4397
65.4397
65.4397
65.4397
65.4397
65.4397
65.4397
65.4397
65.4397
65.4397
65.4397
65.4397
65.4397
65.4397
65.4397
65.4397
65.4397
65.4397
65.4397
65.4397
65.4397
65.4397
65.4397
65.4397
65.4397
65.4397
65.4397
65.4397
65.4397
65.4397
65.4397
65.4397
65.4397
65.4397
65.4397
65.4397
65.4397
65.4397
65.4397
65.4397
65.4397
65.4397
65.4397
65.4397
65.4397
65.4397
65.4397
65.4397
65.4397
65.4397
65.4397
65.4397
65.4397
65.4397
65.4397
65.4397
65.4397
65.4397
65.4397
65.4397
65.4397
65.4397
65.4397
65.4397
65.4397
65.4397
65.4397
65.4397
65.4397
65.4397
65.4397
65.4397
65.4397
65.4397
65.4397
65.4397
65.4397
65.4397
65.4397
65.4397
65.4397
65.4397
65.4397
65.4397
65.4397
65.4397
65.4397
65.4397
65.4397
65.4397
65.4397
65.4397
65.4397
65.4397
65.4397
65.4397
65.4397
65.4397
65.4397
65.4397
65.4397
65.4397
65.4397
65.4397
65.4397
65.4397
65.4397
65.4397
65.4397
65.4397
65.4397
65.4397
65.4397
65.4397
65.4397
65.4397
65.4397
65.4397
65.4397
65.4397
65.4397
65.4397
65.4397
65.4397
65.4397
65.4397
65.4397
65.4397
65.4397
65.4397
65.4397
65.4397
65.4397
65.4397
65.4397
65.4397
65.4397
65.4397
65.4397
65.4397
65.4397
65.4397
65.4397
65.4397
65.4397
65.4397
65.4397
65.4397
65.4397
65.4397
65.4397
65.4397
65.4397
65.4397
65.4397
65.4397
65.4397
65.4397
65.4397
65.4397
65.4397
65.4397
65.4397
65.4397
65.4397
65.4397
65.4397
65.4397
65.4397
65.4397
65.4397
65.4397
65.4397
65.4397
65.4397
65.4397
65.4397
65.4397
65.4397
65.4397
65.4397
65.4397
65.4397
65.4397
65.4397
65.4397
65.4397
65.4397
65.4397
65.4397
65.4397
65.4397
65.4397
65.4397
65.4397
65.4397
65.4397
65.4397
65.4397
65.4397
65.4397
65.4397
65.4397
65.4397
65.4397
65.4397
65.4397
65.4397
65.4397
65.4397
65.4397
65.4397
65.4397
65.4397
65.4397
65.4397
65.4397
65.4397
65.4397
65.4397
65.4397
65.4397
65.4397
65.4397
65.4397
65.4397
65.4397
65.4397
65.4397
65.4397
65.4397
65.4397
65.4397
65.4397
65.4397
65.4397
65.4397
65.4397
65.4397
65.4397
65.4397
65.4397
65.4397
65.4397
65.4397
65.4397
65.4397
65.4397
65.4397
65.4397
65.4397
65.4397
65.4397
65.4397
65.4397
65.4397
65.4397
65.4397
65.4397
65.4397
65.4397
65.4397
65.4397
65.4397
65.4397
65.4397
65.4397
65.4397
65.4397
65.4397
65.4397
65.4397
65.4397
65.4397
65.4397
65.4397
65.4397
65.4397
65.4397
65.4397
65.4397
65.4397
65.4397
65.4397
65.4397
65.4397
65.4397
65.4397
65.4397
65.4397
65.4397
65.4397
65.4397
65.3156
65.3156
65.3156
65.3156
65.3156
65.3156
65.3156
65.3156
65.3156
65.3156
65.3156
65.3156
65.3156
65.3156
65.3156
65.3156
65.3156
65.3156
65.3156
65.3156
65.3156
65.3156
65.3156
65.3156
65.3156
65.3156
65.3156
65.3156
65.3156
65.3156
65.3156
65.3156
65.3156
65.3156
65.3156
65.3156
65.3156
65.3156
65.3156
65.3156
65.3156
65.3156
65.3156
65.3156
65.3156
65.3156
65.3156
65.3156
65.3156
65.3156
65.3156
65.3156
65.3156
65.3156
65.3156
65.3156
65.3156
65.3156
65.3156
65.3156
65.3156
65.3156
65.3156
65.3156
65.3156
65.3156
65.3156
65.3156
65.3156
65.3156
65.3156
65.3156
65.3156
65.3156
65.3156
65.3156
65.3156
65.3156
65.3156
65.3156
65.3156
65.3156
65.3156
65.3156
65.3156
65.3156
65.3156
65.3156
65.3156
65.3156
65.3156
65.3156
65.3156
65.3156
65.3156
65.3156
65.3156
65.3156
65.3156
65.3156
65.3156
65.3156
65.3156
65.3156
65.3156
65.3156
65.3156
65.3156
65.3156
65.3156
65.3156
65.3156
65.3156
65.3156
65.3156
65.3156
65.3156
65.3156
65.3156
65.3156
65.3156
65.3156
65.3156
65.3156
65.3156
65.3156
65.3156
65.3156
65.3156
65.3156
65.3156
65.3156
65.3156
65.3156
65.3156
65.3156
65.3156
65.3156
65.3156
65.3156
65.3156
65.3156
65.3156
65.3156
65.3156
65.3156
65.3156
65.3156
65.3156
65.3156
65.3156
65.3156
65.3156
65.3156
65.3156
65.3156
65.3156
65.3156
65.3156
65.3156
65.3156
65.3156
65.3156
65.3156
65.3156
65.3156
65.3156
65.3156
65.3156
65.3156
65.3156
65.3156
65.3156
65.3156
65.3156
65.3156
65.3156
65.3156
65.3156
65.3156
65.3156
65.3156
65.3156
65.3156
65.3156
65.3156
65.3156
65.3156
65.3156
65.3156
65.3156
65.3156
65.3156
65.3156
65.3156
65.3156
65.3156
65.3156
65.3156
65.3156
65.3156
65.3156
65.3156
65.3156
65.3156
65.3156
65.3156
65.3156
65.3156
65.3156
65.3156
65.3156
65.3156
65.3156
65.3156
65.3156
65.3156
65.3156
65.3156
65.3156
65.3156
65.3156
65.3156
65.3156
65.3156
65.3156
65.3156
65.3156
65.3156
65.3156
65.3156
65.3156
65.3156
65.3156
65.3156
65.3156
65.3156
65.3156
65.3156
65.3156
65.3156
65.3156
65.3156
65.3156
65.3156
65.3156
65.3156
65.3156
65.3156
65.3156
65.3156
65.3156
65.3156
65.3156
65.3156
65.3156
65.3156
65.3156
65.3156
65.3156
65.3156
65.3156
65.3156
65.3156
65.3156
65.3156
65.3156
65.3156
65.3156
65.3156
65.3156
65.3156
65.3156
65.3156
65.3156
65.3156
65.3156
65.3156
65.3156
65.3156
65.3156
65.3156
65.3156
65.3156
65.3156
65.3156
65.3156
65.3156
65.3156
65.3156
65.3156
65.3156
65.3156
65.3156
65.3156
65.3156
65.3156
65.3156
65.3156
65.3156
65.3156
65.3156
65.3156
65.3156
65.3156
65.3156
65.3156
65.3156
65.3156
65.3156
65.3156
65.3156
65.3156
65.3156
65.3156
65.3156
65.3156
65.3156
65.3156
65.3156
65.3156
65.3156
65.3156
65.3156
65.3156
65.3156
65.3156
65.3156
65.3156
65.3156
65.3156
65.3156
65.3156
65.3156
65.3156
65.3156
65.3156
65.3156
65.3156
65.3156
65.3156
65.3156
65.3156
65.3156
65.3156
65.3156
65.3156
65.3156
65.3156
65.3156
65.3156
65.3156
65.3156
65.3156
65.3156
65.3156
65.3156
65.3156
65.3156
65.3156
65.3156
65.3156
65.3156
65.3156
65.3156
65.3156
65.3156
65.3156
65.3156
65.3156
65.3156
65.3156
65.3156
65.3156
65.3156
65.3156
65.3156
65.3156
65.3156
65.3156
65.3156
65.3156
65.3156
65.3156
65.3156
65.3156
65.3156
65.3156
65.3156
65.3156
65.3156
65.3156
65.3156
65.3156
65.3156
65.3156
65.3156
65.3156
65.3156
65.3156
65.3156
65.3156
65.3156
65.3156
65.3156
65.3156
65.3156
65.3156
65.3156
65.3156
65.3156
65.3156
65.3156
65.3156
65.3156
65.3156
65.3156
65.3156
65.3156
65.3156
65.3156
65.3156
65.3156
65.3156
65.3156
65.3156
65.3156
65.3156
65.3156
65.3156
65.3156
65.3156
65.3156
65.3156
65.3156
65.3156
65.3156
65.3156
65.3156
65.3156
65.3156
65.3156
65.3156
65.3156
65.3156
65.3156
65.3156
65.3156
65.3156
65.3156
65.3156
65.3156
65.3156
65.3156
65.3156
65.3156
65.3156
65.3156
65.3156
65.3156
65.3156
65.3156
65.3156
65.3156
65.3156
65.3156
65.3156
65.3156
65.3156
65.3156
65.3156
65.3156
65.3156
65.3156
65.3156
65.3156
65.3156
65.3156
65.3156
65.3156
65.3156
65.3156
65.3156
65.3156
65.3156
65.3156
65.3156
65.3156
65.3156
65.3156
65.3156
65.3156
65.3156
65.3156
65.3156
65.3156
65.3156
65.3156
65.3156
65.3156
65.3156
65.3156
65.3156
65.3156
65.3156
65.3156
65.3156
65.3156
65.3156
65.3156
65.3156
65.3156
65.3156
65.3156
65.3156
65.3156
65.3156
65.3156
65.3156
65.3156
65.3156
65.3156
65.3156
65.3156
65.3156
65.3156
65.3156
65.3156
65.3156
65.3156
65.3156
65.3156
65.3156
65.3156
65.3156
65.3156
65.3156
65.3156
65.3156
65.3156
65.3156
65.3156
65.3156
65.3156
65.3156
65.3156
65.3156
65.3156
65.3156
65.3156
65.3156
65.3156
65.3156
65.3156
65.3156
65.3156
65.3156
65.3156
65.3156
65.3156
65.3156
65.3156
65.3156
65.3156
65.3156
65.3156
65.3156
65.3156
65.3156
65.3156
65.3156
65.3156
65.3156
65.3156
65.3156
65.3156
65.3156
65.3156
65.3156
65.3156
65.3156
65.3156
65.3156
65.3156
65.3156
65.3156
65.3156
65.3156
65.3156
65.3156
65.3156
65.3156
65.3156
65.3156
65.3156
65.3156
65.3156
65.3156
65.3156
65.3156
65.3156
65.3156
65.3156
65.3156
65.3156
65.3156
65.3156
65.3156
65.3156
65.3156
65.3156
65.3156
65.3156
65.3156
65.3156
65.3156
65.3156
65.3156
65.3156
65.3156
65.3156
65.3156
65.3156
65.3156
65.3156
65.3156
65.3156
65.3156
65.3156
65.3156
65.3156
65.3156
65.3156
65.3156
65.3156
65.3156
65.3156
65.3156
65.3156
65.3156
65.3156
65.3156
65.3156
65.3156
65.3156
65.3156
65.3156
65.3156
65.3156
65.3156
65.3156
65.3156
65.3156
65.3156
65.3156
65.3156
65.3156
65.3156
65.3156
65.3156
65.3156
65.3156
65.3156
65.3156
65.3156
65.3156
65.3156
65.3156
65.3156
65.3156
65.3156
65.3156
65.3156
65.3156
65.3156
65.3156
65.3156
65.3156
65.3156
65.3156
65.3156
65.3156
65.3156
65.3156
65.3156
65.3156
65.3156
65.3156
65.3156
65.3156
65.3156
65.3156
65.3156
65.3156
65.3156
65.3156
65.3156
65.3156
65.3156
65.3156
65.3156
65.3156
65.3156
65.3156
65.3156
65.3156
65.3156
65.3156
65.3156
65.3156
65.3156
65.3156
65.3156
65.3156
65.3156
65.3156
65.3156
65.3156
65.3156
65.3156
65.3156
65.3156
65.3156
65.3156
65.3156
65.3156
65.3156
65.3156
65.3156
65.3156
65.3156
65.3156
65.3156
65.3156
65.3156
65.3156
65.3156
65.3156
65.3156
65.3156
65.3156
65.3156
65.3156
65.3156
65.3156
65.3156
65.3156
65.3156
65.3156
65.3156
65.3156
65.3156
65.3156
65.3156
65.3156
65.3156
65.3156
65.3156
65.3156
65.3156
65.3156
65.3156
65.3156
65.3156
65.3156
65.3156
65.3156
65.3156
65.3156
65.3156
65.3156
65.3156
65.3156
65.3156
65.3156
65.3156
65.3156
65.3156
65.3156
65.3156
65.3156
65.3156
65.3156
65.3156
65.3156
65.3156
65.3156
65.3156
65.3156
65.3156
65.3156
65.3156
65.3156
65.3156
65.3156
65.3156
65.3156
65.3156
65.3156
65.3156
65.3156
65.3156
65.3156
65.3156
65.3156
65.3156
65.3156
65.3156
65.3156
65.3156
65.3156
65.3156
65.3156
65.3156
65.3156
65.3156
65.3156
65.3156
65.3156
65.3156
65.3156
65.3156
65.3156
65.3156
65.3156
65.3156
65.3156
65.3156
65.3156
65.3156
65.3156
65.3156
65.3156
65.3156
65.3156
65.3156
65.3156
65.3156
65.3156
65.3156
65.3156
65.3156
65.3156
65.3156
65.3156
65.3156
65.3156
65.3156
65.3156
65.3156
65.3156
65.3156
65.3156
65.3156
65.3156
65.3156
65.3156
65.3156
65.3156
65.3156
65.3156
65.3156
65.3156
65.3156
65.3156
65.3156
65.3156
65.3156
65.3156
65.3156
65.3156
65.3156
65.3156
65.3156
65.3156
65.3156
65.3156
65.3156
65.3156
65.3156
65.3156
65.3156
65.3156
65.3156
65.3156
65.3156
65.3156
65.3156
65.3156
65.3156
65.3156
65.3156
65.3156
65.3156
65.3156
65.3156
65.3156
65.3156
65.3156
65.3156
65.3156
65.3156
65.3156
65.3156
65.3156
65.3156
65.3156
65.3156
65.3156
65.3156
65.3156
65.3156
65.3156
65.3156
65.3156
65.3156
65.3156
65.3156
65.3156
65.3156
65.3156
65.3156
65.3156
65.3156
65.3156
65.3156
65.3156
65.3156
65.3156
65.3156
65.3156
65.3156
65.3156
65.3156
65.3156
65.3156
65.3156
65.3156
65.3156
65.3156
65.3156
65.3156
65.3156
65.3156
65.3156
65.3156
65.3156
65.3156
65.3156
65.3156
65.3156
65.3156
65.3156
65.3156
65.3156
65.3156
65.3156
65.3156
65.3156
65.3156
65.3156
65.3156
65.3156
65.3156
65.3156
65.3156
65.3156
65.3156
65.3156
65.3156
65.3156
65.3156
65.3156
65.3156
65.3156
65.3156
65.3156
65.3156
65.3156
65.3156
65.3156
65.3156
65.3156
65.3156
65.3156
65.3156
65.3156
65.3156
65.3156
65.3156
65.3156
65.3156
65.3156
65.3156
65.3156
65.3156
65.3156
65.3156
65.3156
65.3156
65.3156
65.3156
65.3156
65.3156
65.3156
65.3156
65.3156
65.3156
65.3156
65.3156
65.3156
65.3156
65.3156
65.3156
65.3156
65.3156
65.3156
65.3156
65.3156
65.3156
65.3156
65.3156
65.3156
65.3156
65.3156
65.3156
65.3156
65.3156
65.3156
65.3156
65.3156
65.3156
65.3156
65.3156
65.3156
65.3156
65.3156
65.3156
65.3156
65.3156
65.3156
65.3156
65.3156
65.3156
65.3156
65.3156
65.3156
65.3156
65.3156
65.3156
65.3156
65.3156
65.3156
65.3156
65.3156
65.3156
65.3156
65.3156
65.3156
65.3156
65.3156
65.3156
65.3156
65.3156
65.3156
65.3156
65.3156
65.3156
65.3156
65.3156
65.3156
65.3156
65.3156
65.3156
65.3156
65.3156
65.3156
65.3156
65.3156
65.3156
65.3156
65.3156
65.3156
65.3156
65.3156
65.3156
65.3156
65.3156
65.3156
65.3156
65.3156
65.3156
65.3156
65.3156
65.3156
65.3156
65.3156
65.3156
65.3156
65.3156
65.3156
65.3156
65.3156
65.3156
65.3156
65.3156
65.3156
65.3156
65.3156
65.3156
65.3156
65.3156
65.3156
65.3156
65.3156
65.3156
65.3156
65.3156
65.3156
65.3156
65.3156
65.3156
65.3156
65.3156
65.3156
65.3156
65.3156
65.3156
65.3156
65.3156
65.3156
65.3156
65.3156
65.3156
65.3156
65.3156
65.3156
65.3156
65.3156
65.3156
65.3156
65.3156
65.3156
65.3156
65.3156
65.3156
65.3156
65.3156
65.3156
65.3156
65.3156
65.3156
65.3156
65.3156
65.3156
65.3156
65.3156
65.3156
65.3156
65.3156
65.3156
65.3156
65.3156
65.3156
65.3156
65.3156
65.3156
65.3156
65.3156
65.3156
65.3156
65.3156
65.3156
65.3156
65.3156
65.3156
65.3156
65.3156
65.3156
65.3156
65.3156
65.3156
65.3156
65.3156
65.3156
65.3156
65.3156
65.3156
65.3156
65.3156
65.3156
65.3156
65.3156
65.3156
65.3156
65.3156
65.3156
65.3156
65.3156
65.3156
65.3156
65.3156
65.3156
65.3156
65.3156
65.3156
65.3156
65.3156
65.3156
65.3156
65.3156
65.3156
65.3156
65.3156
65.3156
65.3156
65.3156
65.3156
65.3156
65.3156
65.3156
65.3156
65.3156
65.3156
65.3156
65.3156
65.3156
65.3156
65.3156
65.3156
65.3156
65.3156
65.3156
65.3156
65.3156
65.3156
65.3156
65.3156
65.3156
65.3156
65.3156
65.3156
65.3156
65.3156
65.3156
65.3156
65.3156
65.3156
65.3156
65.3156
65.3156
65.3156
65.3156
65.3156
65.3156
65.3156
65.3156
65.3156
65.3156
65.3156
65.3156
65.3156
65.3156
65.3156
65.3156
65.3156
65.3156
65.3156
65.3156
65.3156
65.3156
65.3156
65.3156
65.3156
65.3156
65.3156
65.3156
65.3156
65.3156
65.3156
65.3156
65.3156
65.3156
65.3156
65.3156
65.3156
65.3156
65.3156
65.3156
65.3156
65.3156
65.3156
65.3156
65.3156
65.3156
65.3156
65.3156
65.3156
65.3156
65.3156
65.3156
65.3156
65.3156
65.3156
65.3156
65.3156
65.3156
65.3156
65.3156
65.3156
65.3156
65.3156
65.3156
65.3156
65.3156
65.3156
65.3156
65.3156
65.3156
65.3156
65.3156
65.3156
65.3156
65.3156
65.3156
65.3156
65.3156
65.3156
65.3156
65.3156
65.3156
65.3156
65.3156
65.3156
65.3156
65.3156
65.3156
65.3156
65.3156
65.3156
65.3156
65.3156
65.3156
65.3156
65.3156
65.3156
65.3156
65.3156
65.3156
65.3156
65.3156
65.3156
65.3156
65.3156
65.3156
65.3156
65.3156
65.3156
65.3156
65.3156
65.3156
65.3156
65.3156
65.3156
65.3156
65.3156
65.3156
65.3156
65.3156
65.3156
65.3156
65.3156
65.3156
65.3156
65.3156
65.3156
65.3156
65.3156
65.3156
65.3156
65.3156
65.3156
65.3156
65.3156
65.3156
65.3156
65.3156
65.3156
65.3156
65.3156
65.3156
65.3156
65.3156
65.3156
65.3156
65.3156
65.3156
65.3156
65.3156
65.3156
65.3156
65.3156
65.3156
65.3156
65.3156
65.3156
65.3156
65.3156
65.3156
65.3156
65.3156
65.3156
65.3156
65.3156
65.3156
65.3156
65.3156
65.3156
65.3156
65.3156
65.3156
65.3156
65.3156
65.3156
65.3156
65.3156
65.3156
65.3156
65.3156
65.3156
65.3156
65.3156
65.3156
65.3156
65.3156
65.3156
65.3156
65.3156
65.3156
65.3156
65.3156
65.3156
65.3156
65.3156
65.3156
65.3156
65.3156
65.3156
65.3156
65.3156
65.3156
65.3156
65.3156
65.3156
65.3156
65.3156
65.3156
65.3156
65.3156
65.3156
65.3156
65.3156
65.3156
65.3156
65.3156
65.3156
65.3156
65.3156
65.3156
65.3156
65.3156
65.3156
65.3156
65.3156
65.3156
65.3156
65.3156
65.3156
65.3156
65.3156
65.3156
65.3156
65.3156
65.3156
65.3156
65.3156
65.3156
65.3156
65.3156
65.3156
65.3156
65.3156
65.3156
65.3156
65.3156
65.3156
65.3156
65.3156
65.3156
65.3156
65.3156
65.3156
65.3156
65.3156
65.3156
65.3156
65.3156
65.3156
65.3156
65.3156
65.3156
65.3156
65.3156
65.3156
65.3156
65.3156
65.3156
65.3156
65.3156
65.3156
65.3156
65.3156
65.3156
65.3156
65.3156
65.3156
65.3156
65.3156
65.3156
65.3156
65.3156
65.3156
65.3156
65.3156
65.3156
65.3156
65.3156
65.3156
65.3156
65.3156
65.3156
65.3156
65.3156
65.3156
65.3156
65.3156
65.3156
65.3156
65.3156
65.3156
65.3156
65.3156
65.3156
65.3156
65.3156
65.3156
65.3156
65.3156
65.3156
65.3156
65.3156
65.3156
65.3156
65.3156
65.3156
65.3156
65.3156
65.3156
65.3156
65.3156
65.3156
65.3156
65.3156
65.3156
65.3156
65.3156
65.3156
65.3156
65.3156
65.3156
65.3156
65.3156
65.3156
65.3156
65.3156
65.3156
65.3156
65.3156
65.3156
65.3156
65.3156
65.3156
65.3156
65.3156
65.3156
65.3156
65.3156
65.3156
65.3156
65.3156
65.3156
65.3156
65.3156
65.3156
65.3156
65.3156
65.3156
65.3156
65.3156
65.3156
65.3156
65.3156
65.3156
65.3156
65.3156
65.3156
65.3156
65.3156
65.3156
65.3156
65.3156
65.3156
65.3156
65.3156
65.3156
65.3156
65.3156
65.3156
65.3156
65.3156
65.3156
65.3156
65.3156
65.3156
65.3156
65.3156
65.3156
65.3156
65.3156
65.3156
65.3156
65.3156
65.3156
65.3156
65.3156
65.3156
65.3156
65.3156
65.3156
65.3156
65.3156
65.3156
65.3156
65.3156
65.3156
65.3156
65.3156
65.3156
65.3156
65.3156
65.3156
65.3156
65.3156
65.3156
65.3156
65.3156
65.3156
65.3156
65.3156
65.3156
65.3156
65.3156
65.3156
65.3156
65.3156
65.3156
65.3156
65.3156
65.3156
65.3156
65.3156
65.3156
65.3156
65.3156
65.3156
65.3156
65.3156
65.3156
65.3156
65.3156
65.3156
65.3156
65.3156
65.3156
65.3156
65.3156
65.3156
65.3156
65.3156
65.3156
65.3156
65.3156
65.3156
65.3156
65.3156
65.3156
65.3156
65.3156
65.3156
65.3156
65.3156
65.3156
65.3156
65.3156
65.3156
65.3156
65.3156
65.3156
65.3156
65.3156
65.3156
65.3156
65.3156
65.3156
65.3156
65.3156
65.3156
65.3156
65.3156
65.3156
65.3156
65.3156
65.3156
65.3156
65.3156
65.3156
65.3156
65.3156
65.3156
65.3156
65.3156
65.3156
65.3156
65.3156
65.3156
65.3156
65.3156
65.3156
65.3156
65.3156
65.3156
65.3156
65.3156
65.3156
65.3156
65.3156
65.3156
65.3156
65.3156
65.3156
65.3156
65.3156
65.3156
65.3156
65.3156
65.3156
65.3156
65.3156
65.3156
65.3156
65.3156
65.3156
65.3156
65.3156
65.3156
65.3156
65.3156
65.3156
65.3156
65.3156
65.3156
65.3156
65.3156
65.3156
65.3156
65.3156
65.3156
65.3156
65.3156
65.3156
65.3156
65.3156
65.3156
65.3156
65.3156
65.3156
65.3156
65.3156
65.3156
65.3156
65.3156
65.3156
65.3156
65.3156
65.3156
65.3156
65.3156
65.3156
65.3156
65.3156
65.3156
65.3156
65.3156
65.3156
65.3156
65.3156
65.3156
65.3156
65.3156
65.3156
65.3156
65.3156
65.3156
65.3156
65.3156
65.3156
65.3156
65.3156
65.3156
65.3156
65.3156
65.3156
65.3156
65.3156
65.3156
65.3156
65.3156
65.3156
65.3156
65.3156
65.3156
65.3156
65.3156
65.3156
65.3156
65.3156
65.3156
65.3156
65.3156
65.3156
65.3156
65.3156
65.3156
65.3156
65.3156
65.3156
65.3156
65.3156
65.3156
65.3156
65.3156
65.3156
65.3156
65.3156
65.3156
65.3156
65.3156
65.3156
65.3156
65.3156
65.3156
65.3156
65.3156
65.3156
65.3156
65.3156
65.3156
65.3156
65.3156
65.3156
65.3156
65.3156
65.3156
65.3156
65.3156
65.3156
65.3156
65.3156
65.3156
65.3156
65.3156
65.3156
65.3156
65.3156
65.3156
65.3156
65.3156
65.3156
65.3156
65.3156
65.3156
65.3156
65.3156
65.3156
65.3156
65.3156
65.3156
65.3156
65.3156
65.3156
65.3156
65.3156
65.3156
65.3156
65.3156
65.3156
65.3156
65.3156
65.3156
65.3156
65.3156
65.3156
65.3156
65.3156
65.3156
65.3156
65.3156
65.3156
65.3156
65.3156
65.3156
65.3156
65.3156
65.3156
65.3156
65.3156
65.3156
65.3156
65.3156
65.3156
65.3156
65.3156
65.3156
65.3156
65.3156
65.3156
65.3156
65.3156
65.3156
65.3156
65.3156
65.3156
65.3156
65.3156
65.3156
65.3156
65.3156
65.3156
65.3156
65.3156
65.3156
65.3156
65.3156
65.3156
65.3156
65.3156
65.3156
65.3156
65.3156
65.3156
65.3156
65.3156
65.3156
65.3156
65.3156
65.3156
65.3156
65.3156
65.3156
65.3156
65.3156
65.3156
65.3156
65.3156
65.3156
65.3156
65.3156
65.3156
65.3156
65.3156
65.3156
65.3156
65.3156
65.3156
65.3156
65.3156
65.3156
65.3156
65.3156
65.3156
65.3156
65.3156
65.3156
65.3156
65.3156
65.3156
65.3156
65.3156
65.3156
65.3156
65.3156
65.3156
65.3156
65.3156
65.3156
65.3156
65.3156
65.3156
65.3156
65.3156
65.3156
65.3156
65.3156
65.3156
65.3156
65.3156
65.3156
65.3156
65.3156
65.3156
65.3156
65.3156
65.3156
65.3156
65.3156
65.3156
65.3156
65.3156
65.3156
65.3156
65.3156
65.3156
65.3156
65.3156
65.3156
65.3156
65.3156
65.3156
65.3156
65.3156
65.3156
65.3156
65.3156
65.3156
65.3156
65.3156
65.3156
65.3156
65.3156
65.3156
65.3156
65.3156
65.3156
65.3156
65.3156
65.3156
65.3156
65.3156
65.3156
65.3156
65.3156
65.3156
65.3156
65.3156
65.3156
65.3156
65.3156
65.3156
65.3156
65.3156
65.3156
65.3156
65.3156
65.3156
65.3156
65.3156
65.3156
65.3156
65.3156
65.3156
65.3156
65.3156
65.3156
65.3156
65.3156
65.3156
65.3156
65.3156
65.3156
65.3156
65.3156
65.3156
65.3156
65.3156
65.3156
65.3156
65.3156
65.3156
65.3156
65.3156
65.3156
65.3156
65.3156
65.3156
65.3156
65.3156
65.3156
65.3156
65.3156
65.3156
65.3156
65.3156
65.3156
65.3156
65.3156
65.3156
65.3156
65.3156
65.3156
65.3156
65.3156
65.3156
65.3156
65.3156
65.3156
65.3156
65.3156
65.3156
65.3156
65.3156
65.3156
65.3156
65.3156
65.3156
65.3156
65.3156
65.3156
65.3156
65.3156
65.3156
65.3156
65.3156
65.3156
65.3156
65.3156
65.3156
65.3156
65.3156
65.3156
65.3156
65.3156
65.3156
65.3156
65.3156
65.3156
65.3156
65.3156
65.3156
65.3156
65.3156
65.3156
65.3156
65.3156
65.3156
65.3156
65.3156
65.3156
65.3156
65.3156
65.3156
65.3156
65.3156
65.3156
65.3156
65.3156
65.3156
65.3156
65.3156
65.3156
65.3156
65.3156
65.3156
65.3156
65.3156
65.3156
65.3156
65.3156
65.3156
65.3156
65.3156
65.3156
65.3156
65.3156
65.3156
65.3156
65.3156
65.3156
65.3156
65.3156
65.3156
65.3156
65.3156
65.3156
65.3156
65.3156
65.3156
65.3156
65.3156
65.3156
65.3156
65.3156
65.3156
65.3156
65.3156
65.3156
65.3156
65.3156
65.3156
65.3156
65.3156
65.3156
65.3156
65.3156
65.3156
65.3156
65.3156
65.3156
65.3156
65.3156
65.3156
65.3156
65.3156
65.3156
65.3156
65.3156
65.3156
65.3156
65.3156
65.3156
65.3156
65.3156
65.3156
65.3156
65.3156
65.3156
65.3156
65.3156
65.3156
65.3156
65.3156
65.3156
65.3156
65.3156
65.3156
65.3156
65.3156
65.3156
65.3156
65.3156
65.3156
65.3156
65.3156
65.3156
65.3156
65.3156
65.3156
65.3156
65.3156
65.3156
65.3156
65.3156
65.3156
65.3156
65.3156
65.3156
65.3156
65.3156
65.3156
65.3156
65.3156
65.3156
65.3156
65.3156
65.3156
65.3156
65.3156
65.3156
65.3156
65.3156
65.3156
65.3156
65.3156
65.3156
65.3156
65.3156
65.3156
65.3156
65.3156
65.3156
65.3156
65.3156
65.3156
65.3156
65.3156
65.3156
65.3156
65.3156
65.3156
65.3156
65.3156
65.3156
65.3156
65.3156
65.3156
65.3156
65.3156
65.3156
65.3156
65.3156
65.3156
65.3156
65.3156
65.3156
65.3156
65.3156
65.3156
65.3156
65.3156
65.3156
65.3156
65.3156
65.3156
65.3156
65.3156
65.3156
65.3156
65.3156
65.3156
65.3156
65.3156
65.3156
65.3156
65.3156
65.3156
65.3156
65.3156
65.3156
65.3156
65.3156
65.3156
65.3156
65.3156
65.3156
65.3156
65.3156
65.3156
65.3156
65.3156
65.3156
65.3156
65.3156
65.3156
65.3156
65.3156
65.3156
65.3156
65.3156
65.3156
65.3156
65.3156
65.3156
65.3156
65.3156
65.3156
65.3156
65.3156
65.3156
65.3156
65.3156
65.3156
65.3156
65.3156
65.3156
65.3156
65.3156
65.3156
65.3156
65.3156
65.3156
65.3156
65.3156
65.3156
65.3156
65.3156
65.3156
65.3156
65.3156
65.3156
65.3156
65.3156
65.3156
65.3156
65.3156
65.3156
65.3156
65.3156
65.3156
65.3156
65.3156
65.3156
65.3156
65.3156
65.3156
65.3156
65.3156
65.3156
65.3156
65.3156
65.3156
65.3156
65.3156
65.3156
65.3156
65.3156
65.3156
65.3156
65.3156
65.3156
65.3156
65.3156
65.3156
65.3156
65.3156
65.3156
65.3156
65.3156
65.3156
65.3156
65.3156
65.3156
65.3156
65.3156
65.3156
65.3156
65.3156
65.3156
65.3156
65.3156
65.3156
65.3156
65.3156
65.3156
65.3156
65.3156
65.3156
65.3156
65.3156
65.3156
65.3156
65.3156
65.3156
65.3156
65.3156
65.3156
65.3156
65.3156
65.3156
65.3156
65.3156
65.3156
65.3156
65.3156
65.3156
65.3156
65.3156
65.3156
65.3156
65.3156
65.3156
65.3156
65.3156
65.3156
65.3156
65.3156
65.3156
65.3156
65.3156
65.3156
65.3156
65.3156
65.1253
65.1253
65.1253
65.1253
65.1253
65.1253
65.1253
65.1253
65.1253
65.1253
65.1253
65.1253
65.1253
65.1253
65.1253
65.1253
65.1253
65.1253
65.1253
65.1253
65.1253
65.1253
65.1253
65.1253
65.1253
65.1253
65.1253
65.1253
65.1253
65.1253
65.1253
65.1253
65.1253
65.1253
65.1253
65.1253
65.1253
65.1253
65.1253
65.1253
65.1253
65.1253
65.1253
65.1253
65.1253
65.1253
65.1253
65.1253
65.1253
65.1253
65.1253
65.1253
65.1253
65.1253
65.1253
65.1253
65.1253
65.1253
65.1253
65.1253
65.1253
65.1253
65.1253
65.1253
65.1253
65.1253
65.1253
65.1253
65.1253
65.1253
65.1253
65.1253
65.1253
65.1253
65.1253
65.1253
65.1253
65.1253
65.1253
65.1253
65.1253
65.1253
65.1253
65.1253
65.1253
65.1253
65.1253
65.1253
65.1253
65.1253
65.1253
65.1253
65.1253
65.1253
65.1253
65.1253
65.1253
65.1253
65.1253
65.1253
65.1253
65.1253
65.1253
65.1253
65.1253
65.1253
65.1253
65.1253
65.1253
65.1253
65.1253
65.1253
65.1253
65.1253
65.1253
65.1253
65.1253
65.1253
65.1253
65.1253
65.1253
65.1253
65.1253
65.1253
65.1253
65.1253
65.1253
65.1253
65.1253
65.1253
65.1253
65.1253
65.1253
65.1253
65.1253
65.1253
65.1253
65.1253
65.1253
65.1253
65.1253
65.1253
65.1253
65.1253
65.1253
65.1253
65.1253
65.1253
65.1253
65.1253
65.1253
65.1253
65.1253
65.1253
65.1253
65.1253
65.1253
65.1253
65.1253
65.1253
65.1253
65.1253
65.1253
65.1253
65.1253
65.1253
65.1253
65.1253
65.1253
65.1253
65.1253
65.1253
65.1253
65.1253
65.1253
65.1253
65.1253
65.1253
65.1253
65.1253
65.1253
65.1253
65.1253
65.1253
65.1253
65.1253
65.1253
65.1253
65.1253
65.1253
65.1253
65.1253
65.1253
65.1253
65.1253
65.1253
65.1253
65.1253
65.1253
65.1253
65.1253
65.1253
65.1253
65.1253
65.1253
65.1253
65.1253
65.1253
65.1253
65.1253
65.1253
65.1253
65.1253
65.1253
65.1253
65.1253
65.1253
65.1253
65.1253
65.1253
65.1253
65.1253
65.1253
65.1253
65.1253
65.1253
65.1253
65.1253
65.1253
65.1253
65.1253
65.1253
65.1253
65.1253
65.1253
65.1253
65.1253
65.1253
65.1253
65.1253
65.1253
65.1253
65.1253
65.1253
65.1253
65.1253
65.1253
65.1253
65.1253
65.1253
65.1253
65.1253
65.1253
65.1253
65.1253
65.1253
65.1253
65.1253
65.1253
65.1253
65.1253
65.1253
65.1253
65.1253
65.1253
65.1253
65.1253
65.1253
65.1253
65.1253
65.1253
65.1253
65.1253
65.1253
65.1253
65.1253
65.1253
65.1253
65.1253
65.1253
65.1253
65.1253
65.1253
65.1253
65.1253
65.1253
65.1253
65.1253
65.1253
65.1253
65.1253
65.1253
65.1253
65.1253
65.1253
65.1253
65.1253
65.1253
65.1253
65.1253
65.1253
65.1253
65.1253
65.1253
65.1253
65.1253
65.1253
65.1253
65.1253
65.1253
65.1253
65.1253
65.1253
65.1253
65.1253
65.1253
65.1253
65.1253
65.1253
65.1253
65.1253
65.1253
65.1253
65.1253
65.1253
65.1253
65.1253
65.1253
65.1253
65.1253
65.1253
65.1253
65.1253
65.1253
65.1253
65.1253
65.1253
65.1253
65.1253
65.1253
65.1253
65.1253
65.1253
65.1253
65.1253
65.1253
65.1253
65.1253
65.1253
65.1253
65.1253
65.1253
65.1253
65.1253
65.1253
65.1253
65.1253
65.1253
65.1253
65.1253
65.1253
65.1253
65.1253
65.1253
65.1253
65.1253
65.1253
65.1253
65.1253
65.1253
65.1253
65.1253
65.1253
65.1253
65.1253
65.1253
65.1253
65.1253
65.1253
65.1253
65.1253
65.1253
65.1253
65.1253
65.1253
65.1253
65.1253
65.1253
65.1253
65.1253
65.1253
65.1253
65.1253
65.1253
65.1253
65.1253
65.1253
65.1253
65.1253
65.1253
65.1253
65.1253
65.1253
65.1253
65.1253
65.1253
65.1253
65.1253
65.1253
65.1253
65.1253
65.1253
65.1253
65.1253
65.1253
65.1253
65.1253
65.1253
65.1253
65.1253
65.1253
65.1253
65.1253
65.1253
65.1253
65.1253
65.1253
65.1253
65.1253
65.1253
65.1253
65.1253
65.1253
65.1253
65.1253
65.1253
65.1253
65.1253
65.1253
65.1253
65.1253
65.1253
65.1253
65.1253
65.1253
65.1253
65.1253
65.1253
65.1253
65.1253
65.1253
65.1253
65.1253
65.1253
65.1253
65.1253
65.1253
65.1253
65.1253
65.1253
65.1253
65.1253
65.1253
65.1253
65.1253
65.1253
65.1253
65.1253
65.1253
65.1253
65.1253
65.1253
65.1253
65.1253
65.1253
65.1253
65.1253
65.1253
65.1253
65.1253
65.1253
65.1253
65.1253
65.1253
65.1253
65.1253
65.1253
65.1253
65.1253
65.1253
65.1253
65.1253
65.1253
65.1253
65.1253
65.1253
65.1253
65.1253
65.1253
65.1253
65.1253
65.1253
65.1253
65.1253
65.1253
65.1253
65.1253
65.1253
65.1253
65.1253
65.1253
65.1253
65.1253
65.1253
65.1253
65.1253
65.1253
65.1253
65.1253
65.1253
65.1253
65.1253
65.1253
65.1253
65.1253
65.1253
65.1253
65.1253
65.1253
65.1253
65.1253
65.1253
65.1253
65.1253
65.1253
65.1253
65.1253
65.1253
65.1253
65.1253
65.1253
65.1253
65.1253
65.1253
65.1253
65.1253
65.1253
65.1253
65.1253
65.1253
65.1253
65.1253
65.1253
65.1253
65.1253
65.1253
65.1253
65.1253
65.1253
65.1253
65.1253
65.1253
65.1253
65.1253
65.1253
65.1253
65.1253
65.1253
65.1253
65.1253
65.1253
65.1253
65.1253
65.1253
65.1253
65.1253
65.1253
65.1253
65.1253
65.1253
65.1253
65.1253
65.1253
65.1253
65.1253
65.1253
65.1253
65.1253
65.1253
65.1253
65.1253
65.1253
65.1253
65.1253
65.1253
65.1253
65.1253
65.1253
65.1253
65.1253
65.1253
65.1253
65.1253
65.1253
65.1253
65.1253
65.1253
65.1253
65.1253
65.1253
65.1253
65.1253
65.1253
65.1253
65.1253
65.1253
65.1253
65.1253
65.1253
65.1253
65.1253
65.1253
65.1253
65.1253
65.1253
65.1253
65.1253
65.1253
65.1253
65.1253
65.1253
65.1253
65.1253
65.1253
65.1253
65.1253
65.1253
65.1253
65.1253
65.1253
65.1253
65.1253
65.1253
65.1253
65.1253
65.1253
65.1253
65.1253
65.1253
65.1253
65.1253
65.1253
65.1253
65.1253
65.1253
65.1253
65.1253
65.1253
65.1253
65.1253
65.1253
65.1253
65.1253
65.1253
65.1253
65.1253
65.1253
65.1253
65.1253
65.1253
65.1253
65.1253
65.1253
65.1253
65.1253
65.1253
65.1253
65.1253
65.1253
65.1253
65.1253
65.1253
65.1253
65.1253
65.1253
65.1253
65.1253
65.1253
65.1253
65.1253
65.1253
65.1253
65.1253
65.1253
65.1253
65.1253
65.1253
65.1253
65.1253
65.1253
65.1253
65.1253
65.1253
65.1253
65.1253
65.1253
65.1253
65.1253
65.1253
65.1253
65.1253
65.1253
65.1253
65.1253
65.1253
65.1253
65.1253
65.1253
65.1253
65.1253
65.1253
65.1253
65.1253
65.1253
65.1253
65.1253
65.1253
65.1253
65.1253
65.1253
65.1253
65.1253
65.1253
65.1253
65.1253
65.1253
65.1253
65.1253
65.1253
65.1253
65.1253
65.1253
65.1253
65.1253
65.1253
65.1253
65.1253
65.1253
65.1253
65.1253
65.1253
65.1253
65.1253
65.1253
65.1253
65.1253
65.1253
65.1253
65.1253
65.1253
65.1253
65.1253
65.1253
65.1253
65.1253
65.1253
65.1253
65.1253
65.1253
65.1253
65.1253
65.1253
65.1253
65.1253
65.1253
65.1253
65.1253
65.1253
65.1253
65.1253
65.1253
65.1253
65.1253
65.1253
65.1253
65.1253
65.1253
65.1253
65.1253
65.1253
65.1253
65.1253
65.1253
65.1253
65.1253
65.1253
65.1253
65.1253
65.1253
65.1253
65.1253
65.1253
65.1253
65.1253
65.1253
65.1253
65.1253
65.1253
65.1253
65.1253
65.1253
65.1253
65.1253
65.1253
65.1253
65.1253
65.1253
65.1253
65.1253
65.1253
65.1253
65.1253
65.1253
65.1253
65.1253
65.1253
65.1253
65.1253
65.1253
65.1253
65.1253
65.1253
65.1253
65.1253
65.1253
65.1253
65.1253
65.1253
65.1253
65.1253
65.1253
65.1253
65.1253
65.1253
65.1253
65.1253
65.1253
65.1253
65.1253
65.1253
65.1253
65.1253
65.1253
65.1253
65.1253
65.1253
65.1253
65.1253
65.1253
65.1253
65.1253
65.1253
65.1253
65.1253
65.1253
65.1253
65.1253
65.1253
65.1253
65.1253
65.1253
65.1253
65.1253
65.1253
65.1253
65.1253
65.1253
65.1253
65.1253
65.1253
65.1253
65.1253
65.1253
65.1253
65.1253
65.1253
65.1253
65.1253
65.1253
65.1253
65.1253
65.1253
65.1253
65.1253
65.1253
65.1253
65.1253
65.1253
65.1253
65.1253
65.1253
65.1253
65.1253
65.1253
65.1253
65.1253
65.1253
65.1253
65.1253
65.1253
65.1253
65.1253
65.1253
65.1253
65.1253
65.1253
65.1253
65.1253
65.1253
65.1253
65.1253
65.1253
65.1253
65.1253
65.1253
65.1253
65.1253
65.1253
65.1253
65.1253
65.1253
65.1253
65.1253
65.1253
65.1253
65.1253
65.1253
65.1253
65.1253
65.1253
65.1253
65.1253
65.1253
65.1253
65.1253
65.1253
65.1253
65.1253
65.1253
65.1253
65.1253
65.1253
65.1253
65.1253
65.1253
65.1253
65.1253
65.1253
65.1253
65.1253
65.1253
65.1253
65.1253
65.1253
65.1253
65.1253
65.1253
65.1253
65.1253
65.1253
65.1253
65.1253
65.1253
65.1253
65.1253
65.1253
65.1253
65.1253
65.1253
65.1253
65.1253
65.1253
65.1253
65.1253
65.1253
65.1253
65.1253
65.1253
65.1253
65.1253
65.1253
65.1253
65.1253
65.1253
65.1253
65.1253
65.1253
65.1253
65.1253
65.1253
65.1253
65.1253
65.1253
65.1253
65.1253
65.1253
65.1253
65.1253
65.1253
65.1253
65.1253
65.1253
65.1253
65.1253
65.1253
65.1253
65.1253
65.1253
65.1253
65.1253
65.1253
65.1253
65.1253
65.1253
65.1253
65.1253
65.1253
65.1253
65.1253
65.1253
65.1253
65.1253
65.1253
65.1253
65.1253
65.1253
65.1253
65.1253
65.1253
65.1253
65.1253
65.1253
65.1253
65.1253
65.1253
65.1253
65.1253
65.1253
65.1253
65.1253
65.1253
65.1253
65.1253
65.1253
65.1253
65.1253
65.1253
65.1253
65.1253
65.1253
65.1253
65.1253
65.1253
65.1253
65.1253
65.1253
65.1253
65.1253
65.1253
65.1253
65.1253
65.1253
65.1253
65.1253
65.1253
65.1253
65.1253
65.1253
65.1253
65.1253
65.1253
65.1253
65.1253
65.1253
65.1253
65.1253
65.1253
65.1253
65.1253
65.1253
65.1253
65.1253
65.1253
65.1253
65.1253
65.1253
65.1253
65.1253
65.1253
65.1253
65.1253
65.1253
65.1253
65.1253
65.1253
65.1253
65.1253
65.1253
65.1253
65.1253
65.1253
65.1253
65.1253
65.1253
65.1253
65.1253
65.1253
65.1253
65.1253
65.1253
65.1253
65.1253
65.1253
65.1253
65.1253
65.1253
65.1253
65.1253
65.1253
65.1253
65.1253
65.1253
65.1253
65.1253
65.1253
65.1253
65.1253
65.1253
65.1253
65.1253
65.1253
65.1253
65.1253
65.1253
65.1253
65.1253
65.1253
65.1253
65.1253
65.1253
65.1253
65.1253
65.1253
65.1253
65.1253
65.1253
65.1253
65.1253
65.1253
65.1253
65.1253
65.1253
65.1253
65.1253
65.1253
65.1253
65.1253
65.1253
65.1253
65.1253
65.1253
65.1253
65.1253
65.1253
65.1253
65.1253
65.1253
65.1253
65.1253
65.1253
65.1253
65.1253
65.1253
65.1253
65.1253
65.1253
65.1253
65.1253
65.1253
65.1253
65.1253
65.1253
65.1253
65.1253
65.1253
65.1253
65.1253
65.1253
65.1253
65.1253
65.1253
65.1253
65.1253
65.1253
65.1253
65.1253
65.1253
65.1253
65.1253
65.1253
65.1253
65.1253
65.1253
65.1253
65.1253
65.1253
65.1253
65.1253
65.1253
65.1253
65.1253
65.1253
65.1253
65.1253
65.1253
65.1253
65.1253
65.1253
65.1253
65.1253
65.1253
65.1253
65.1253
65.1253
65.1253
65.1253
65.1253
65.1253
65.1253
65.1253
65.1253
65.1253
65.1253
65.1253
65.1253
65.1253
65.1253
65.1253
65.1253
65.1253
65.1253
65.1253
65.1253
65.1253
65.1253
65.1253
65.1253
65.1253
65.1253
65.1253
65.1253
65.1253
65.1253
65.1253
65.1253
65.1253
65.1253
65.1253
65.1253
65.1253
65.1253
65.1253
65.1253
65.1253
65.1253
65.1253
65.1253
65.1253
65.1253
65.1253
65.1253
65.1253
65.1253
65.1253
65.1253
65.1253
65.1253
65.1253
65.1253
65.1253
65.1253
65.1253
65.1253
65.1253
65.1253
65.1253
65.1253
65.1253
65.1253
65.1253
65.1253
65.1253
65.1253
65.1253
65.1253
65.1253
65.1253
65.1253
65.1253
65.1253
65.1253
65.1253
65.1253
65.1253
65.1253
65.1253
65.1253
65.1253
65.1253
65.1253
65.1253
65.1253
65.1253
65.1253
65.1253
65.1253
65.1253
65.1253
65.1253
65.1253
65.1253
65.1253
65.1253
65.1253
65.1253
65.1253
65.1253
65.1253
65.1253
65.1253
65.1253
65.1253
65.1253
65.1253
65.1253
65.1253
65.1253
65.1253
65.1253
65.1253
65.1253
65.1253
65.1253
65.1253
65.1253
65.1253
65.1253
65.1253
65.1253
65.1253
65.1253
65.1253
65.1253
65.1253
65.1253
65.1253
65.1253
65.1253
65.1253
65.1253
65.1253
65.1253
65.1253
65.1253
65.1253
65.1253
65.1253
65.1253
65.1253
65.1253
65.1253
65.1253
65.1253
65.1253
65.1253
65.1253
65.1253
65.1253
65.1253
65.1253
65.1253
65.1253
65.1253
65.1253
65.1253
65.1253
65.1253
65.1253
65.1253
65.1253
65.1253
65.1253
65.1253
65.1253
65.1253
65.1253
65.1253
65.1253
65.1253
65.1253
65.1253
65.1253
65.1253
65.1253
65.1253
65.1253
65.1253
65.1253
65.1253
65.1253
65.1253
65.1253
65.1253
65.1253
65.1253
65.1253
65.1253
65.1253
65.1253
65.1253
65.1253
65.1253
65.1253
65.1253
65.1253
65.1253
65.1253
65.1253
65.1253
65.1253
65.1253
65.1253
65.1253
65.1253
65.1253
65.1253
65.1253
65.1253
65.1253
65.1253
65.1253
65.1253
65.1253
65.1253
65.1253
65.1253
65.1253
65.1253
65.1253
65.1253
65.1253
65.1253
65.1253
65.1253
65.1253
65.1253
65.1253
65.1253
65.1253
65.1253
65.1253
65.1253
65.1253
65.1253
65.1253
65.1253
65.1253
65.1253
65.1253
65.1253
65.1253
65.1253
65.1253
65.1253
65.1253
65.1253
65.1253
65.1253
65.1253
65.1253
65.1253
65.1253
65.1253
65.1253
65.1253
65.1253
65.1253
65.1253
65.1253
65.1253
