444.404
435.53
423.999
423.599
423.189
420.706
418.219
408.497
400.96
396.034
389.114
384.728
380.632
370.079
370.079
364.85
364.85
360.789
358.767
356.494
355.756
352.87
341.069
340.926
334.169
334.169
333.537
330.174
328.934
327.308
323.323
316.069
316.069
315.944
314.744
313.103
312.714
307.523
303.367
303.273
297.054
297.054
297.054
295.47
292.557
292.368
289.682
289.682
286.676
286.676
282.524
282.524
282.108
282.108
280.455
280
280
278.609
272.096
272.096
272.096
271.145
266.717
266.717
266.717
265.943
264.773
263.644
263.317
262.864
260.355
258.031
256.524
253.603
253.603
252.962
239.593
239.593
239.593
239.555
235.363
235.363
233.502
230.246
230.246
229.205
224.594
224.594
224.594
224.594
224.594
224.524
218.226
218.074
218.074
218.074
218.074
211.365
211.365
209.445
209.445
209.445
209.394
209.17
207.546
207.546
207.546
206.058
205.717
205.426
205.382
204.305
204.269
204.193
204.193
203.709
200.987
200.3
199.831
197.3
197.3
196.591
196.568
195.145
195.145
195.145
194.284
194.146
192.944
192.944
192.944
191.267
191.267
190.773
189.952
189.227
187.986
187.298
186.046
186.046
184.959
184.959
184.464
184.464
179.798
179.798
179.798
177.746
177.746
177.123
177.123
176.304
173.699
173.699
173.699
172.239
172.239
172.239
171.315
171.315
171.315
170.551
170.161
170.161
169.987
168.568
168.568
168.568
168.568
162.758
162.758
162.758
162.457
162.272
162.205
162.202
161.468
161.468
161.318
160.101
160.101
159.853
159.853
158.765
158.765
157.253
157.253
156.382
155.829
155.829
155.829
155.07
155.07
155.07
154.453
154.453
153.854
153.286
153.286
152.164
152.164
152.164
152.164
150.985
150.985
150.985
150.985
150.453
150.453
150.453
150.332
150.332
149.255
149.255
149.255
149.255
149.255
147.874
147.874
147.65
147.65
147.65
147.568
147.096
147.096
147.096
147.018
147.018
144.974
144.974
144.974
144.436
144.436
144.057
144.057
143.794
143.693
143.693
143.474
143.474
143.474
143.094
142.597
142.125
142.125
142.125
142.125
141.379
140.983
140.983
140.983
140.302
138.927
138.03
137.5
137.5
136.412
136.412
136.412
136.378
136.378
136.378
136.257
133.578
133.578
133.476
133.476
133.476
133.476
133.476
133.476
133.203
133.203
133.203
132.706
132.706
132.706
132.706
132.706
132.706
132.706
132.706
132.706
132.706
132.706
132.706
132.677
132.622
132.622
132.153
132.153
131.353
131.353
131.353
130.353
130.353
129.264
129.264
129.264
128.343
128.343
128.343
126.743
126.743
126.743
126.743
126.141
126.141
125.393
125.393
123.237
123.237
123.237
122.816
122.816
120.872
120.727
120.727
120.727
120.727
120.727
119.865
119.865
119.865
119.865
119.507
119.095
118.765
118.765
118.765
118.765
118.765
118.659
118.659
118.659
118.659
117.868
117.868
117.774
116.697
116.697
116.697
116.697
116.697
115.906
114.327
114.327
114.021
114.021
114.021
114.021
114.021
114.021
113.777
113.777
113.757
113.435
113.421
113.421
113.421
112.688
112.603
112.603
112.603
112.603
112.603
112.603
111.302
111.302
110.382
110.382
110.119
110.119
110.119
109.912
109.912
109.559
109.559
109.559
109.559
109.559
109.336
109.336
109.336
109.336
109.336
108.453
108.453
108.453
108.453
107.75
106.842
106.842
106.842
106.842
106.796
106.07
106.07
106.07
106.07
106.07
106.07
106.07
106.015
105.993
105.991
104.764
104.719
104.719
104.709
104.709
104.709
104.709
104.709
103.631
103.631
103.631
103.607
102.794
102.794
102.794
102.644
102.644
102.644
102.644
102.567
102.567
101.46
101.46
101.46
101.399
100.636
100.636
100.636
100.626
100.626
100.626
100.626
100.626
100.626
100.626
100.626
100.626
100.626
100.626
100.626
100.626
100.626
100.315
99.4064
99.4064
99.4064
99.3497
99.3497
99.3497
99.3497
99.3497
99.1018
99.1018
99.1018
98.6464
98.6464
98.6464
98.6464
98.6464
98.6464
98.485
98.485
98.485
98.485
98.485
98.485
98.485
98.485
97.7455
97.7455
97.7455
97.7455
97.7455
97.7455
97.7455
97.2959
97.2959
97.2959
97.2959
97.2959
97.2959
97.2959
97.2959
97.2959
97.2959
97.2959
97.2959
97.2959
97.2959
97.2959
97.2959
97.2959
97.2959
97.2959
96.6971
96.6971
96.6971
96.6971
96.6971
96.6971
96.6971
96.6971
96.6362
96.6362
96.6362
96.6362
96.6362
96.6362
96.6362
96.3865
96.3865
96.3865
96.3865
95.8523
95.8523
95.8523
95.8523
95.8523
95.8523
95.8523
95.8523
95.8523
95.8523
95.8523
95.6889
95.6889
95.2261
95.2261
95.2261
95.2261
95.1602
95.1602
95.1602
95.1602
95.093
95.093
95.093
94.6089
94.6089
94.0318
94.0318
94.0318
93.4805
93.4805
93.4805
93.4281
93.1258
93.1258
93.1258
93.1258
93.1258
93.1258
93.1258
93.1258
93.0543
92.3962
92.3962
92.3962
92.3962
92.3962
92.3962
92.3962
92.3962
92.3962
92.3962
92.3962
91.5945
91.5945
91.5945
91.5945
91.5945
91.5945
91.5272
91.5272
91.5272
91.5272
91.5133
91.5133
91.5133
91.5133
91.5133
91.4433
91.4433
91.4293
91.4293
91.3824
91.3824
91.3824
91.3824
91.3824
91.3824
91.3684
91.3684
91.3684
91.3684
91.3684
91.3684
91.3684
91.3684
91.3684
91.2915
91.2915
91.2915
91.2915
91.2915
91.2915
91.2915
91.2915
91.2915
91.2915
91.2915
91.2915
91.2915
91.2915
91.2915
91.2915
91.2915
91.2915
91.2915
91.2734
91.2734
91.2734
91.2734
91.2734
91.2734
91.2734
91.2734
91.2734
91.2734
91.2734
91.2734
91.2734
91.2734
91.2734
91.1321
91.1321
91.1321
91.1321
91.1321
91.1321
91.1321
91.1321
91.1321
91.1321
91.1321
91.1321
90.7326
90.7326
90.7326
90.7326
90.7326
90.7326
90.5521
90.5521
90.5521
90.5521
90.143
90.143
90.143
90.143
90.143
90.143
90.143
90.143
90.143
90.143
90.143
90.143
90.143
90.143
90.143
90.143
90.143
90.143
90.143
90.143
90.143
90.143
90.143
90.143
90.143
90.143
90.143
90.143
90.143
90.143
90.1288
90.1288
90.1288
90.1288
89.9215
89.9215
89.476
89.476
89.476
89.4059
89.4059
89.4059
89.4059
89.4059
89.4059
89.4059
89.4059
89.1732
89.1732
88.4143
88.4143
88.4143
88.4143
88.4143
88.3235
88.3235
88.3235
88.3235
88.3235
88.185
88.185
88.185
88.185
88.185
88.185
88.185
88.185
88.185
88.0045
88.0045
88.0045
88.0045
88.0045
88.0045
88.0045
87.9182
87.6822
87.6822
87.5959
87.5959
87.5959
87.5959
87.5959
87.5959
87.5959
87.5959
87.5959
87.5959
83.7005
83.7005
83.7005
83.7005
83.7005
83.7005
83.6877
83.6877
83.5805
83.5805
83.5805
83.5805
83.5805
83.5805
83.5805
83.5805
83.5805
83.5805
83.2804
83.2804
83.2804
83.2804
83.2804
83.0477
83.0477
83.0477
83.0477
83.0477
83.0477
83.0477
83.0477
83.0477
83.0477
83.0477
83.0477
83.0477
83.0477
83.0477
83.0477
83.0477
83.0477
83.0477
83.0477
83.0477
83.0477
83.0477
83.0477
83.0477
83.0477
83.0477
83.0477
83.0477
83.0477
83.0477
83.0477
83.0477
83.0477
83.0477
83.0477
83.0477
82.4273
82.4273
82.4273
82.4273
82.4273
82.4273
82.4273
82.4273
82.4273
82.4273
82.4273
82.4273
82.4273
82.4273
82.4273
82.4273
82.4273
82.4273
82.2831
82.2831
82.2831
82.2831
82.2831
82.1652
82.1652
82.1652
81.4923
81.4923
81.4923
81.4923
81.4923
81.4923
81.4923
81.4923
81.4923
81.4923
81.4923
81.4923
81.4923
81.4923
81.4923
81.4845
81.4845
81.4845
81.4633
81.4633
81.4633
81.4633
81.1542
81.1542
81.1542
81.1542
81.0152
81.0152
81.0152
81.0152
80.7642
80.7642
80.7642
80.7642
80.7642
80.7642
80.7642
80.7642
80.7642
80.6816
80.6816
80.6816
80.6816
80.6816
80.6816
80.6816
80.6816
80.6816
80.6816
80.6816
80.6816
80.6816
79.855
79.855
79.855
79.855
79.855
79.855
79.855
79.5277
79.5277
79.5277
79.5277
79.5277
79.5277
79.5277
79.5277
79.5277
79.5277
79.5277
79.5277
79.5277
79.5277
79.5277
79.5277
79.5277
79.5277
79.5277
79.5277
79.5277
79.5277
79.5277
79.5277
79.5277
78.6423
78.6423
78.6423
78.6423
78.6423
78.6423
78.6423
78.5552
78.5552
78.5552
78.5552
78.5552
78.5552
78.5552
78.5552
78.5552
78.5552
78.5552
78.5475
78.5475
78.5475
78.5475
78.5475
78.5475
78.5475
78.5475
78.5475
78.5475
78.5475
78.5475
78.5475
78.5475
78.5475
78.5475
78.5475
78.5475
77.9802
77.9802
77.9802
77.9802
77.9802
77.9802
77.9802
77.9802
77.9802
77.9802
77.9802
77.9802
77.9802
77.9802
77.9802
77.9802
77.9802
77.9802
77.9802
77.9802
77.9802
77.9802
77.9802
77.9802
77.9802
77.9802
77.9802
77.9802
77.9802
77.9802
77.9802
77.9802
77.9802
77.9802
77.9802
77.9802
77.9802
77.9802
77.6652
77.6652
77.6652
77.6652
77.6652
77.6652
77.6652
77.6652
77.6652
77.6652
77.6652
77.6652
77.6652
77.6652
77.6652
77.6652
77.6652
77.6652
77.6652
77.6652
77.6652
77.6652
77.6652
77.6652
77.6652
77.6652
77.6652
77.6652
77.6652
77.6652
77.6652
77.6652
77.6652
77.6652
77.6652
77.6652
77.6652
77.6652
77.6652
77.6652
77.6652
77.6652
77.6652
77.6652
77.6652
77.6652
77.6652
77.6652
77.6652
77.6652
77.6652
77.6652
77.6652
77.6652
77.6652
77.6652
77.6652
77.6652
77.6652
77.6652
77.6652
77.6652
77.6652
77.6652
77.6652
77.6652
77.6652
77.6652
77.6652
77.6652
77.6652
77.6652
77.6652
77.4005
77.4005
77.4005
77.4005
77.4005
77.4005
77.4005
77.4005
77.4005
77.4005
77.4005
77.4005
77.4005
77.4005
77.4005
77.4005
77.4005
77.4005
77.4005
77.4005
77.4005
77.4005
77.4005
77.4005
77.4005
77.4005
77.4005
77.1713
77.1713
77.1713
77.1713
77.1713
77.1713
77.1713
77.1713
77.1713
77.1713
77.1713
77.1713
77.1713
77.0865
77.0865
77.0865
77.0865
77.0865
77.0865
77.0865
77.0865
77.0865
77.0865
77.0865
77.0865
77.0865
77.0865
77.0865
77.0865
77.0865
77.0865
77.0865
77.0865
77.0865
77.0865
77.0865
77.0865
77.0865
77.0865
77.0865
77.0865
77.0865
77.0865
77.0865
77.0865
77.0865
76.806
75.846
75.846
75.846
75.846
75.846
75.846
75.846
75.846
75.846
75.846
75.846
75.846
75.846
75.846
75.846
75.846
75.846
75.846
75.846
75.846
75.846
75.846
75.846
75.846
75.846
75.846
75.3027
75.3027
75.3027
75.3027
75.3027
75.3027
75.3027
75.3027
75.3027
75.3027
75.3027
75.3027
75.3027
75.3027
75.3027
75.3027
75.3027
75.3027
75.3027
75.3027
75.3027
75.3027
75.3027
75.3027
75.3027
75.3027
75.3027
75.3027
75.3027
75.3027
75.3027
75.3027
75.3027
75.3027
75.3027
75.3027
75.3027
75.1783
75.1783
75.1783
75.1783
75.1783
75.1783
75.1783
75.1783
75.1783
75.1783
75.1783
75.1783
75.1783
75.1783
75.1783
75.1783
75.1783
75.1783
75.1783
75.1783
75.1783
75.1783
74.7536
74.7536
74.7536
74.7536
74.7536
74.7536
74.7536
74.7536
74.7536
74.7536
74.7536
74.7536
74.7536
74.7536
74.7536
74.7536
74.7536
74.7536
74.7536
74.7536
74.7536
74.7536
74.7536
74.7536
74.7536
74.7536
74.7536
74.4441
74.4441
74.4441
74.4441
74.4441
74.4441
74.4441
74.4441
74.4441
74.4441
74.4441
74.4441
74.1211
74.1211
74.1211
74.1211
74.1211
74.1211
74.1211
74.1211
74.1211
74.1211
74.1211
74.1211
74.1211
74.1211
74.1211
74.1211
74.1211
74.1211
74.1211
74.1211
74.1211
74.1211
74.1211
74.1211
73.7905
73.7905
73.7905
73.7905
73.7905
73.7905
73.7905
73.7905
73.7905
73.7905
73.7905
73.7905
73.7905
73.7905
73.7905
73.7905
73.7905
73.7905
73.7905
73.7905
73.7905
73.7905
73.7905
73.7905
73.7905
73.7905
73.7905
73.7905
73.7905
73.7905
73.7905
73.7905
73.7905
73.7905
73.7905
73.7905
73.7905
73.7905
73.7905
73.7905
73.7905
73.7905
73.7905
73.7905
73.7905
73.7905
73.7905
73.7905
73.7905
73.7905
73.7905
73.7905
73.7905
73.7905
73.7905
73.7905
73.7905
73.7905
73.7905
73.7905
73.7905
73.7905
73.7905
73.7905
73.7905
73.7905
73.7905
73.7905
73.7905
73.7905
73.7905
73.7905
73.7905
73.7905
73.7905
73.7905
73.7905
73.7905
73.7905
73.7905
73.7905
73.7905
73.7905
73.7905
73.7905
73.7905
73.7905
73.7905
73.7905
73.7905
73.7905
73.7905
73.7905
73.7905
73.7905
73.7905
73.7905
73.7905
73.7905
73.7905
73.7905
73.7905
73.7905
73.7905
73.7905
73.7905
73.7905
73.7905
73.7905
73.7905
73.7905
73.7905
73.7905
73.7905
73.7905
73.7905
73.7905
73.7905
73.7905
73.7905
73.7905
73.7905
73.7905
73.7905
73.7905
73.7905
73.7905
73.7905
73.7905
73.7905
73.7905
73.7905
73.7905
73.7905
73.7905
73.7905
73.7905
73.7905
73.7905
73.7905
73.7905
73.7905
73.7905
73.7905
73.7905
73.7905
73.7905
73.7905
73.7905
73.7905
73.7905
73.7905
73.7905
73.7905
73.7905
73.7905
73.7905
73.7905
73.5252
73.5252
73.5252
73.5252
73.5252
73.5252
73.5252
73.5252
73.5252
73.5252
73.5252
73.5252
73.5252
73.4836
73.4836
73.4836
73.4836
73.4836
73.4836
73.4836
73.4836
73.4836
73.4836
73.4836
73.4836
73.4836
73.4836
73.4836
73.4836
73.4836
73.4836
73.4836
73.4836
73.4836
73.4836
73.4836
73.4836
73.4836
73.4836
73.4836
73.4836
73.4836
73.4836
73.4836
73.4836
73.4836
73.4836
73.4836
73.4836
73.4836
73.4836
73.4836
73.4836
73.351
73.351
73.351
73.351
73.351
73.351
73.351
73.351
73.351
73.351
73.351
73.351
73.351
73.351
73.351
73.351
73.351
73.351
73.351
73.351
73.351
73.351
73.351
73.351
73.351
73.2833
73.2833
73.2833
73.2833
73.2833
73.2833
73.2833
73.2833
73.2833
73.2833
73.2833
73.2833
73.2833
73.2833
73.2833
73.2833
73.2833
73.2833
73.2833
73.2833
73.2833
73.2833
73.2833
73.2833
73.2833
73.2833
73.2833
73.04
73.04
73.04
73.04
73.04
73.04
73.04
73.04
73.04
73.04
73.04
73.04
73.04
73.04
73.04
73.04
73.04
73.04
73.04
73.04
73.04
73.04
73.04
73.04
73.04
73.04
73.04
73.04
73.04
73.04
73.04
73.04
73.04
73.04
73.04
73.04
73.04
73.04
73.04
73.04
73.04
73.04
73.04
73.04
73.04
73.04
73.04
73.04
73.04
73.04
73.04
73.04
73.04
73.04
73.04
73.04
72.8631
72.8631
72.8631
72.8631
72.8631
72.8631
72.8631
72.8631
72.8631
72.8631
72.8631
72.8631
71.9993
71.9993
71.9993
71.9993
71.9993
71.9993
71.9993
71.9993
71.9993
71.9993
71.9993
71.9993
71.9993
71.9993
71.9993
71.9993
71.9993
71.9993
71.9993
71.9993
71.9993
71.9993
71.9993
71.9993
71.9993
71.9993
71.9993
71.9993
71.9993
71.9993
71.9993
71.9993
71.9993
71.9993
71.9993
71.9993
71.9993
71.9993
71.9993
71.9993
71.9993
71.9993
71.9993
71.9993
71.9993
71.9993
71.9993
71.9993
71.9993
71.9993
71.9993
71.9993
71.9993
71.9993
71.9993
71.9993
71.9993
71.9993
71.9993
71.9993
71.9993
71.9993
71.9993
71.9993
71.9993
71.9993
71.9993
71.9993
71.9993
71.9993
71.9993
71.9993
71.9993
71.9993
71.9993
71.9993
71.9993
71.9993
71.9993
71.9993
71.9993
71.9993
71.9993
71.9993
71.9993
71.9993
71.9993
71.9993
71.9993
71.9993
71.9993
71.9993
71.9993
71.9993
71.9993
71.9993
71.9993
71.9993
71.9993
71.9993
71.9993
71.9993
71.9993
71.9993
71.5859
71.5859
71.5859
71.5859
71.5859
71.5859
71.5859
71.5859
71.5859
71.5859
71.5859
71.5859
71.5859
71.5859
71.5859
71.0754
71.0754
71.0754
71.0754
71.0754
71.0754
71.0754
71.0754
71.0754
71.0754
71.0754
71.0754
71.0754
71.0754
71.0754
71.0754
71.0754
71.0754
71.0754
71.0754
71.0754
71.0754
71.0754
71.0754
71.0754
71.0754
71.0754
71.0754
71.0754
71.0754
71.0754
71.0754
71.0754
71.0754
71.0754
71.0754
71.0754
71.0754
71.0754
71.0754
71.0754
71.0754
71.0754
71.0754
71.0754
71.0754
71.0754
71.0754
71.0754
71.0754
71.0754
71.0754
71.0754
71.0754
71.0754
71.0754
71.0754
71.0754
70.491
70.491
70.491
70.491
70.491
70.491
70.491
70.491
70.491
70.491
70.491
70.491
70.491
70.491
70.491
70.491
70.491
70.491
70.491
70.491
70.491
70.491
70.491
70.491
70.491
70.491
70.491
70.491
70.491
70.491
70.491
70.491
70.491
70.491
70.491
70.491
70.491
70.491
70.491
70.491
70.491
70.491
70.491
70.491
70.491
70.491
70.491
70.491
70.491
70.491
70.491
70.491
70.491
70.491
70.491
70.491
70.491
70.491
70.491
70.491
70.491
70.491
70.491
70.491
70.491
70.491
70.491
70.491
70.491
70.491
70.491
70.491
70.491
70.491
70.491
70.491
70.491
70.491
70.491
70.491
70.491
70.491
70.491
70.491
70.0281
70.0281
70.0281
70.0281
70.0281
70.0281
70.0281
70.0281
70.0281
70.0281
70.0281
70.0281
70.0281
70.0281
70.0281
70.0281
70.0281
70.0281
70.0281
70.0281
70.0281
70.0281
70.0281
70.0281
70.0281
70.0281
70.0281
70.0281
70.0281
70.0281
70.0281
70.0281
70.0281
70.0281
70.0281
70.0281
70.0281
70.0281
70.0281
70.0281
70.0281
70.0281
70.0281
70.0281
70.0281
70.0281
70.0281
70.0281
70.0281
70.0281
70.0281
70.0281
70.0281
70.0281
70.0281
70.0281
70.0281
70.0281
70.0281
70.0281
70.0281
70.0281
70.0281
70.0281
70.0281
70.0281
70.0281
70.0281
70.0281
70.0281
70.0281
70.0281
70.0281
70.0281
70.0281
70.0281
70.0281
70.0281
69.4237
69.4237
69.4237
69.4237
69.4237
69.4237
69.4237
69.4237
69.4237
69.4237
69.4237
69.4237
69.4237
69.4237
69.4237
69.4237
69.4237
69.4237
69.4237
69.4237
69.4237
69.4237
69.4237
69.4237
69.4237
69.4237
69.4237
69.4237
69.4237
69.4237
69.4237
69.4237
69.4237
69.2628
69.2628
69.2628
69.2628
69.2628
69.2628
69.2628
69.2628
69.2628
69.2628
69.2628
69.2628
69.2628
69.2628
69.2628
69.2628
69.2628
69.2628
69.2628
68.9472
68.9472
68.9472
68.9472
68.9472
68.9472
68.9472
68.9472
68.9472
68.9472
68.9472
68.9472
68.9472
68.9472
68.9472
68.9472
68.9472
68.9472
68.9472
68.9472
68.9472
68.9472
68.9472
68.9472
68.9472
68.9472
68.9472
68.9472
68.9472
68.9472
68.9472
68.9472
68.9472
68.9472
68.9472
68.9472
68.9472
68.9472
68.9472
68.9472
68.9472
68.9472
68.9472
68.9472
68.9472
68.9472
68.9472
68.9472
68.9472
68.9472
68.9472
68.9472
68.9472
68.9472
68.9472
68.9472
68.9472
68.9472
68.9472
68.9472
68.9472
68.9472
68.9472
68.9472
68.9472
68.9472
68.9472
68.9472
68.9472
68.9472
68.9472
68.9472
68.9472
68.9472
68.9472
68.9472
68.9472
68.9472
68.9472
68.9472
68.9472
68.9472
68.9472
68.9472
68.9472
68.9472
68.9472
68.9472
68.9472
68.9472
68.9472
68.9472
68.9472
68.9472
68.9472
68.9472
68.9472
68.9472
68.9472
68.9472
68.9472
68.9472
68.9472
68.9472
68.9472
68.9472
68.9472
68.9472
68.9472
68.9472
68.9472
68.9472
68.9472
68.9472
68.9472
68.9472
68.9472
68.9472
68.9472
68.9472
68.9472
68.9472
68.9472
68.9472
68.9472
68.9472
68.9472
68.9472
68.9472
68.9472
68.9472
68.9472
68.9472
68.9472
68.9472
68.9472
68.9472
68.9472
68.9472
68.9472
68.9472
68.9472
68.9472
68.9472
68.9472
68.9472
68.9472
68.9472
68.9472
68.9472
68.9472
68.9472
68.9472
68.9472
68.9472
68.9472
68.9472
68.9472
68.9472
68.9472
68.9472
68.9472
68.9472
68.9472
68.9087
68.9087
68.9087
68.9087
68.9087
68.9087
68.9087
68.9087
68.9087
68.9087
68.9087
68.9087
68.9087
68.9087
68.9087
68.9087
68.9087
68.9087
68.9087
68.9087
68.9087
68.9087
68.9087
68.9087
68.9087
68.9087
68.9087
68.9087
68.9087
68.9087
68.9087
68.9087
68.9087
68.9087
68.9087
68.9087
68.9087
68.9087
68.9087
68.9087
68.9087
68.9087
68.9087
68.9087
68.9087
68.9087
68.9087
68.9087
68.9087
68.9087
68.9087
68.9087
68.9087
68.9087
68.9087
68.9087
68.9087
68.9087
68.9087
68.9087
68.9087
68.9087
68.9087
68.9087
68.9087
68.9087
68.9087
68.9087
68.9087
68.9087
68.9087
68.9087
68.9087
68.9087
68.9087
68.9087
68.9087
68.9087
68.9087
68.9087
68.9087
68.9087
68.9087
68.9087
68.9087
68.9087
68.9087
68.9087
68.9087
68.9087
68.9087
68.9087
68.9087
68.9087
68.9087
68.9087
68.9087
68.9087
68.9087
68.9087
68.9087
68.9087
68.9087
68.9087
68.9087
68.9087
68.9087
68.9087
68.9087
68.9087
68.9087
68.9087
68.9087
68.9087
68.9087
68.9087
68.9087
68.9087
68.9087
68.9087
68.9087
68.9087
68.9087
68.9087
68.9087
68.9087
68.9087
68.9087
68.9087
68.9087
68.9087
68.9087
68.9087
68.9087
68.9087
68.9087
68.9087
68.9087
68.9087
68.9087
68.9087
68.9087
68.9087
68.9087
68.9087
68.9087
68.9087
68.9087
68.9087
68.9087
68.9087
68.9087
68.9087
68.9087
68.9087
68.9087
68.9087
68.9087
68.9087
68.9087
68.9087
68.9087
68.9087
68.9087
68.9087
68.9087
68.9087
68.9087
68.9087
68.9087
68.9087
68.9087
68.9087
68.9087
68.9087
68.9087
68.9087
68.9087
68.9087
68.9087
68.9087
68.9087
68.9087
68.9087
68.9087
68.9087
68.9087
68.9087
68.9087
68.9087
68.9087
68.9087
68.9087
68.9087
68.9087
68.9087
68.9087
68.9087
68.9087
68.9087
68.9087
68.9087
68.9087
68.9087
68.9087
68.9087
68.9087
68.9087
68.9087
68.9087
68.9087
68.9087
68.9087
68.9087
68.9087
68.9087
68.9087
68.9087
68.9087
68.9087
68.9087
68.9087
68.9087
68.9087
68.9087
68.9087
68.9087
68.9087
68.9087
68.9087
68.9087
68.9087
68.9087
68.9087
68.9087
68.9087
68.9087
68.9087
68.9087
68.9087
68.9087
68.9087
68.9087
68.9087
68.9087
68.9087
68.9087
68.9087
68.9087
68.9087
68.9087
68.9087
68.9087
68.9087
68.9087
68.9087
68.9087
68.9087
68.9087
68.9087
68.9087
68.9087
68.9087
68.9087
68.9087
68.9087
68.9087
68.9087
68.9087
68.9087
68.9087
68.9087
68.9087
68.9087
68.9087
68.9087
68.9087
68.9087
68.9087
68.9087
68.9087
68.9087
68.9087
68.9087
68.9087
68.9087
68.9087
68.9087
68.9087
68.9087
68.9087
68.9087
68.9087
68.9087
68.9087
68.9087
68.9087
68.9087
68.9087
68.9087
68.9087
68.9087
68.9087
68.9087
68.9087
68.9087
68.9087
68.9087
68.9087
68.9087
68.9087
68.9087
68.9087
68.9087
68.9087
68.9087
68.9087
68.9087
68.9087
68.9087
68.9087
68.9087
68.9087
68.9087
68.9087
68.2
68.2
68.2
68.2
68.2
68.2
68.2
68.2
68.2
68.2
68.2
68.2
68.2
68.2
68.2
68.2
68.2
68.2
68.2
68.2
68.2
68.2
68.2
68.2
68.2
68.2
68.2
68.2
68.2
68.2
68.2
68.2
68.2
68.2
68.2
68.2
68.2
68.2
68.2
68.2
68.2
68.2
68.2
68.2
68.2
68.2
68.2
68.2
68.2
68.2
68.2
68.2
68.2
68.2
68.2
68.2
68.2
67.7056
67.7056
67.7056
67.7056
67.7056
67.7056
67.7056
67.482
67.482
67.482
67.482
67.482
67.482
67.482
67.482
67.482
67.482
67.482
67.482
67.482
67.482
67.482
67.482
67.482
67.482
67.482
67.482
67.482
67.482
67.482
67.482
67.482
67.482
67.482
67.482
67.482
67.482
67.482
67.482
67.482
67.482
67.482
67.482
67.482
67.482
67.482
67.482
67.482
67.482
67.482
67.482
67.482
67.482
67.482
67.482
67.482
67.482
67.482
67.482
67.482
67.482
67.482
67.482
67.482
67.482
67.482
67.482
67.482
67.482
67.482
67.482
67.482
67.482
67.482
67.482
67.482
67.482
67.482
67.482
67.482
67.482
67.482
67.482
67.482
67.482
67.482
67.482
67.482
67.482
67.482
67.482
67.482
67.482
67.482
67.482
67.482
67.482
67.482
67.482
67.482
67.482
67.482
67.482
67.482
67.482
67.482
67.482
67.482
67.482
67.482
67.482
67.482
67.482
67.482
67.482
67.482
67.482
67.482
67.482
67.482
67.482
67.482
67.482
67.482
67.482
67.482
67.482
67.482
67.482
67.482
67.482
67.482
67.482
67.482
67.482
67.482
67.482
67.482
67.482
67.482
67.482
67.482
67.482
67.482
67.482
67.482
67.482
67.482
67.482
67.482
67.482
67.482
67.482
67.482
67.482
67.482
67.482
67.482
67.482
67.482
67.482
67.482
67.482
67.482
67.482
67.482
67.482
67.482
67.482
67.482
67.482
67.482
67.482
67.482
67.482
67.482
67.482
67.482
67.482
67.482
67.482
67.482
67.482
67.482
67.482
67.482
67.482
67.482
67.482
67.482
67.482
67.482
67.482
67.482
67.482
67.482
67.482
67.482
67.482
67.482
67.482
67.482
67.482
67.482
67.482
67.482
67.482
67.482
67.482
67.482
67.482
67.482
67.482
67.482
67.482
67.482
67.482
67.482
67.482
67.482
67.482
67.482
67.482
67.482
67.482
67.482
67.482
67.482
67.482
67.482
67.482
67.482
67.482
67.482
67.482
67.482
67.482
67.482
67.482
67.482
67.482
67.482
67.482
67.482
67.482
67.482
67.482
67.482
67.482
67.482
67.482
67.482
67.482
67.482
67.482
67.482
67.482
67.482
67.482
67.482
67.482
67.482
67.482
67.482
67.482
67.482
67.482
67.482
67.482
67.482
67.482
67.482
67.482
67.482
67.482
67.482
67.482
67.482
67.482
67.482
67.482
67.482
67.482
67.482
67.482
67.482
67.482
67.482
67.482
67.482
67.482
67.482
67.482
67.482
67.482
67.482
67.482
67.482
67.482
67.482
67.482
67.482
67.482
67.482
67.482
67.482
67.482
67.482
67.482
67.482
67.482
67.482
67.482
67.482
67.482
67.482
67.482
67.482
67.482
67.482
67.482
67.482
67.482
67.482
67.482
67.482
67.482
67.482
67.482
67.482
67.482
67.482
67.482
67.482
67.482
67.482
67.482
67.482
67.482
67.482
67.482
67.482
67.482
67.482
67.482
67.482
67.482
67.482
67.482
67.482
67.482
67.482
67.482
67.482
67.482
67.482
67.482
67.482
67.482
67.482
67.482
67.482
67.482
67.482
67.482
67.482
67.482
67.482
67.482
67.482
67.482
67.482
67.482
67.482
67.482
67.482
67.482
67.482
67.482
67.482
67.482
67.482
67.482
67.482
67.482
67.482
67.482
67.482
67.482
67.482
67.482
67.482
67.482
67.482
67.482
67.482
67.482
67.482
67.482
67.482
67.482
67.482
67.482
67.482
67.482
67.482
67.482
67.482
67.482
67.482
67.482
67.482
67.482
67.482
67.482
67.482
67.482
67.482
67.482
67.482
67.482
67.482
67.482
67.482
67.482
67.482
67.482
67.482
67.482
67.482
67.482
67.482
67.482
67.482
67.482
67.482
67.482
67.482
67.482
67.482
67.482
67.482
67.482
67.482
67.482
67.482
67.482
67.482
67.482
67.482
67.482
67.482
67.482
67.482
67.482
67.482
67.482
67.482
67.482
67.482
67.482
67.482
67.482
67.482
67.482
67.482
67.482
67.482
67.482
67.482
67.482
67.482
67.482
67.482
67.482
67.482
67.482
67.482
67.482
67.482
67.482
67.482
67.482
67.482
67.482
67.482
67.482
67.482
67.482
67.482
67.482
67.482
67.482
67.482
67.482
67.482
67.482
67.482
67.482
67.482
67.482
67.482
67.482
67.482
67.482
67.482
67.482
67.482
67.482
67.482
67.482
67.482
67.482
67.482
67.482
67.482
67.482
67.482
67.482
67.482
67.482
67.482
67.482
67.482
67.482
67.482
67.482
67.482
67.482
67.482
67.482
67.482
67.482
67.482
67.482
67.482
67.482
67.482
67.482
67.482
67.482
67.482
67.482
67.482
67.482
67.482
67.482
67.482
67.482
67.482
67.482
67.482
67.482
67.482
67.482
67.482
67.482
67.482
67.482
67.482
67.482
67.482
67.482
67.482
67.482
67.482
67.482
67.482
67.482
67.482
67.482
67.482
67.482
67.482
67.482
67.482
67.482
67.482
67.482
67.482
67.482
67.482
67.482
67.482
67.482
67.482
67.482
67.482
67.482
67.482
67.482
67.482
67.482
67.482
67.482
67.482
67.482
67.482
67.482
67.482
67.482
67.482
67.482
67.482
67.482
67.482
67.482
67.482
67.482
67.482
67.482
67.482
67.482
67.482
67.482
67.482
67.482
67.482
67.482
67.482
67.482
67.482
67.482
67.482
67.482
67.482
67.482
67.482
67.482
67.482
67.482
67.482
67.482
67.482
67.482
67.482
67.482
67.482
67.482
67.482
67.482
67.482
67.482
67.482
67.482
67.482
67.482
67.482
67.482
67.482
67.482
67.482
67.482
67.482
67.482
67.482
67.482
67.482
67.482
67.482
67.482
67.482
67.482
67.482
67.482
67.482
67.482
67.482
67.482
67.482
67.482
67.482
67.482
67.482
67.482
67.482
67.482
67.482
67.482
67.482
67.482
67.482
67.482
67.482
67.482
67.482
67.482
67.482
67.482
67.482
67.482
67.482
67.482
67.482
67.482
67.482
67.482
67.482
67.482
67.482
67.482
67.482
67.482
67.482
67.482
67.482
67.482
67.482
67.482
67.482
67.482
67.482
67.482
67.482
67.482
67.482
67.482
67.482
67.482
67.482
67.482
67.482
67.482
67.482
67.482
67.482
67.482
67.482
67.482
67.482
67.482
67.482
67.482
67.482
67.482
67.482
67.482
67.482
67.482
67.482
67.482
67.482
67.482
67.482
67.482
67.482
67.482
67.482
67.482
67.482
67.482
67.482
67.482
67.482
67.482
67.482
67.482
67.482
67.482
67.482
67.482
67.482
67.482
67.482
67.482
67.482
67.482
67.482
67.482
67.482
67.482
67.482
67.482
67.482
67.482
67.482
67.482
67.482
67.482
67.482
67.482
67.482
67.482
67.482
67.482
67.482
67.482
67.482
67.482
67.482
67.482
67.482
67.482
67.482
67.482
67.482
67.482
67.482
67.482
67.482
67.482
67.482
67.482
67.482
67.482
67.482
67.482
67.482
67.482
67.482
67.482
67.482
67.482
67.482
67.482
67.482
67.482
67.482
67.482
67.482
67.482
67.482
67.482
67.482
67.482
67.482
67.482
67.482
67.482
67.482
67.482
67.482
67.482
67.482
67.482
67.482
67.482
67.482
67.482
67.482
67.482
67.482
67.482
67.482
67.482
67.482
67.482
67.482
67.482
67.482
67.482
67.482
67.482
67.482
67.482
67.482
67.482
67.482
67.482
67.482
67.482
67.482
67.482
67.482
67.482
67.482
67.482
67.482
67.482
67.482
67.482
67.482
67.482
67.482
67.482
67.482
67.482
67.482
67.482
67.482
67.482
67.482
67.482
67.482
67.482
67.482
67.482
67.482
67.482
67.482
67.482
67.482
67.482
67.482
67.482
67.482
67.482
67.482
67.482
67.482
67.482
67.482
67.482
67.482
67.482
67.482
67.482
67.482
67.482
67.482
67.482
67.482
67.482
67.482
67.482
67.482
67.482
67.482
67.482
67.482
67.482
67.482
67.482
67.482
67.482
67.482
67.482
67.482
67.482
67.482
67.482
67.482
67.482
67.482
67.482
67.482
67.482
67.482
67.482
67.482
67.482
67.482
67.482
66.887
66.887
66.887
66.887
66.887
66.887
66.887
66.887
66.6968
66.6968
66.6968
66.6968
66.6968
66.6968
66.6968
66.6968
66.6968
66.6968
66.6968
66.6968
66.6968
66.6968
66.6968
66.6968
66.6877
66.6877
66.6877
66.6877
66.6877
66.6877
66.6877
66.6877
66.6877
66.6877
66.6877
66.6877
66.6877
66.6877
66.6877
66.6877
66.6877
66.6877
66.6877
66.6877
66.6877
66.6877
66.642
66.642
66.642
66.642
66.642
66.642
66.642
66.642
66.642
66.642
66.642
66.642
66.642
66.642
66.642
66.642
66.642
66.642
66.642
66.642
66.642
66.642
66.642
66.642
66.642
66.642
66.642
66.642
66.642
66.642
66.642
66.642
66.642
66.642
66.642
66.642
66.642
66.642
66.642
66.642
66.6193
66.6193
66.6193
66.6193
66.6193
66.6193
66.6193
66.6193
66.6193
66.6193
66.6193
66.6193
66.6193
66.6193
66.6193
66.6193
66.6193
66.6193
66.6193
66.6193
66.6193
66.6193
66.6193
66.6193
66.6193
66.6193
66.6193
66.6193
66.6193
66.6193
66.6193
66.6193
66.6193
66.6193
66.6193
66.6193
66.6074
66.6074
66.6074
66.6074
66.6074
66.6074
66.6074
66.6074
66.6074
66.6074
66.6074
66.6074
66.6074
66.6074
66.6074
66.0767
66.0767
66.0767
66.0767
66.0767
66.0767
66.0767
66.0767
66.0767
66.0767
66.0767
66.0767
66.0767
66.0767
66.0767
66.0767
66.0767
66.0767
66.0767
66.0767
66.0767
66.0767
66.0767
66.0767
66.0767
66.0767
66.0767
66.0767
66.0767
66.0767
66.0767
66.0767
66.0767
66.0767
66.0767
66.0767
66.0767
66.0767
66.0767
66.0767
66.0767
66.0767
66.0767
66.0767
66.0767
66.0767
66.0767
66.0767
66.0767
66.0767
66.0767
66.0767
66.0767
66.0767
66.0767
66.0767
66.0767
66.0767
66.0767
66.0767
66.0767
66.0767
66.0767
66.0767
66.0767
66.0767
66.0767
66.0767
66.0767
66.0767
66.0767
66.0767
66.0767
66.0767
66.0767
66.0767
66.0767
66.0767
66.0767
66.0767
66.0767
66.0767
66.0767
66.0767
66.0767
66.0767
66.0767
66.0767
66.0767
66.0767
66.0767
66.0767
66.0767
66.0767
66.0767
66.0767
66.0767
66.0767
66.0767
66.0767
66.0767
66.0767
66.0767
66.0767
66.0767
66.0767
66.0767
66.0767
66.0767
66.0767
66.0767
66.0767
66.0767
66.0767
66.0767
66.0767
66.0767
66.0767
66.0767
66.0767
66.0767
66.0767
66.0767
66.0767
66.0767
66.0767
66.0767
66.0767
66.0767
66.0767
66.0767
66.0767
66.0767
66.0767
66.0767
66.0767
66.0767
66.0767
66.0767
66.0767
66.0767
66.0767
66.0767
66.0767
66.0767
66.0767
66.0767
66.0767
66.0767
66.0767
66.0767
66.0767
66.0767
66.0767
66.0767
66.0767
66.0767
66.0767
66.0767
66.0767
66.0767
66.0767
66.0767
66.0767
66.0767
66.0767
66.0767
66.0767
66.0767
66.0767
66.0767
66.0767
66.0767
66.0767
66.0767
66.0767
66.0767
66.0767
66.0767
66.0767
66.0767
66.0767
66.0767
66.0767
66.0767
66.0767
66.0767
66.0767
66.0767
66.0767
66.0767
66.0767
66.0767
66.0767
66.0767
66.0767
66.0767
66.0767
66.0767
66.0767
66.0767
66.0767
66.0767
66.0767
66.0767
66.0767
66.0767
66.0767
66.0767
66.0767
66.0767
66.0767
66.0767
66.0767
66.0767
66.0767
66.0767
66.0767
66.0767
66.0767
66.0767
66.0767
66.0767
66.0767
66.0767
66.0767
66.0767
66.0767
66.0767
66.0767
66.0767
66.0767
66.0767
66.0767
66.0767
66.0767
66.0767
66.0767
66.0767
66.0767
66.0767
66.0767
66.0767
66.0767
66.0767
66.0767
66.0767
66.0767
66.0767
66.0767
66.0767
66.0767
66.0767
66.0767
66.0767
66.0767
66.0767
66.0767
66.0767
66.0767
66.0767
66.0767
66.0767
66.0767
66.0767
66.0767
66.0767
66.0767
66.0767
66.0767
66.0767
66.0767
66.0767
66.0767
66.0767
66.0767
66.0767
66.0767
66.0767
66.0767
66.0767
66.0767
66.0767
66.0767
66.0767
66.0767
66.0767
66.0767
66.0767
66.0767
66.0767
66.0767
66.0767
66.0767
66.0767
66.0767
66.0767
66.0767
66.0767
66.0767
66.0767
66.0767
66.0767
66.0767
66.0767
66.0767
66.0767
66.0767
66.0767
66.0767
66.0767
66.0767
66.0767
66.0767
66.0767
66.0767
66.0767
66.0767
66.0767
66.0767
66.0767
66.0767
66.0767
66.0767
66.0767
66.0767
66.0767
66.0767
66.0767
66.0767
66.0767
66.0767
66.0767
66.0767
66.0767
66.0767
66.0767
66.0767
66.0767
66.0767
66.0767
66.0767
66.0767
66.0767
66.0767
66.0767
66.0767
66.0767
66.0767
66.0767
66.0767
66.0767
66.0767
66.0767
66.0767
66.0767
66.0767
66.0767
66.0767
66.0767
66.0767
66.0767
66.0767
66.0767
66.0767
66.0767
66.0767
66.0767
66.0767
66.0767
66.0767
66.0767
66.0767
66.0767
66.0767
66.0767
66.0767
66.0767
66.0767
66.0767
66.0767
66.0767
66.0767
66.0767
66.0767
66.0767
66.0767
66.0767
66.0767
66.0767
66.0767
66.0767
66.0767
66.0767
66.0767
66.0767
66.0767
66.0767
66.0767
66.0767
66.0767
66.0767
66.0767
66.0767
66.0767
66.0767
66.0767
66.0767
66.0767
66.0767
66.0767
66.0767
66.0767
66.0767
66.0767
66.0767
66.0767
66.0767
66.0767
66.0767
66.0767
66.0767
66.0767
66.0767
66.0767
66.0767
66.0767
66.0767
66.0767
66.0767
66.0767
66.0767
66.0767
66.0767
66.0767
66.0767
66.0767
66.0767
66.0767
66.0767
66.0767
66.0767
66.0767
66.0767
66.0767
66.0767
66.0767
66.0767
66.0767
66.0767
66.0767
66.0767
66.0767
66.0767
66.0767
66.0767
66.0767
66.0767
66.0767
66.0767
66.0767
66.0767
66.0767
66.0767
66.0767
66.0767
66.0767
66.0767
66.0767
66.0767
66.0767
66.0767
66.0767
66.0767
66.0767
66.0767
66.0767
66.0767
66.0767
66.0767
66.0767
66.0767
66.0767
66.0767
66.0767
66.0767
66.0767
66.0767
66.0767
66.0767
66.0767
66.0767
66.0767
66.0767
66.0767
66.0767
66.0767
66.0767
66.0767
66.0767
66.0767
66.0767
66.0767
66.0767
66.0767
66.0767
66.0767
66.0767
66.0767
66.0767
66.0767
66.0767
66.0767
66.0767
66.0767
66.0767
66.0767
66.0767
66.0767
66.0767
66.0767
66.0767
66.0767
66.0767
66.0767
66.0767
66.0767
66.0767
66.0767
66.0767
66.0767
66.0767
66.0767
66.0767
66.0767
66.0767
66.0767
66.0767
66.0767
66.0767
66.0767
66.0767
66.0767
66.0767
66.0767
66.0767
66.0767
66.0767
66.0767
66.0767
66.0767
66.0767
66.0767
66.0767
66.0767
66.0767
66.0767
66.0767
66.0767
66.0767
66.0767
66.0767
66.0767
66.0767
66.0767
66.0767
66.0767
66.0767
66.0767
66.0767
66.0767
66.0767
66.0767
66.0767
66.0767
66.0767
66.0767
66.0767
66.0767
66.0767
66.0767
66.0767
66.0767
66.0767
66.0767
66.0767
66.0767
66.0767
66.0767
66.0767
66.0767
66.0767
66.0767
66.0767
66.0767
66.0767
66.0767
66.0767
66.0767
66.0767
66.0767
66.0767
66.0767
66.0767
66.0767
66.0767
66.0767
66.0767
66.0767
66.0767
66.0767
66.0767
66.0767
66.0767
66.0767
66.0767
66.0767
66.0767
66.0767
66.0767
66.0767
66.0767
66.0767
66.0767
66.0767
66.0767
66.0767
66.0767
66.0767
66.0767
66.0767
66.0767
66.0767
66.0767
66.0767
66.0767
66.0767
66.0767
66.0767
66.0767
66.0767
66.0767
66.0767
66.0767
66.0767
66.0767
66.0767
66.0767
66.0767
66.0767
66.0767
66.0767
66.0767
66.0767
66.0767
66.0767
66.0767
66.0767
66.0767
66.0767
66.0767
66.0767
66.0767
66.0767
66.0767
66.0767
66.0767
66.0767
66.0767
66.0767
66.0767
66.0767
66.0767
66.0767
66.0767
66.0767
66.0767
66.0767
66.0767
66.0767
66.0767
66.0767
66.0767
66.0767
66.0767
66.0767
66.0767
66.0767
66.0767
66.0767
66.0767
66.0767
66.0767
66.0767
66.0767
66.0767
66.0767
66.0767
66.0767
66.0767
66.0767
66.0767
66.0767
66.0767
66.0767
66.0767
66.0767
66.0767
66.0767
66.0767
66.0767
66.0767
66.0767
66.0767
66.0767
66.0767
66.0767
66.0767
66.0767
66.0767
66.0767
66.0767
66.0767
66.0767
66.0767
66.0767
66.0767
66.0767
66.0767
66.0767
66.0767
66.0767
66.0767
66.0767
66.0767
66.0767
66.0767
66.0767
66.0767
66.0767
66.0767
66.0767
66.0767
66.0767
66.0767
66.0767
66.0767
66.0767
66.0767
66.0767
66.0767
66.0767
66.0767
66.0767
66.0767
66.0767
66.0767
66.0767
66.0767
66.0767
66.0767
66.0767
66.0767
66.0767
66.0767
66.0767
66.0767
66.0767
66.0767
66.0767
66.0767
66.0767
66.0767
66.0767
66.0767
66.0767
66.0767
66.0767
66.0767
66.0767
66.0767
66.0767
66.0767
66.0767
66.0767
66.0767
66.0767
66.0767
66.0767
66.0767
66.0767
66.0767
66.0767
66.0767
66.0767
66.0767
66.0767
66.0767
66.0767
66.0767
66.0767
66.0767
66.0767
66.0767
66.0767
66.0767
66.0767
66.0767
66.0767
66.0767
66.0767
66.0767
66.0767
66.0767
66.0767
66.0767
66.0767
66.0767
66.0767
66.0767
66.0767
66.0767
66.0767
66.0767
66.0767
66.0767
66.0767
66.0767
66.0767
66.0767
66.0767
66.0767
66.0767
66.0767
66.0767
66.0767
66.0767
66.0767
66.0767
66.0767
66.0767
66.0767
66.0767
66.0767
66.0767
66.0767
66.0767
66.0767
66.0767
66.0767
66.0767
66.0767
66.0767
66.0767
66.0767
66.0767
66.0767
66.0767
66.0767
66.0767
66.0767
66.0767
66.0767
66.0767
66.0767
66.0767
66.0767
66.0767
66.0767
66.0767
66.0767
66.0767
66.0767
66.0767
66.0767
66.0767
66.0767
66.0767
66.0767
66.0767
66.0767
66.0767
66.0767
66.0767
66.0767
66.0767
66.0767
66.0767
66.0767
66.0767
66.0767
66.0767
66.0767
66.0767
66.0767
66.0767
66.0767
66.0767
66.0767
66.0767
66.0767
66.0767
66.0767
66.0767
66.0767
66.0767
66.0767
66.0767
66.0767
66.0767
66.0767
66.0767
66.0767
66.0767
66.0767
66.0767
66.0767
66.0767
66.0767
66.0767
66.0767
66.0767
66.0767
66.0767
66.0767
66.0767
66.0767
66.0767
66.0767
66.0767
66.0767
66.0767
66.0767
66.0767
66.0767
66.0767
66.0767
66.0767
66.0767
66.0767
66.0767
66.0767
66.0767
66.0767
66.0767
66.0767
66.0767
66.0767
66.0767
66.0767
66.0767
66.0767
66.0767
66.0767
66.0767
66.0767
66.0767
66.0767
66.0767
66.0767
66.0767
66.0767
66.0767
66.0767
66.0767
66.0767
66.0767
66.0767
66.0767
66.0767
66.0767
66.0767
66.0767
66.0767
66.0767
66.0767
66.0767
66.0767
66.0767
66.0767
66.0767
66.0767
66.0767
66.0767
66.0767
66.0767
66.0767
66.0767
66.0767
66.0767
66.0767
66.0767
66.0767
66.0767
66.0767
66.0767
66.0767
66.0767
66.0767
66.0767
66.0767
66.0767
66.0767
66.0767
66.0767
66.0767
66.0767
66.0767
66.0767
66.0767
66.0767
66.0767
66.0767
66.0767
66.0767
66.0767
66.0767
66.0767
66.0767
66.0767
66.0767
66.0767
66.0767
66.0767
66.0767
66.0767
66.0767
66.0767
66.0767
66.0767
66.0767
66.0767
66.0767
66.0767
66.0767
66.0767
66.0767
66.0767
66.0767
66.0767
66.0767
66.0767
66.0767
66.0767
66.0767
66.0767
66.0767
66.0767
66.0767
66.0767
66.0767
66.0767
66.0767
66.0767
66.0767
66.0767
66.0767
66.0767
66.0767
66.0767
66.0767
66.0767
66.0767
66.0767
66.0767
66.0767
66.0767
66.0767
66.0767
66.0767
66.0767
66.0767
66.0767
66.0767
66.0767
66.0767
66.0767
66.0767
66.0767
66.0767
66.0767
66.0767
66.0767
66.0767
66.0767
66.0767
66.0767
66.0767
66.0767
66.0767
66.0767
66.0767
66.0767
66.0767
66.0767
66.0767
66.0767
66.0767
66.0767
66.0767
66.0767
66.0767
66.0767
66.0767
66.0767
66.0767
66.0767
66.0767
66.0767
66.0767
66.0767
66.0767
66.0767
66.0767
66.0767
66.0767
66.0767
66.0767
66.0767
66.0767
66.0767
66.0767
66.0767
66.0767
66.0767
66.0767
66.0767
66.0767
66.0767
66.0767
66.0767
66.0767
66.0767
66.0767
66.0767
66.0767
66.0767
66.0767
66.0767
66.0767
66.0767
66.0767
66.0767
66.0767
66.0767
66.0767
66.0767
66.0767
66.0767
66.0767
66.0767
66.0767
66.0767
66.0767
66.0767
66.0767
66.0767
66.0767
66.0767
66.0767
66.0767
66.0767
66.0767
66.0767
66.0767
66.0767
66.0767
66.0767
66.0767
66.0767
66.0767
66.0767
66.0767
66.0767
66.0767
66.0767
66.0767
66.0767
66.0767
66.0767
66.0767
66.0767
66.0767
66.0767
66.0767
66.0767
66.0767
66.0767
66.0767
66.0767
66.0767
66.0767
66.0767
66.0767
66.0767
66.0767
66.0767
66.0767
66.0767
66.0767
66.0767
66.0767
66.0767
66.0767
66.0767
66.0767
66.0767
66.0767
66.0767
66.0767
66.0767
66.0767
66.0767
66.0767
66.0767
66.0767
66.0767
66.0767
66.0767
66.0767
66.0767
66.0767
66.0767
66.0767
66.0767
66.0767
66.0767
66.0767
66.0767
66.0767
66.0767
66.0767
66.0767
66.0767
66.0767
66.0767
66.0767
66.0767
66.0767
66.0767
66.0767
66.0767
66.0767
66.0767
66.0767
66.0767
66.0767
66.0767
66.0767
66.0767
66.0767
66.0767
66.0767
66.0767
66.0767
66.0767
66.0767
66.0767
66.0767
66.0767
66.0767
66.0767
66.0767
66.0767
66.0767
66.0767
66.0767
66.0767
66.0767
66.0767
66.0767
66.0767
66.0767
66.0767
66.0767
66.0767
66.0767
66.0767
66.0767
66.0767
66.0767
66.0767
66.0767
66.0767
66.0767
66.0767
66.0767
66.0767
66.0767
66.0767
66.0767
66.0767
66.0767
66.0767
66.0767
66.0767
66.0767
66.0767
66.0767
66.0767
66.0767
66.0767
66.0767
66.0767
66.0767
66.0767
66.0767
66.0767
66.0767
66.0767
66.0767
66.0767
66.0767
66.0767
66.0767
66.0767
66.0767
66.0767
66.0767
66.0767
66.0767
66.0767
66.0767
66.0767
66.0767
66.0767
66.0767
66.0767
66.0767
66.0767
66.0767
66.0767
66.0767
66.0767
66.0767
66.0767
66.0767
66.0767
66.0767
66.0767
66.0767
66.0767
66.0767
66.0767
66.0767
66.0767
66.0767
66.0767
66.0767
66.0767
66.0767
66.0767
66.0767
66.0767
66.0767
66.0767
66.0767
66.0767
66.0767
66.0767
66.0767
66.0767
66.0767
65.8127
65.8127
65.8127
65.8127
65.8127
65.8127
65.8127
65.8127
65.8127
65.8127
65.8127
65.8127
65.8127
65.8127
65.8127
65.8127
65.8127
65.8127
65.8127
65.8127
65.8127
65.8127
65.8127
65.8127
65.8127
65.8127
65.8127
65.8127
65.8127
65.8127
65.8127
65.8127
65.8127
65.8127
65.8127
65.8127
65.8127
65.8127
65.8127
65.8127
65.8127
65.8127
65.8127
65.8127
65.8127
65.8127
65.8127
65.8127
65.8127
65.8127
65.8127
65.8127
65.8127
65.8127
65.8127
65.8127
65.8127
65.8127
65.8127
65.8127
65.8127
65.8127
65.8127
65.8127
65.8127
65.8127
65.8127
65.8127
65.8127
65.8127
65.8127
65.8127
65.8127
65.8127
65.8127
65.8127
65.8127
65.8127
65.8127
65.8127
65.8127
65.8127
65.8127
65.8127
65.8127
65.8127
65.8127
65.8127
65.8127
65.8127
65.8127
65.8127
65.8127
65.8127
65.8127
65.8127
65.8127
65.8127
65.8127
65.8127
65.8127
65.8127
65.8127
65.8127
65.8127
65.8127
65.8127
65.8127
65.8127
65.8127
65.8127
65.8127
65.8127
65.8127
65.8127
65.8127
65.8127
65.8127
65.8127
65.8127
65.8127
65.8127
65.8127
65.8127
65.8127
65.8127
65.8127
65.8127
65.8127
65.8127
65.8127
65.8127
65.8127
65.8127
65.8127
65.8127
65.8127
65.8127
65.8127
65.8127
65.8127
65.8127
65.8127
65.8127
65.8127
65.8127
65.8127
65.8127
65.8127
65.8127
65.8127
65.8127
65.8127
65.8127
65.8127
65.8127
65.8127
65.8127
65.8127
65.8127
65.8127
65.8127
65.8127
65.8127
65.8127
65.8127
65.8127
65.8127
65.8127
65.8127
65.8127
65.8127
65.8127
65.8127
65.8127
65.8127
65.8127
65.8127
65.8127
65.8127
65.8127
65.8127
65.8127
65.8127
65.8127
65.8127
65.8127
65.8127
65.8127
65.8127
65.8127
65.8127
65.8127
65.8127
65.8127
65.8127
65.8127
65.8127
65.8127
65.8127
65.8127
65.8127
65.8127
65.8127
65.8127
65.8127
65.8127
65.8127
65.8127
65.8127
65.8127
65.8127
65.8127
65.8127
65.8127
65.8127
65.8127
65.8127
65.8127
65.8127
65.8127
65.8127
65.8127
65.8127
65.8127
65.8127
65.8127
65.8127
65.8127
65.8127
65.8127
65.8127
65.8127
65.8127
65.8127
65.8127
65.8127
65.8127
65.8127
65.8127
65.8127
65.8127
65.8127
65.8127
65.8127
65.8127
65.8127
65.8127
65.8127
65.8127
65.8127
65.8127
65.8127
65.8127
65.8127
65.8127
65.8127
65.8127
65.8127
65.8127
65.8127
65.8127
65.8127
65.8127
65.8127
65.8127
65.8127
65.8127
65.8127
65.8127
65.8127
65.8127
65.8127
65.8127
65.8127
65.8127
65.8127
65.8127
65.8127
65.8127
65.8127
65.8127
65.8127
65.8127
65.8127
65.8127
65.8127
65.8127
65.8127
65.8127
65.8127
65.8127
65.8127
65.8127
65.8127
65.8127
65.8127
65.8127
65.8127
65.8127
65.8127
65.8127
65.8127
65.8127
65.8127
65.8127
65.8127
65.8127
65.8127
65.8127
65.8127
65.8127
65.8127
65.8127
65.8127
65.8127
65.8127
65.8127
65.8127
65.8127
65.8127
65.8127
65.8127
65.8127
65.8127
65.8127
65.8127
65.8127
65.8127
65.8127
65.8127
65.8127
65.8127
65.8127
65.8127
65.8127
65.8127
65.8127
65.8127
65.8127
65.8127
65.8127
65.8127
65.8127
65.8127
65.8127
65.8127
65.8127
65.8127
65.8127
65.8127
65.8127
65.8127
65.8127
65.8127
65.8127
65.8127
65.8127
65.8127
65.8127
65.8127
65.8127
65.8127
65.8127
65.8127
65.8127
65.8127
65.8127
65.8127
65.8127
65.8127
65.8127
65.8127
65.8127
65.8127
65.8127
65.8127
65.8127
65.8127
65.8127
65.8127
65.8127
65.8127
65.8127
65.8127
65.8127
65.8127
65.8127
65.8127
65.8127
65.8127
65.8127
65.8127
65.8127
65.8127
65.8127
65.8127
65.8127
65.8127
65.8127
65.8127
65.8127
65.8127
65.8127
65.8127
65.8127
65.8127
65.8127
65.8127
65.8127
65.8127
65.8127
65.8127
65.8127
65.8127
65.8127
65.8127
65.8127
65.8127
65.8127
65.8127
65.8127
65.8127
65.8127
65.8127
65.8127
65.8127
65.8127
65.8127
65.8127
65.8127
65.8127
65.8127
65.8127
65.8127
65.8127
65.8127
65.8127
65.8127
65.8127
65.8127
65.8127
65.8127
65.8127
65.8127
65.8127
65.8127
65.8127
65.8127
65.8127
65.8127
65.8127
65.8127
65.8127
65.8127
65.8127
65.8127
65.8127
65.8127
65.8127
65.8127
65.8127
65.8127
65.8127
65.8127
65.8127
65.8127
65.8127
65.8127
65.8127
65.8127
65.8127
65.8127
65.8127
65.8127
65.8127
65.8127
65.8127
65.8127
65.8127
65.8127
65.8127
65.8127
65.8127
65.8127
65.8127
65.8127
65.8127
65.8127
65.8127
65.8127
65.8127
65.8127
65.8127
65.8127
65.8127
65.8127
65.8127
65.8127
65.8127
65.4397
65.4397
65.4397
65.4397
65.4397
65.4397
65.4397
65.4397
65.4397
65.4397
65.4397
65.4397
65.4397
65.4397
65.4397
65.4397
65.4397
65.4397
65.4397
65.4397
65.4397
65.4397
65.4397
65.4397
65.4397
65.4397
65.4397
65.4397
65.4397
65.4397
65.4397
65.4397
65.4397
65.4397
65.4397
65.4397
65.4397
65.4397
65.4397
65.4397
65.4397
65.4397
65.4397
65.4397
65.4397
65.4397
65.4397
65.4397
65.4397
65.4397
65.4397
65.4397
65.4397
65.4397
65.4397
65.4397
65.4397
65.4397
65.4397
65.4397
65.4397
65.4397
65.4397
65.4397
65.4397
65.4397
65.4397
65.4397
65.4397
65.4397
65.4397
65.4397
65.4397
65.4397
65.4397
65.4397
65.4397
65.4397
65.4397
65.4397
65.4397
65.4397
65.4397
65.4397
65.4397
65.4397
65.4397
65.4397
65.4397
65.4397
65.4397
65.4397
65.4397
65.4397
65.4397
65.4397
65.4397
65.4397
65.4397
65.4397
65.4397
65.4397
65.4397
65.4397
65.4397
65.4397
65.4397
65.4397
65.4397
65.4397
65.4397
65.4397
65.4397
65.4397
65.4397
65.4397
65.4397
65.4397
65.4397
65.4397
65.4397
65.4397
65.4397
65.4397
65.4397
65.4397
65.4397
65.4397
65.4397
65.4397
65.4397
65.4397
65.4397
65.4397
65.4397
65.4397
65.4397
65.4397
65.4397
65.4397
65.4397
65.4397
65.4397
65.4397
65.4397
65.4397
65.4397
65.4397
65.4397
65.4397
65.4397
65.4397
65.4397
65.4397
65.4397
65.4397
65.4397
65.4397
65.4397
65.4397
65.4397
65.4397
65.4397
65.4397
65.4397
65.4397
65.4397
65.4397
65.4397
65.4397
65.4397
65.4397
65.4397
65.4397
65.4397
65.4397
65.4397
65.4397
65.4397
65.4397
65.4397
65.4397
65.4397
65.4397
65.4397
65.4397
65.4397
65.4397
65.4397
65.4397
65.4397
65.4397
65.4397
65.4397
65.4397
65.4397
65.4397
65.4397
65.4397
65.4397
65.4397
65.4397
65.4397
65.4397
65.4397
65.4397
65.4397
65.4397
65.4397
65.4397
65.4397
65.4397
65.4397
65.4397
65.4397
65.4397
65.4397
65.4397
65.4397
65.4397
65.4397
65.4397
65.4397
65.4397
65.4397
65.4397
65.4397
65.4397
65.4397
65.4397
65.4397
65.4397
65.4397
65.4397
65.4397
65.4397
65.4397
65.4397
65.4397
65.4397
65.4397
65.4397
65.4397
65.4397
65.4397
65.4397
65.4397
65.4397
65.4397
65.4397
65.4397
65.4397
65.4397
65.4397
65.4397
65.4397
65.4397
65.4397
65.4397
65.4397
65.4397
65.4397
65.4397
65.4397
65.4397
65.4397
65.4397
65.4397
65.4397
65.4397
65.4397
65.4397
65.4397
65.4397
65.4397
65.4397
65.4397
65.4397
65.4397
65.4397
65.4397
65.4397
65.4397
65.4397
65.4397
65.4397
65.4397
65.4397
65.4397
65.4397
65.4397
65.4397
65.4397
65.4397
65.4397
65.4397
65.4397
65.4397
65.4397
65.4397
65.4397
65.4397
65.4397
65.4397
65.4397
65.4397
65.4397
65.4397
65.4397
65.4397
65.4397
65.4397
65.4397
65.4397
65.4397
65.4397
65.4397
65.4397
65.4397
65.4397
65.4397
65.4397
65.4397
65.4397
65.4397
65.4397
65.4397
65.4397
65.4397
65.4397
65.4397
65.4397
65.4397
65.4397
65.4397
65.4397
65.4397
65.4397
65.4397
65.4397
65.4397
65.4397
65.4397
65.4397
65.4397
65.4397
65.4397
65.4397
65.4397
65.4397
65.4397
65.4397
65.4397
65.4397
65.4397
65.4397
65.4397
65.4397
65.4397
65.4397
65.4397
65.4397
65.4397
65.4397
65.4397
65.4397
65.4397
65.4397
65.4397
65.4397
65.4397
65.4397
65.4397
65.4397
65.4397
65.4397
65.4397
65.4397
65.4397
65.4397
65.4397
65.4397
65.4397
65.4397
65.4397
65.4397
65.4397
65.4397
65.4397
65.4397
65.4397
65.4397
65.4397
65.4397
65.4397
65.4397
65.4397
65.4397
65.4397
65.4397
65.4397
65.4397
65.4397
65.4397
65.4397
65.4397
65.4397
65.4397
65.4397
65.4397
65.4397
65.4397
65.4397
65.4397
65.4397
65.4397
65.4397
65.4397
65.4397
65.4397
65.4397
65.4397
65.4397
65.4397
65.4397
65.4397
65.4397
65.4397
65.4397
65.4397
65.4397
65.4397
65.4397
65.4397
65.4397
65.4397
65.4397
65.4397
65.4397
65.4397
65.4397
65.4397
65.4397
65.4397
65.4397
65.4397
65.4397
65.4397
65.4397
65.4397
65.4397
65.4397
65.4397
65.4397
65.4397
65.4397
65.4397
65.4397
65.4397
65.4397
65.4397
65.4397
65.4397
65.4397
65.4397
65.4397
65.4397
65.4397
65.4397
65.4397
65.4397
65.4397
65.4397
65.4397
65.4397
65.4397
65.4397
65.4397
65.4397
65.4397
65.4397
65.4397
65.4397
65.4397
65.4397
65.4397
65.4397
65.4397
65.4397
65.4397
65.4397
65.4397
65.4397
65.4397
65.4397
65.4397
65.4397
65.4397
65.4397
65.4397
65.4397
65.4397
65.4397
65.4397
65.4397
65.4397
65.4397
65.4397
65.4397
65.4397
65.4397
65.4397
65.4397
65.4397
65.4397
65.4397
65.4397
65.4397
65.4397
65.4397
65.4397
65.4397
65.4397
65.4397
65.4397
65.4397
65.4397
65.4397
65.4397
65.4397
65.4397
65.4397
65.4397
65.4397
65.4397
65.4397
65.4397
65.4397
65.4397
65.4397
65.4397
65.4397
65.4397
65.4397
65.4397
65.4397
65.4397
65.4397
65.4397
65.4397
65.4397
65.4397
65.4397
65.4397
65.4397
65.4397
65.4397
65.4397
65.4397
65.4397
65.4397
65.4397
65.4397
65.4397
65.4397
65.4397
65.4397
65.4397
65.4397
65.4397
65.4397
65.4397
65.4397
65.4397
65.4397
65.4397
65.4397
65.4397
65.4397
65.4397
65.4397
65.4397
65.4397
65.4397
65.4397
65.4397
65.4397
65.4397
65.4397
65.4397
65.4397
65.4397
65.4397
65.4397
65.4397
65.4397
65.4397
65.4397
65.4397
65.4397
65.4397
65.4397
65.4397
65.4397
65.4397
65.4397
65.4397
65.4397
65.4397
65.4397
65.4397
65.4397
65.4397
65.4397
65.4397
65.4397
65.4397
65.4397
65.4397
65.4397
65.4397
65.4397
65.4397
65.4397
65.4397
65.4397
65.4397
65.4397
65.4397
65.4397
65.4397
65.4397
65.4397
65.4397
65.4397
65.4397
65.4397
65.4397
65.4397
65.4397
65.4397
65.4397
65.4397
65.4397
65.4397
65.4397
65.4397
65.4397
65.4397
65.4397
65.4397
65.4397
65.4397
65.4397
65.4397
65.4397
65.4397
65.4397
65.4397
65.4397
65.4397
65.4397
65.4397
65.4397
65.4397
65.4397
65.4397
65.4397
65.4397
65.4397
65.4397
65.4397
65.4397
65.4397
65.4397
65.4397
65.4397
65.4397
65.4397
65.4397
65.4397
65.4397
65.4397
65.4397
65.4397
65.4397
65.4397
65.4397
65.4397
65.4397
65.4397
65.4397
65.4397
65.4397
65.4397
65.4397
65.4397
65.4397
65.4397
65.4397
65.4397
65.4397
65.4397
65.4397
65.4397
65.4397
65.4397
65.4397
65.4397
65.4397
65.4397
65.4397
65.4397
65.4397
65.4397
65.4397
65.4397
65.4397
65.4397
65.4397
65.4397
65.4397
65.4397
65.4397
65.4397
65.4397
65.4397
65.4397
65.4397
65.4397
65.4397
65.4397
65.4397
65.4397
65.4397
65.4397
65.4397
65.4397
65.4397
65.4397
65.4397
65.4397
65.4397
65.4397
65.4397
65.4397
65.4397
65.4397
65.4397
65.4397
65.4397
65.4397
65.4397
65.4397
65.4397
65.4397
65.4397
65.4397
65.4397
65.4397
65.4397
65.4397
65.4397
65.4397
65.4397
65.4397
65.4397
65.4397
65.4397
65.4397
65.4397
65.4397
65.4397
65.4397
65.4397
65.4397
65.4397
65.4397
65.4397
65.4397
65.4397
65.4397
65.4397
65.4397
65.4397
65.4397
65.4397
65.4397
65.4397
65.4397
65.4397
65.4397
65.4397
65.4397
65.4397
65.4397
65.4397
65.4397
65.4397
65.4397
65.4397
65.4397
65.4397
65.4397
65.4397
65.4397
65.4397
65.4397
65.4397
65.4397
65.4397
65.4397
65.4397
65.4397
65.4397
65.4397
65.4397
65.4397
65.4397
65.4397
65.4397
65.4397
65.4397
65.4397
65.4397
65.4397
65.4397
65.4397
65.4397
65.4397
65.4397
65.4397
65.4397
65.4397
65.4397
65.4397
65.4397
65.4397
65.4397
65.4397
65.4397
65.4397
65.4397
65.4397
65.4397
65.4397
65.4397
65.4397
65.4397
65.4397
65.4397
65.4397
65.4397
65.4397
65.4397
65.4397
65.4397
65.4397
65.4397
65.4397
65.4397
65.4397
65.4397
65.4397
65.4397
65.4397
65.4397
65.4397
65.4397
65.4397
65.4397
65.4397
65.4397
65.4397
65.4397
65.4397
65.4397
65.4397
65.4397
65.4397
65.4397
65.4397
65.4397
65.4397
65.4397
65.4397
65.4397
65.4397
65.4397
65.4397
65.4397
65.4397
65.4397
65.4397
65.4397
65.4397
65.4397
65.4397
65.4397
65.4397
65.4397
65.4397
65.4397
65.4397
65.4397
65.4397
65.4397
65.4397
65.4397
65.4397
65.4397
65.4397
65.4397
65.4397
65.4397
65.4397
65.4397
65.4397
65.4397
65.4397
65.4397
65.4397
65.4397
65.4397
65.4397
65.4397
65.4397
65.4397
65.4397
65.4397
65.4397
65.4397
65.4397
65.4397
65.4397
65.4397
65.4397
65.4397
65.4397
65.4397
65.4397
65.4397
65.4397
65.4397
65.4397
65.4397
65.4397
65.4397
65.4397
65.4397
65.4397
65.4397
65.4397
65.4397
65.4397
65.4397
65.4397
65.4397
65.4397
65.4397
65.4397
65.4397
65.4397
65.4397
65.4397
65.4397
65.4397
65.4397
65.4397
65.4397
65.4397
65.4397
65.4397
65.4397
65.4397
65.4397
65.4397
65.4397
65.4397
65.4397
65.4397
65.4397
65.4397
65.4397
65.4397
65.4397
65.4397
65.4397
65.4397
65.4397
65.4397
65.4397
65.4397
65.4397
65.4397
65.4397
65.4397
65.4397
65.4397
65.4397
65.4397
65.4397
65.4397
65.4397
65.4397
65.4397
65.4397
65.4397
65.4397
65.4397
65.4397
65.4397
65.4397
65.4397
65.4397
65.4397
65.4397
65.4397
65.4397
65.4397
65.4397
65.4397
65.4397
65.4397
65.4397
65.4397
65.4397
65.4397
65.4397
65.4397
65.4397
65.4397
65.4397
65.4397
65.4397
65.4397
65.4397
65.4397
65.4397
65.4397
65.4397
65.4397
65.4397
65.4397
65.4397
65.4397
65.4397
65.4397
65.4397
65.4397
65.4397
65.4397
65.4397
65.4397
65.4397
65.4397
65.4397
65.4397
65.4397
65.4397
65.4397
65.4397
65.4397
65.4397
65.4397
65.4397
65.4397
65.4397
65.4397
65.4397
65.4397
65.4397
65.4397
65.4397
65.4397
65.4397
65.4397
65.4397
65.4397
65.4397
65.4397
65.4397
65.4397
65.4397
65.4397
65.4397
65.4397
65.4397
65.4397
65.4397
65.4397
65.4397
65.4397
65.4397
65.4397
65.4397
65.4397
65.4397
65.4397
65.4397
65.4397
65.4397
65.4397
65.4397
65.4397
65.4397
65.4397
65.4397
65.4397
65.4397
65.4397
65.4397
65.4397
65.4397
65.4397
65.4397
65.4397
65.4397
65.4397
65.4397
65.4397
65.4397
65.4397
65.4397
65.4397
65.4397
65.4397
65.4397
65.4397
65.4397
65.4397
65.4397
65.4397
65.4397
65.4397
65.4397
65.4397
65.4397
65.4397
65.4397
65.4397
65.4397
65.4397
65.4397
65.4397
65.4397
65.4397
65.4397
65.4397
65.4397
65.4397
65.4397
65.4397
65.4397
65.4397
65.4397
65.4397
65.4397
65.4397
65.4397
65.4397
65.4397
65.4397
65.4397
65.4397
65.4397
65.4397
65.4397
65.4397
65.4397
65.4397
65.4397
65.4397
65.4397
65.4397
65.4397
65.4397
65.4397
65.4397
65.4397
65.4397
65.4397
65.4397
65.4397
65.4397
65.4397
65.4397
65.4397
65.4397
65.4397
65.4397
65.4397
65.4397
65.4397
65.4397
65.4397
65.4397
65.4397
65.4397
65.4397
65.4397
65.4397
65.4397
65.4397
65.4397
65.4397
65.4397
65.4397
65.4397
65.4397
65.4397
65.4397
65.4397
65.4397
65.4397
65.4397
65.4397
65.4397
65.4397
65.4397
65.4397
65.4397
65.4397
65.4397
65.4397
65.4397
65.4397
65.4397
65.4397
65.4397
65.4397
65.4397
65.4397
65.4397
65.4397
65.4397
65.4397
65.4397
65.4397
65.4397
65.4397
65.4397
65.4397
65.4397
65.4397
65.4397
65.4397
65.4397
65.4397
65.4397
65.4397
65.4397
65.4397
65.4397
65.4397
65.4397
65.4397
65.4397
65.4397
65.4397
65.4397
65.4397
65.4397
65.4397
65.4397
65.4397
65.4397
65.4397
65.4397
65.4397
65.4397
65.4397
65.4397
65.4397
65.4397
65.4397
65.4397
65.4397
65.4397
65.4397
65.4397
65.4397
65.4397
65.4397
65.4397
65.4397
65.4397
65.4397
65.4397
65.4397
65.4397
65.4397
65.4397
65.4397
65.4397
65.4397
65.4397
65.4397
65.4397
65.4397
65.4397
65.4397
65.4397
65.4397
65.4397
65.4397
65.4397
65.4397
65.4397
65.4397
65.4397
65.4397
65.4397
65.4397
65.4397
65.4397
65.4397
65.4397
65.4397
65.4397
65.4397
65.4397
65.4397
65.4397
65.4397
65.4397
65.4397
65.4397
65.4397
65.4397
65.4397
65.4397
65.4397
65.4397
65.4397
65.4397
65.4397
65.4397
65.4397
65.4397
65.4397
65.4397
65.4397
65.4397
65.4397
65.4397
65.4397
65.4397
65.4397
65.4397
65.4397
65.4397
65.4397
65.4397
65.4397
65.4397
65.4397
65.4397
65.4397
65.4397
65.4397
65.4397
65.4397
65.4397
65.4397
65.4397
65.4397
65.4397
65.4397
65.4397
65.4397
65.4397
65.4397
65.4397
65.4397
65.4397
65.4397
65.4397
65.4397
65.4397
65.4397
65.4397
65.4397
65.4397
65.4397
65.4397
65.4397
65.4397
65.4397
65.4397
65.4397
65.4397
65.4397
65.4397
65.4397
65.4397
65.4397
65.4397
65.4397
65.4397
65.4397
65.4397
65.4397
65.4397
65.4397
65.4397
65.4397
65.4397
65.4397
65.4397
65.4397
65.4397
65.4397
65.4397
65.4397
65.4397
65.4397
65.4397
65.4397
65.4397
65.4397
65.4397
65.4397
65.4397
65.4397
65.4397
65.4397
65.4397
65.4397
65.4397
65.4397
65.4397
65.4397
65.4397
65.4397
65.4397
65.4397
65.4397
65.4397
65.4397
65.4397
65.4397
65.4397
65.4397
65.4397
65.4397
65.4397
65.4397
65.4397
65.4397
65.4397
65.4397
65.4397
65.4397
65.4397
65.4397
65.4397
65.4397
65.4397
65.4397
65.4397
65.4397
65.4397
65.4397
65.4397
65.4397
65.4397
65.4397
65.4397
65.4397
65.4397
65.4397
65.4397
65.4397
65.4397
65.4397
65.4397
65.4397
65.4397
65.4397
65.4397
65.4397
65.4397
65.4397
65.4397
65.4397
65.4397
65.4397
65.4397
65.4397
65.4397
65.4397
65.4397
65.4397
65.4397
65.4397
65.4397
65.4397
65.4397
65.4397
65.3812
65.3812
65.3812
65.3812
65.3812
65.3812
65.3812
65.3812
65.3812
65.3812
65.3812
65.3812
65.3812
65.3812
65.3812
65.3812
65.3812
65.3812
65.3812
65.3812
65.3812
65.3812
65.3812
65.3812
65.3812
65.3812
65.3812
65.3812
65.3812
65.3812
65.3812
65.3812
65.3812
65.3812
65.3812
65.3812
65.3812
65.3812
65.3812
65.3812
65.3812
65.3812
65.3812
65.3812
65.3812
65.3812
65.3812
65.3812
65.3812
65.3812
65.3812
65.3812
65.3812
65.3812
65.3812
65.3812
65.3812
65.3812
65.3812
65.3812
65.3812
65.3812
65.3812
65.3812
65.3812
65.3812
65.3812
65.3812
65.3812
65.3812
65.3812
65.3812
65.3812
65.3812
65.3812
65.3812
65.3812
65.3812
65.3812
65.3812
65.3812
65.3812
65.3812
65.3812
65.3812
65.3812
65.3812
65.3812
65.3812
65.3812
65.3812
65.3812
65.3812
65.3812
65.3812
65.3812
65.3812
65.3812
65.3812
65.3812
65.3812
65.3812
65.3812
65.3812
65.3812
65.3812
65.3812
65.3812
65.3812
65.3812
65.3812
65.3812
65.3812
65.3812
65.3812
65.3812
65.3812
65.3812
65.3812
65.3812
65.3812
65.3812
65.3812
65.3812
65.3812
65.3812
65.3812
65.3812
65.3812
65.3812
65.3812
65.3812
65.3812
65.3812
65.3812
65.3812
65.3812
65.3812
65.3812
65.3812
65.3812
65.3812
65.3812
65.3812
65.3812
65.3812
65.3812
65.3812
65.3812
65.3812
65.3812
65.3812
65.3812
65.3812
65.3812
65.3812
65.3812
65.3812
65.3812
65.3812
65.3812
65.3812
65.3812
65.3812
65.3812
65.3812
65.3812
65.3812
65.3812
65.3812
65.3812
65.3812
65.3812
65.3812
65.3812
65.3812
65.3812
65.3812
65.3812
65.3812
65.3812
65.3812
65.3812
65.3812
65.3812
65.3812
65.3812
65.3812
65.3812
65.3812
65.3812
65.3812
65.3812
65.3812
65.3812
65.3812
65.3812
65.3812
65.3812
65.3812
65.3812
65.3812
65.3812
65.3812
65.3812
65.3812
65.3812
65.3812
65.3812
65.3812
65.3812
65.3812
65.3812
65.3812
65.3812
65.3812
65.3812
65.3812
65.3812
65.3812
65.3812
65.3812
65.3812
65.3812
65.3812
65.3812
65.3812
65.3812
65.3812
65.3812
65.3812
65.3812
65.3812
65.3812
65.3812
65.3812
65.3812
65.3812
65.3812
65.3812
65.3812
65.3812
65.3812
65.3812
65.3812
65.3812
65.3812
65.3812
65.3812
65.3812
65.3812
65.3812
65.3812
65.3812
65.3812
65.3812
65.3812
65.3812
65.3812
65.3812
65.3812
65.3812
65.3812
65.3812
65.3812
65.3812
65.3812
65.3812
65.3812
65.3812
65.3812
65.3812
65.3812
65.3812
65.3812
65.3812
65.3812
65.3812
65.3812
65.3812
65.3812
65.3812
65.3812
65.3812
65.3812
65.3812
65.3812
65.3812
65.3812
65.3812
65.3812
65.3812
65.3812
65.3812
65.3812
65.3812
65.3812
65.3812
65.3812
65.3812
65.3812
65.3812
65.3812
65.3812
65.3812
65.3812
65.3812
65.3812
65.3812
65.3812
65.3812
65.3812
65.3812
65.3812
65.3812
65.3812
65.3812
65.3812
65.3812
65.3812
65.3812
65.3812
65.3812
65.3812
65.3812
65.3812
65.3812
65.3812
65.3812
65.3812
65.3812
65.3812
65.3812
65.3812
65.3812
65.3812
65.3812
65.3812
65.3812
65.3812
65.3812
65.3812
65.3812
65.3812
65.3812
65.3812
65.3812
65.3812
65.3812
65.3812
65.3812
65.3812
65.3812
65.3812
65.3812
65.3812
65.3812
65.3812
65.3812
65.3812
65.3812
65.3812
65.3812
65.3812
65.3812
65.3812
65.3812
65.3812
65.3812
65.3812
65.3812
65.3812
65.3812
65.3812
65.3812
65.3812
65.3812
65.3812
65.3812
65.3812
65.3812
65.3812
65.3812
65.3812
65.3812
65.3812
65.3812
65.3812
65.3812
65.3812
65.3812
65.3812
65.3812
65.3812
65.3812
65.3812
65.3812
65.3812
65.3812
65.3812
65.3812
65.3812
65.3812
65.3812
65.3812
65.3812
65.3812
65.3812
65.3812
65.3812
65.3812
65.3812
65.3812
65.3812
65.3812
65.3812
65.3812
65.3812
65.3812
65.3812
65.3812
65.3812
65.3812
65.3812
65.3812
65.3812
65.3812
65.3812
65.3812
65.3812
65.3812
65.3812
65.3812
65.3812
65.3812
65.3812
65.3812
65.3812
65.3812
65.3812
65.3812
65.3812
65.3812
65.3812
65.3812
65.3812
65.3812
65.3812
65.3812
65.3812
65.3812
65.3812
65.3812
65.3812
65.3812
65.3812
65.3812
65.3812
65.3812
65.3812
65.3812
65.3812
65.3812
65.3812
65.3812
65.3812
65.3812
65.3812
65.3812
65.3812
65.3812
65.3812
65.3812
65.3812
65.3812
65.3812
65.3812
65.3812
65.3812
65.3812
65.3812
65.3812
65.3812
65.3812
65.3812
65.3812
65.3812
65.3812
65.3812
65.3812
65.3812
65.3812
65.3812
65.3812
65.3812
65.3812
65.3812
65.3812
65.3812
65.3812
65.3812
65.3812
65.3812
65.3812
65.3812
65.3812
65.3812
65.3812
65.3812
65.3812
65.3812
65.3812
65.3812
65.3812
65.3812
65.3812
65.3812
65.3812
65.3812
65.3812
65.3812
65.3812
65.3812
65.3812
65.3812
65.3812
65.3812
65.3812
65.3812
65.3812
65.3812
65.3812
65.3812
65.3812
65.3812
65.3812
65.3812
65.3812
65.3812
65.3812
65.3812
65.3812
65.3812
65.3812
65.3812
65.3812
65.3812
65.3812
65.3812
65.3812
65.3812
65.3812
65.3812
65.3812
65.3812
65.3812
65.3812
65.3812
65.3812
65.3812
65.3812
65.3812
65.3812
65.3812
65.3812
65.3812
65.3812
65.3812
65.3812
65.3812
65.3812
65.3812
65.3812
65.3812
65.3812
65.3812
65.3812
65.3812
65.3812
65.3812
65.3812
65.3812
65.3812
65.3812
65.3812
65.3812
65.3812
65.3812
65.3812
65.3812
65.3812
65.3812
65.3812
65.3812
65.3812
65.3812
65.3812
65.3812
65.3812
65.3812
65.3812
65.3812
65.3812
65.3812
65.3812
65.3812
65.3812
65.3812
65.3812
65.3812
65.3812
65.3812
65.3812
65.3812
65.3812
65.3812
65.3812
65.3812
65.3812
65.3812
65.3812
65.3812
65.3812
65.3812
65.3812
65.3812
65.3812
65.3812
65.3812
65.3812
65.3812
65.3812
65.3812
65.3812
65.3812
65.3812
65.3812
65.3812
65.3812
65.3812
65.3812
65.3812
65.3812
65.3812
65.3812
65.3812
65.3812
65.3812
65.3812
65.3812
65.3812
65.3812
65.3812
65.3812
65.3812
65.3812
65.3812
65.3812
65.3812
65.3812
65.3812
65.3812
65.3812
65.3812
65.3812
65.3812
65.3812
65.3812
65.3812
65.3812
65.3812
65.3812
65.3812
65.3812
65.3812
65.3812
65.3812
65.3812
65.3812
65.3812
65.3812
65.3812
65.3812
65.3812
65.3812
65.3812
65.3812
65.3812
65.3812
65.3812
65.3812
65.3812
65.3812
65.3812
65.3812
65.3812
65.3812
65.3812
65.3812
65.3812
65.3812
65.3812
65.3812
65.3812
65.3812
65.3812
65.3812
65.3812
65.3812
65.3812
65.3812
65.3812
65.3812
65.3812
65.3812
65.3812
65.3812
65.3812
65.3812
65.3812
65.3812
65.3812
65.3812
65.3812
65.3812
65.3812
65.3812
65.3812
65.3812
65.3812
65.3812
65.3812
65.3812
65.3812
65.3812
65.3812
65.3812
65.3812
65.3812
65.3812
65.3812
65.3812
65.3812
65.3812
65.3812
65.3812
65.3812
65.3812
65.3812
65.3812
65.3812
65.3812
65.3812
65.3812
65.3812
65.3812
65.3812
65.3812
65.3812
65.3812
65.3812
65.3812
65.3812
65.3812
65.3812
65.3812
65.3812
65.3812
65.3812
65.3812
65.3812
65.3812
65.3812
65.3812
65.3812
65.3812
65.3812
65.3812
65.3812
65.3812
65.3812
65.3812
65.3812
65.3812
65.3812
65.3812
65.3812
65.3812
65.3812
65.3812
65.3812
65.3812
65.3812
65.3812
65.3812
65.3812
65.3812
65.3812
65.3812
65.3812
65.3812
65.3812
65.3812
65.3812
65.3812
65.3812
65.3812
65.3812
65.3812
65.3812
65.3812
65.3812
65.3812
65.3812
65.3812
65.3812
65.3812
65.3812
65.3812
65.3812
65.3812
65.3812
65.3812
65.3812
65.3812
65.3812
65.3812
65.3812
65.3812
65.3812
65.3812
65.3812
65.3812
65.3812
65.3812
65.3812
65.3812
65.3812
65.3812
65.3812
65.3812
65.3812
65.3812
65.3812
65.3812
65.3812
65.3812
65.3812
65.3812
65.3812
65.3812
65.3812
65.3812
65.3812
65.3812
65.3812
65.3812
65.3812
65.3812
65.3812
65.3812
65.3812
65.3812
65.3812
65.3812
65.3812
65.3812
65.3812
65.3812
65.3812
65.3812
65.3812
65.3812
65.3812
65.3812
65.3812
65.3812
65.3812
65.3812
65.3812
65.3812
65.3812
65.3812
65.3812
65.3812
65.3812
65.3812
65.3812
65.3812
65.3812
65.3812
65.3812
65.3812
65.3812
65.3812
65.3812
65.3812
65.3812
65.3812
65.3812
65.3812
65.3812
65.3812
65.3812
65.3812
65.3812
65.3812
65.3812
65.3812
65.3812
65.3812
65.3812
65.3812
65.3812
65.3812
65.3812
65.3812
65.3812
65.3812
65.3812
65.3812
65.3812
65.3812
65.3812
65.3812
65.3812
65.3812
65.3812
65.3812
65.3812
65.3812
65.3812
65.3812
65.3812
65.3812
65.3812
65.3812
65.3812
65.3812
65.3812
65.3812
65.3812
65.3812
65.3812
65.3812
65.3812
65.3812
65.3812
65.3812
65.3812
65.3812
65.3812
65.3812
65.3812
65.3812
65.3812
65.3812
65.3812
65.3812
65.3812
65.3812
65.3812
65.3812
65.3812
65.3812
65.3812
65.3812
65.3812
65.3812
65.3812
65.3812
65.3812
65.3812
65.3812
65.3812
65.3812
65.3812
65.3812
65.3812
65.3812
65.3812
65.3812
65.3812
65.3812
65.3812
65.3812
65.3812
65.3812
65.3812
65.3812
65.3812
65.3812
65.3812
65.3812
65.3812
65.3812
65.3812
65.3812
65.3812
65.3812
65.1253
65.1253
65.1253
65.1253
65.1253
65.1253
65.1253
65.1253
65.1253
65.1253
65.1253
65.1253
65.1253
65.1253
65.1253
65.1253
65.1253
65.1253
65.1253
65.1253
65.1253
65.1253
65.1253
65.1253
65.1253
65.1253
65.1253
65.1253
65.1253
65.1253
65.1253
65.1253
65.1253
65.1253
65.1253
65.1253
65.1253
65.1253
65.1253
65.1253
65.1253
65.1253
65.1253
65.1253
65.1253
65.1253
65.1253
65.1253
65.1253
65.1253
65.1253
65.1253
65.1253
65.1253
65.1253
65.1253
65.1253
65.1253
65.1253
65.1253
65.1253
65.1253
65.1253
65.1253
65.1253
65.1253
65.1253
65.1253
65.1253
65.1253
65.1253
65.1253
65.1253
65.1253
65.1253
65.1253
65.1253
65.1253
65.1253
65.1253
65.1253
65.1253
65.1253
65.1253
65.1253
65.1253
65.1253
65.1253
65.1253
65.1253
65.1253
65.1253
65.1253
65.1253
65.1253
65.1253
65.1253
65.1253
65.1253
65.1253
65.1253
65.1253
65.1253
65.1253
65.1253
65.1253
65.1253
65.1253
65.1253
65.1253
65.1253
65.1253
65.1253
65.1253
65.1253
65.1253
65.1253
65.1253
65.1253
65.1253
65.1253
65.1253
65.1253
65.1253
65.1253
65.1253
65.1253
65.1253
65.1253
65.1253
65.1253
65.1253
65.1253
65.1253
65.1253
65.1253
65.1253
65.1253
65.1253
65.1253
65.1253
65.1253
65.1253
65.1253
65.1253
65.1253
65.1253
65.1253
65.1253
65.1253
65.1253
65.1253
65.1253
65.1253
65.1253
65.1253
65.1253
65.1253
65.1253
65.1253
65.1253
65.1253
65.1253
65.1253
65.1253
65.1253
65.1253
65.1253
65.1253
65.1253
65.1253
65.1253
65.1253
65.1253
65.1253
65.1253
65.1253
65.1253
65.1253
65.1253
65.1253
65.1253
65.1253
65.1253
65.1253
65.1253
65.1253
65.1253
65.1253
65.1253
65.1253
65.1253
65.1253
65.1253
65.1253
65.1253
65.1253
65.1253
65.1253
65.1253
65.1253
65.1253
65.1253
65.1253
65.1253
65.1253
65.1253
65.1253
65.1253
65.1253
65.1253
65.1253
65.1253
65.1253
65.1253
65.1253
65.1253
65.1253
65.1253
65.1253
65.1253
65.1253
65.1253
65.1253
65.1253
65.1253
65.1253
65.1253
65.1253
65.1253
65.1253
65.1253
65.1253
65.1253
65.1253
65.1253
65.1253
65.1253
65.1253
65.1253
65.1253
65.1253
65.1253
65.1253
65.1253
65.1253
65.1253
65.1253
65.1253
65.1253
65.1253
65.1253
65.1253
65.1253
65.1253
65.1253
65.1253
65.1253
65.1253
65.1253
65.1253
65.1253
65.1253
65.1253
65.1253
65.1253
65.1253
65.1253
65.1253
65.1253
65.1253
65.1253
65.1253
65.1253
65.1253
65.1253
65.1253
65.1253
65.1253
65.1253
65.1253
65.1253
65.1253
65.1253
65.1253
65.1253
65.1253
65.1253
65.1253
65.1253
65.1253
65.1253
65.1253
65.1253
65.1253
65.1253
65.1253
65.1253
65.1253
65.1253
65.1253
65.1253
65.1253
65.1253
65.1253
65.1253
65.1253
65.1253
65.1253
65.1253
65.1253
65.1253
65.1253
65.1253
65.1253
65.1253
65.1253
65.1253
65.1253
65.1253
65.1253
65.1253
65.1253
65.1253
65.1253
65.1253
65.1253
65.1253
65.1253
65.1253
65.1253
65.1253
65.1253
65.1253
65.1253
65.1253
65.1253
65.1253
65.1253
65.1253
65.1253
65.1253
65.1253
65.1253
65.1253
65.1253
65.1253
65.1253
65.1253
65.1253
65.1253
65.1253
65.1253
65.1253
65.1253
65.1253
65.1253
65.1253
65.1253
65.1253
65.1253
65.1253
65.1253
65.1253
65.1253
65.1253
65.1253
65.1253
65.1253
65.1253
65.1253
65.1253
65.1253
65.1253
65.1253
65.1253
65.1253
65.1253
65.1253
65.1253
65.1253
65.1253
65.1253
65.1253
65.1253
65.1253
65.1253
65.1253
65.1253
65.1253
65.1253
65.1253
65.1253
65.1253
65.1253
65.1253
65.1253
65.1253
65.1253
65.1253
65.1253
65.1253
65.1253
65.1253
65.1253
65.1253
65.1253
65.1253
65.1253
65.1253
65.1253
65.1253
65.1253
65.1253
65.1253
65.1253
65.1253
65.1253
65.1253
65.1253
65.1253
65.1253
65.1253
65.1253
65.1253
65.1253
65.1253
65.1253
65.1253
65.1253
65.1253
65.1253
65.1253
65.1253
65.1253
65.1253
65.1253
65.1253
65.1253
65.1253
65.1253
65.1253
65.1253
65.1253
65.1253
65.1253
65.1253
65.1253
65.1253
65.1253
65.1253
65.1253
65.1253
65.1253
65.1253
65.1253
65.1253
65.1253
65.1253
65.1253
65.1253
65.1253
65.1253
65.1253
65.1253
65.1253
65.1253
65.1253
65.1253
65.1253
65.1253
65.1253
65.1253
65.1253
65.1253
65.1253
65.1253
65.1253
65.1253
65.1253
65.1253
65.1253
65.1253
65.1253
65.1253
65.1253
65.1253
65.1253
65.1253
65.1253
65.1253
65.1253
65.1253
65.1253
65.1253
65.1253
65.1253
65.1253
65.1253
65.1253
65.1253
65.1253
65.1253
65.1253
65.1253
65.1253
65.1253
65.1253
65.1253
65.1253
65.1253
65.1253
65.1253
65.1253
65.1253
65.1253
65.1253
65.1253
65.1253
65.1253
65.1253
65.1253
65.1253
65.1253
65.1253
65.1253
65.1253
65.1253
65.1253
65.1253
65.1253
65.1253
65.1253
65.1253
65.1253
65.1253
65.1253
65.1253
65.1253
65.1253
65.1253
65.1253
65.1253
65.1253
65.1253
65.1253
65.1253
65.1253
65.1253
65.1253
65.1253
65.1253
65.1253
65.1253
65.1253
65.1253
65.1253
65.1253
65.1253
65.1253
65.1253
65.1253
65.1253
65.1253
65.1253
65.1253
65.1253
65.1253
65.1253
65.1253
65.1253
65.1253
65.1253
65.1253
65.1253
65.1253
65.1253
65.1253
65.1253
65.1253
65.1253
65.1253
65.1253
65.1253
65.1253
65.1253
65.1253
65.1253
65.1253
65.1253
65.1253
65.1253
65.1253
65.1253
65.1253
65.1253
65.1253
65.1253
65.1253
65.1253
65.1253
65.1253
65.1253
65.1253
65.1253
65.1253
65.1253
65.1253
65.1253
65.1253
65.1253
65.1253
65.1253
65.1253
65.1253
65.1253
65.1253
65.1253
65.1253
65.1253
65.1253
65.1253
65.1253
65.1253
65.1253
65.1253
65.1253
65.1253
65.1253
65.1253
65.1253
65.1253
65.1253
65.1253
65.1253
65.1253
65.1253
65.1253
65.1253
65.1253
65.1253
65.1253
65.1253
65.1253
65.1253
65.1253
65.1253
65.1253
65.1253
65.1253
65.1253
65.1253
65.1253
65.1253
65.1253
65.1253
65.1253
65.1253
65.1253
65.1253
65.1253
65.1253
65.1253
65.1253
65.1253
65.1253
65.1253
65.1253
65.1253
65.1253
65.1253
65.1253
65.1253
65.1253
65.1253
65.1253
65.1253
65.1253
65.1253
65.1253
65.1253
65.1253
65.1253
65.1253
65.1253
65.1253
65.1253
65.1253
65.1253
65.1253
65.1253
65.1253
65.1253
65.1253
65.1253
65.1253
65.1253
65.1253
65.1253
65.1253
65.1253
65.1253
65.1253
65.1253
65.1253
65.1253
65.1253
65.1253
65.1253
65.1253
65.1253
65.1253
65.1253
65.1253
65.1253
65.1253
65.1253
65.1253
65.1253
65.1253
65.1253
65.1253
65.1253
65.1253
65.1253
65.1253
65.1253
65.1253
65.1253
65.1253
65.1253
65.1253
65.1253
65.1253
65.1253
65.1253
65.1253
65.1253
65.1253
65.1253
65.1253
65.1253
65.1253
65.1253
65.1253
65.1253
65.1253
65.1253
65.1253
65.1253
65.1253
65.1253
65.1253
65.1253
65.1253
65.1253
65.1253
65.1253
65.1253
65.1253
65.1253
65.1253
65.1253
65.1253
65.1253
65.1253
65.1253
65.1253
65.1253
65.1253
65.1253
65.1253
65.1253
65.1253
65.1253
65.1253
65.1253
65.1253
65.1253
65.1253
65.1253
65.1253
65.1253
65.1253
65.1253
65.1253
65.1253
65.1253
65.1253
65.1253
65.1253
65.1253
65.1253
65.1253
65.1253
65.1253
65.1253
65.1253
65.1253
65.1253
65.1253
65.1253
65.1253
65.1253
65.1253
65.1253
65.1253
65.1253
65.1253
65.1253
65.1253
65.1253
65.1253
65.1253
65.1253
65.1253
65.1253
65.1253
65.1253
65.1253
65.1253
65.1253
65.1253
65.1253
65.1253
65.1253
65.1253
65.1253
65.1253
65.1253
65.1253
65.1253
65.1253
65.1253
65.1253
65.1253
65.1253
65.1253
65.1253
65.1253
65.1253
65.1253
65.1253
65.1253
65.1253
65.1253
65.1253
65.1253
65.1253
65.1253
65.1253
65.1253
65.1253
65.1253
65.1253
65.1253
65.1253
65.1253
65.1253
65.1253
65.1253
65.1253
65.1253
65.1253
65.1253
65.1253
65.1253
65.1253
65.1253
65.1253
65.1253
65.1253
65.1253
65.1253
65.1253
65.1253
65.1253
65.1253
65.1253
65.1253
65.1253
65.1253
65.1253
65.1253
65.1253
65.1253
65.1253
65.1253
65.1253
65.1253
65.1253
65.1253
65.1253
65.1253
65.1253
65.1253
65.1253
65.1253
65.1253
65.1253
65.1253
65.1253
65.1253
65.1253
65.1253
65.1253
65.1253
65.1253
65.1253
65.1253
65.1253
65.1253
65.1253
65.1253
65.1253
65.1253
65.1253
65.1253
65.1253
65.1253
65.1253
65.1253
65.1253
65.1253
65.1253
65.1253
65.1253
65.1253
65.1253
65.1253
65.1253
65.1253
65.1253
65.1253
65.1253
65.1253
65.1253
65.1253
65.1253
65.1253
65.1253
65.1253
65.1253
65.1253
65.1253
65.1253
65.1253
65.1253
65.1253
65.1253
65.1253
65.1253
65.1253
65.1253
65.1253
65.1253
65.1253
65.1253
65.1253
65.1253
65.1253
65.1253
65.1253
65.1253
65.1253
65.1253
65.1253
65.1253
65.1253
65.1253
65.1253
65.1253
65.1253
65.1253
65.1253
65.1253
65.1253
65.1253
65.1253
65.1253
65.1253
65.1253
65.1253
65.1253
65.1253
65.1253
65.1253
65.1253
65.1253
65.1253
65.1253
65.1253
65.1253
65.1253
65.1253
65.1253
65.1253
65.1253
65.1253
65.1253
65.1253
65.1253
65.1253
65.1253
65.1253
65.1253
65.1253
65.1253
65.1253
65.1253
65.1253
65.1253
65.1253
65.1253
65.1253
65.1253
65.1253
65.1253
65.1253
65.1253
65.1253
65.1253
65.1253
65.1253
65.1253
65.1253
65.1253
65.1253
65.1253
65.1253
65.1253
65.1253
65.1253
65.1253
65.1253
65.1253
65.1253
65.1253
65.1253
65.1253
65.1253
65.1253
65.1253
65.1253
65.1253
65.1253
65.1253
65.1253
65.1253
65.1253
65.1253
65.1253
65.1253
65.1253
65.1253
65.1253
65.1253
65.1253
65.1253
65.1253
65.1253
65.1253
65.1253
65.1253
65.1253
65.1253
65.1253
65.1253
65.1253
65.1253
65.1253
65.1253
65.1253
65.1253
65.1253
65.1253
65.1253
65.1253
65.1253
65.1253
65.1253
65.1253
65.1253
65.1253
65.1253
65.1253
65.1253
65.1253
65.1253
65.1253
65.1253
65.1253
65.1253
65.1253
65.1253
65.1253
65.1253
65.1253
65.1253
65.1253
65.1253
65.1253
65.1253
65.1253
65.1253
65.1253
65.1253
65.1253
65.1253
65.1253
65.1253
65.1253
65.1253
65.1253
65.1253
65.1253
65.1253
65.1253
65.1253
65.1253
65.1253
65.1253
65.1253
65.1253
65.1253
65.1253
65.1253
65.1253
65.1253
65.1253
65.1253
65.1253
65.1253
65.1253
65.1253
65.1253
65.1253
65.1253
65.1253
65.1253
65.1253
65.1253
65.1253
65.1253
65.1253
65.1253
65.1253
65.1253
65.1253
65.1253
65.1253
65.1253
65.1253
65.1253
65.1253
65.1253
65.1253
65.1253
65.1253
65.1253
65.1253
65.1253
65.1253
65.1253
65.1253
65.1253
65.1253
65.1253
65.1253
65.1253
65.1253
65.1253
65.1253
65.1253
65.1253
65.1253
65.1253
65.1253
65.1253
65.1253
65.1253
65.1253
65.1253
65.1253
65.1253
65.1253
65.1253
65.1253
65.1253
65.1253
65.1253
65.1253
65.1253
65.1253
65.1253
65.1253
65.1253
65.1253
65.1253
65.1253
65.1253
65.1253
65.1253
65.1253
65.1253
65.1253
65.1253
65.1253
65.1253
65.1253
65.1253
65.1253
65.1253
65.1253
65.1253
65.1253
65.1253
65.1253
65.1253
65.1253
65.1253
65.1253
65.1253
65.1253
65.1253
65.1253
65.1253
65.1253
65.1253
65.1253
65.1253
65.1253
65.1253
65.1253
65.1253
65.1253
65.1253
65.1253
65.1253
65.1253
65.1253
65.1253
65.1253
65.1253
65.1253
65.1253
65.1253
65.1253
65.1253
65.1253
65.1253
65.1253
65.1253
65.1253
65.1253
65.1253
65.1253
65.1253
65.1253
65.1253
65.1253
65.1253
65.1253
65.1253
65.1253
65.1253
65.1253
65.1253
65.1253
65.1253
65.1253
65.1253
65.1253
65.1253
65.1253
65.1253
65.1253
65.1253
65.1253
65.1253
65.1253
65.1253
65.1253
65.1253
65.1253
65.1253
65.1253
65.1253
65.1253
65.1253
65.1253
65.1253
65.1253
65.1253
65.1253
65.1253
65.1253
65.1253
65.1253
65.1253
65.1253
65.1253
65.1253
65.1253
65.1253
65.1253
65.1253
65.1253
65.1253
65.1253
65.1253
65.1253
65.1253
65.1253
65.1253
65.1253
65.1253
65.1253
65.1253
65.1253
65.1253
65.1253
65.1253
65.1253
65.1253
65.1253
65.1253
65.1253
65.1253
65.1253
65.1253
65.1253
65.1253
65.1253
65.1253
65.1253
65.1253
65.1253
65.1253
65.1253
65.1253
65.1253
65.1253
65.1253
65.1253
65.1253
65.1253
65.1253
65.1253
65.1253
65.1253
65.1253
65.1253
65.1253
65.1253
65.1253
65.1253
65.1253
65.1253
65.1253
65.1253
65.1253
65.1253
65.1253
65.1253
65.1253
65.1253
65.1253
65.1253
65.1253
65.1253
65.1253
65.1253
65.1253
65.1253
65.1253
65.1253
65.1253
65.1253
65.1253
65.1253
65.1253
65.1253
65.1253
65.1253
65.1253
65.1253
65.1253
65.1253
65.1253
65.1253
65.1253
65.1253
65.1253
65.1253
65.1253
65.1253
65.1253
65.1253
65.1253
65.1253
65.1253
65.1253
65.1253
65.1253
65.1253
65.1253
65.1253
65.1253
65.1253
65.1253
65.1253
65.1253
65.1253
65.1253
65.1253
65.1253
65.1253
65.1253
65.1253
65.1253
65.1253
65.1253
65.1253
65.1253
65.1253
65.1253
65.1253
65.1253
65.1253
65.1253
65.1253
65.1253
65.1253
65.1253
65.1253
65.1253
65.1253
65.1253
65.1253
65.1253
65.1253
65.1253
65.1253
65.1253
65.1253
65.1253
65.1253
65.1253
65.1253
65.1253
65.1253
65.1253
65.1253
65.1253
65.1253
65.1253
65.1253
65.1253
65.1253
65.1253
65.1253
65.1253
65.1253
65.1253
65.1253
65.1253
65.1253
65.1253
65.1253
65.1253
65.1253
65.1253
65.1253
65.1253
65.1253
65.1253
65.1253
65.1253
65.1253
65.1253
65.1253
65.1253
65.1253
65.1253
65.1253
65.1253
65.1253
65.1253
65.1253
65.1253
65.1253
65.1253
65.1253
65.1253
65.1253
65.1253
65.1253
65.1253
65.1253
65.1253
65.1253
65.1253
65.1253
65.1253
65.1253
65.1253
65.1253
65.1253
65.1253
65.1253
65.1253
65.1253
65.1253
65.1253
65.1253
65.1253
65.1253
65.1253
65.1253
65.1253
65.1253
65.1253
65.1253
65.1253
65.1253
65.1253
65.1253
65.1253
65.1253
65.1253
65.1253
65.1253
65.1253
65.1253
65.1253
65.1253
65.1253
65.1253
65.1253
65.1253
65.1253
65.1253
65.1253
65.1253
65.1253
65.1253
65.1253
65.1253
65.1253
65.1253
65.1253
65.1253
65.1253
65.1253
65.1253
65.1253
65.1253
65.1253
65.1253
65.1253
65.1253
65.1253
65.1253
65.1253
65.1253
65.1253
65.1253
65.1253
65.1253
65.1253
65.1253
65.1253
65.1253
65.1253
65.1253
65.1253
65.1253
65.1253
65.1253
65.1253
65.1253
65.1253
65.1253
65.1253
65.1253
65.1253
65.1253
65.1253
65.1253
65.1253
65.1253
65.1253
65.1253
65.1253
65.1253
65.1253
65.1253
65.1253
65.1253
65.1253
65.1253
65.1253
65.1253
65.1253
65.1253
65.1253
65.1253
65.1253
65.1253
65.1253
65.1253
65.1253
65.1253
65.1253
65.1253
65.1253
65.1253
65.1253
65.1253
65.1253
65.1253
65.1253
65.1253
65.1253
65.1253
65.1253
65.1253
65.1253
65.1253
65.1253
65.1253
65.1253
65.1253
65.1253
65.1253
65.1253
65.1253
65.1253
65.1253
65.1253
65.1253
65.1253
65.1253
65.1253
65.1253
65.1253
65.1253
65.1253
65.1253
65.1253
65.1253
65.1253
65.1253
65.1253
65.1253
65.1253
65.1253
65.1253
65.1253
65.1253
65.1253
65.1253
65.1253
65.1253
65.1253
65.1253
65.1253
65.1253
65.1253
65.1253
65.1253
65.1253
65.1253
65.1253
65.1253
65.1253
65.1253
65.1253
65.1253
65.1253
65.1253
65.1253
65.1253
65.1253
65.1253
65.1253
65.1253
65.1253
65.1253
65.1253
65.1253
65.1253
65.1253
65.1253
65.1253
65.1253
65.1253
65.1253
65.1253
65.1253
65.1253
65.1253
65.1253
65.1253
65.1253
65.1253
65.1253
65.1253
65.1253
65.1253
65.1253
65.1253
65.1253
65.1253
65.1253
65.1253
65.1253
65.1253
65.1253
65.1253
65.1253
65.1253
65.1253
65.1253
65.1253
65.1253
65.1253
65.1253
65.1253
65.1253
65.1253
65.1253
65.1253
65.1253
65.1253
65.1253
65.1253
65.1253
65.1253
65.1253
65.1253
65.1253
65.1253
65.1253
65.1253
65.1253
65.1253
65.1253
65.1253
65.1253
65.1253
65.1253
65.1253
65.1253
65.1253
65.1253
65.1253
65.1253
65.1253
65.1253
65.1253
65.1253
65.1253
65.1253
65.1253
65.1253
65.1253
65.1253
65.1253
65.1253
65.1253
65.1253
65.1253
65.1253
65.1253
65.1253
65.1253
65.1253
65.1253
65.1253
65.1253
65.1253
65.1253
65.1253
65.1253
65.1253
65.1253
65.1253
65.1253
65.1253
65.1253
65.1253
65.1253
65.1253
65.1253
65.1253
65.1253
65.1253
65.1253
65.1253
65.1253
65.1253
65.1253
65.1253
65.1253
65.1253
65.1253
65.1253
65.1253
65.1253
65.1253
65.1253
65.1253
65.1253
65.1253
65.1253
65.1253
65.1253
65.1253
65.1253
65.1253
65.1253
65.1253
65.1253
65.1253
65.1253
65.1253
65.1253
65.1253
65.1253
65.1253
65.1253
65.1253
65.1253
65.1253
65.1253
65.1253
65.1253
65.1253
65.1253
65.1253
65.1253
65.1253
65.1253
65.1253
65.1253
65.1253
65.1253
65.1253
65.1253
65.1253
65.1253
65.1253
65.1253
65.1253
65.1253
65.1253
65.1253
65.1253
65.1253
65.1253
65.1253
65.1253
65.1253
65.1253
65.1253
65.1253
65.1253
65.1253
65.1253
65.1253
65.1253
65.1253
65.1253
65.1253
65.1253
65.1253
65.1253
65.1253
65.1253
65.1253
65.1253
65.1253
65.1253
65.1253
65.1253
65.1253
65.1253
65.1253
65.1253
65.1253
65.1253
65.1253
65.1253
65.1253
65.1253
65.1253
65.1253
65.1253
65.1253
65.1253
65.1253
65.1253
65.1253
65.1253
65.1253
65.1253
65.1253
65.1253
65.1253
65.1253
65.1253
65.1253
65.1253
65.1253
65.1253
65.1253
65.1253
65.1253
65.1253
65.1253
65.1253
65.1253
65.1253
65.1253
65.1253
65.1253
65.1253
65.1253
65.1253
65.1253
65.1253
65.1253
65.1253
65.1253
65.1253
65.1253
65.1253
65.1253
65.1253
65.1253
65.1253
65.1253
65.1253
65.1253
65.1253
65.1253
65.1253
65.1253
65.1253
65.1253
65.1253
65.1253
65.1253
65.1253
65.1253
65.1253
65.1253
65.1253
65.1253
65.1253
65.1253
65.1253
65.1253
65.1253
65.1253
65.1253
65.1253
65.1253
65.1253
65.1253
65.1253
65.1253
65.1253
65.1253
65.1253
65.1253
65.1253
65.1253
65.1253
65.1253
65.1253
65.1253
65.1253
65.1253
65.1253
65.1253
65.1253
65.1253
65.1253
65.1253
65.1253
65.1253
65.1253
65.1253
65.1253
65.1253
65.1253
65.1253
