427.463
423.124
423.124
410.225
410.225
402.851
402.851
400.238
400.238
400.238
386.124
386.124
378.83
378.83
378.221
377.895
371.592
364.64
359.466
351.899
351.899
338.251
338.251
338.251
335.136
329.717
327.833
325.948
325.948
322.807
322.258
322.087
319.404
314.93
314.93
312.361
311.726
307.789
307.568
297.929
297.929
297.929
297.929
291.901
291.901
291.901
290.941
290.941
290.124
288.954
288.312
283.269
276.923
276.923
275.135
275.135
269.484
269.484
262.56
262.56
262.56
262.56
261.008
261.008
261.008
259.772
259.772
252.854
252.854
252.854
252.03
250.433
250.411
249.472
245.039
245.039
243.851
243.851
242.319
237.061
237.061
237.061
226.238
226.238
226.238
226.238
226.238
225.978
225.978
222.727
222.278
221.377
221.377
221.267
219.757
219.757
217.442
217.38
217.38
217.38
217.38
216.068
216.068
216.068
215.802
214.992
214.992
214.992
213.869
213.211
213.211
210.384
210.105
210.105
210.105
207.029
207.029
207.029
203.602
203.602
202.697
202.253
202.177
202.12
200.828
200.796
200.796
200.796
200.796
198.944
198.944
198.944
192.71
192.71
192.435
192.435
192.435
192.149
189.691
188.47
186.235
186.18
186.18
185.566
185.566
181.949
181.949
181.949
180.82
180.791
180.746
180.147
180.147
178.124
175.959
175.959
174.053
174.053
174.053
173.147
173.134
173.134
173.134
172.378
172.378
169.206
169.206
168.53
168.53
165.938
165.938
163.983
163.983
163.983
163.085
163.085
161.747
161.747
161.595
161.564
160.39
160.39
160.39
159.41
159.083
159.083
159.083
159.083
159.083
158.85
158.85
158.85
156.064
156.064
156.064
156.064
156.064
155.795
155.795
155.795
155.795
155.289
155.289
155.289
154.99
154.99
154.99
154.99
154.209
154.209
154.209
152.453
152.453
152.453
152.453
152.453
152.453
152.453
152.452
150.877
150.877
149.897
149.897
149.897
149.897
149.897
149.897
149.784
148.793
148.793
148.68
148.68
148.639
146.874
146.874
146.874
146.075
146.075
146.075
146.075
146.075
145.135
145.135
144.921
144.379
144.316
143.958
143.958
143.958
143.958
143.958
142.919
142.907
142.907
142.386
142.321
142.321
142.321
142.055
142.055
142.055
141.174
141.174
141.048
141.048
141.01
139.529
139.529
139.529
139.529
139.529
139.094
139.094
139.094
139.094
139.014
139.014
139.014
139.014
138.532
136.689
136.689
136.689
136.689
136.689
136.689
135.739
135.739
135.739
135.739
135.739
135.739
134.138
134.138
134.138
134.138
134.138
133.462
133.17
132.849
132.849
132.849
132.79
132.72
132.406
131.476
131.476
131.476
131.476
131.476
131.476
131.303
131.238
131.238
131.238
131.238
130.149
130.149
130.149
130.04
130.04
129.946
129.946
129.498
129.498
129.498
129.498
129.498
129.152
128.911
128.911
128.275
128.275
128.275
128.275
128.275
128.275
128.275
128.275
128.275
126.392
126.392
126.392
126.392
126.392
126.392
126.198
125.76
125.76
125.76
124.1
124.1
124.1
124.1
123.593
123.593
122.883
122.883
122.883
122.883
122.029
122.029
122.029
122.029
122.029
122.029
122.029
121.366
121.366
121.366
121.178
120.475
120.475
120.475
120.475
120.475
120.475
120.475
120.475
120.475
120.475
120.475
120.475
120.475
120.128
119.633
119.633
119.633
119.633
119.239
119.239
119.239
119.239
119.239
119.239
118.099
118.099
117.892
117.892
117.094
117.094
117.094
117.094
116.498
116.498
115.151
115.151
114.358
114.358
114.341
114.009
114.009
114.009
113.567
113.567
113.301
113.301
113.301
113.301
113.301
111.648
111.648
111.329
111.329
111.329
111.329
111.329
111.329
111.329
110.983
110.983
110.983
110.205
110.205
110.205
110.199
110.199
110.199
109.669
108.678
108.678
108.678
108.678
108.678
108.304
108.304
108.304
108.304
108.304
108.304
108.304
108.304
108.304
108.304
108.304
108.304
108.304
108.304
108.304
108.304
107.592
107.592
107.592
107.561
107.561
107.561
106.521
106.521
106.366
106.366
106.366
106.162
106.162
106.162
106.162
105.735
105.735
105.735
105.735
105.735
105.601
105.601
105.601
105.601
105.601
104.598
104.598
104.598
104.539
104.539
104.539
104.539
104.539
104.539
104.539
104.539
104.361
104.361
104.361
103.758
102.006
102.006
101.921
101.921
101.921
101.921
101.921
101.921
101.921
101.921
101.921
101.921
101.921
101.47
101.47
101.47
101.47
101.47
101.47
101.47
101.47
101.191
101.191
101.191
100.949
100.949
100.949
100.949
100.949
100.949
100.949
100.652
100.652
100.533
100.533
100.533
100.533
100.533
100.533
100.533
100.533
100.533
100.533
100.533
100.533
100.533
100.533
100.533
100.533
100.533
100.533
99.5421
99.5421
99.5421
99.5421
99.5421
99.5421
98.8375
98.8375
98.8375
98.8375
98.8375
98.8375
98.8375
98.8375
98.0551
98.0551
98.0551
98.0551
98.0551
98.0551
98.0551
98.0551
98.0551
98.0551
98.0551
98.0551
98.0506
97.5049
97.5049
97.5049
97.5049
97.5049
97.5049
97.5049
97.5049
97.5049
97.5049
97.5049
97.5049
97.5049
97.5049
97.5049
97.5049
97.5049
97.4647
97.1727
97.1727
97.1727
97.1727
97.1727
97.1727
97.1727
97.1727
97.1727
97.1727
97.1727
97.1727
97.1727
97.1727
97.1727
97.1727
97.1727
97.1727
97.1727
97.1727
96.6824
96.6824
96.6824
96.6723
96.6723
96.6723
96.6723
95.982
95.982
95.982
95.982
95.982
95.4916
95.4916
95.4916
95.4916
95.4916
95.4916
95.2333
95.2333
94.7429
94.7429
94.7429
94.7429
94.7429
94.7429
94.7429
94.7429
94.7429
94.7429
94.7429
94.7429
94.7429
94.5564
94.5564
94.5564
94.5564
94.5564
94.5564
94.5564
94.5564
94.5564
94.5564
94.5564
94.5564
94.5564
94.1536
94.1536
94.1536
94.1536
94.1536
94.0063
94.0063
94.0063
94.0063
94.0063
94.0063
94.0063
94.0063
94.0063
94.0063
94.0063
93.394
93.394
93.394
93.394
93.394
93.394
93.394
93.394
93.394
93.223
93.223
93.223
93.1843
93.1843
93.1843
93.1843
93.1843
93.1843
93.1843
93.1843
93.1843
92.9464
92.9464
92.9464
92.9464
92.9464
92.9464
92.9464
92.3143
92.3143
92.3143
92.3143
92.3143
92.3143
92.3143
92.3143
92.3143
92.3143
92.3143
92.3143
92.3143
92.3143
92.3143
92.1057
92.1057
92.1057
92.1057
92.1057
92.1057
92.1057
92.1057
92.1057
92.1057
91.9793
91.9793
91.9793
91.7159
91.7159
91.7159
91.7159
91.7159
91.1271
91.1271
91.1271
91.1271
91.1271
91.1271
91.1271
91.1271
90.5944
90.5944
90.5944
90.0639
90.0639
90.0639
90.0639
90.0639
89.9375
89.9375
89.8005
89.8005
89.8005
89.8005
89.8005
89.8005
89.5625
89.5625
88.8902
88.8902
88.8902
88.8902
88.8902
88.8902
88.8902
88.8902
88.2516
88.2516
88.2516
88.2516
88.2516
88.2516
88.2516
88.2516
88.2516
88.2516
88.2516
88.2516
88.2516
88.2516
88.2516
88.2516
88.1728
88.1728
88.1728
88.1728
88.1728
88.1728
88.1728
88.1728
88.1728
88.1728
88.1728
88.1728
88.1728
88.1728
88.1728
87.955
87.955
87.9463
87.9463
87.9463
87.9463
87.9463
87.9463
87.9463
87.6573
87.6573
87.6573
87.6573
87.6573
87.6573
87.6573
87.6573
87.6573
87.6573
87.6573
87.6573
87.6573
87.6573
87.6483
87.6483
87.6483
87.6483
87.6483
87.6483
87.0496
87.0496
87.0496
87.0496
87.0496
87.0496
87.0496
87.0496
87.0496
86.8424
86.8424
86.8424
86.8424
86.8424
86.8424
86.8424
86.8424
86.8424
86.8424
86.8424
86.8424
86.8424
86.8424
86.8424
86.623
86.623
86.623
86.623
86.623
86.623
86.623
86.623
86.623
86.623
86.623
86.623
86.623
86.623
86.623
86.623
86.623
86.623
86.3549
86.3549
86.3549
86.3549
86.3549
86.3549
86.3549
86.3549
86.3549
86.3549
86.3549
86.3549
86.3549
86.3549
86.3549
86.3549
86.3549
86.3549
86.3549
86.3549
86.3549
86.3549
86.3549
86.3549
86.3549
86.3549
86.3549
86.3549
86.3549
86.3549
86.3549
86.3549
86.3549
86.3549
86.3549
86.1005
86.0242
86.0242
86.0242
86.0242
86.0242
86.0242
86.0242
86.0242
86.0242
85.2915
85.2915
85.2915
85.2915
85.2915
85.2915
85.2915
84.9486
84.9486
84.9486
84.9486
84.9486
84.9486
84.9486
84.9486
84.9486
84.9486
84.9486
84.9486
84.9486
84.9486
84.9486
84.9486
84.7757
84.7757
84.7757
84.7757
84.7757
84.7757
84.7757
84.7757
84.7757
84.7757
84.7757
84.7757
84.7757
84.7757
84.7757
84.7757
84.5524
84.5524
84.5524
84.5524
84.5524
84.5524
84.5524
84.5524
84.5524
84.5524
84.5524
84.5524
84.5524
84.5524
84.5524
84.5524
84.5524
84.5524
84.5524
84.5524
84.5524
84.5524
84.5524
84.5524
84.5524
84.5524
84.5524
84.5524
84.5524
84.5524
84.5524
84.1271
84.1271
84.1271
84.1271
84.1271
84.1271
84.1271
84.1271
84.0007
84.0007
74.6537
74.6537
74.6537
74.6537
74.6537
74.6537
74.6537
74.6537
74.6537
74.6537
74.6537
74.52
74.52
74.52
74.52
74.52
74.52
74.52
74.52
74.52
74.52
74.52
74.52
74.52
74.52
74.52
74.52
74.52
74.52
74.52
74.52
74.52
74.52
74.52
74.52
74.3871
74.3871
74.3871
74.3871
74.3193
74.3193
74.3193
74.3193
74.3193
74.3193
74.3193
74.3193
74.3193
74.3193
74.3193
74.3193
74.3193
74.3193
73.8542
73.8542
73.8542
73.8542
73.8542
73.8542
73.7572
73.7572
73.7572
73.7572
73.7572
73.7572
73.7572
73.7572
73.7572
73.7572
73.7572
73.7572
73.7572
73.7572
73.7572
73.7572
73.7572
73.7572
73.7572
73.7572
73.7572
73.7572
73.7572
73.7572
73.5093
73.5093
73.3608
73.3608
73.3608
73.3608
73.3608
73.3608
73.3608
73.3608
73.3608
73.3608
73.3608
73.3608
73.3608
73.3608
73.3608
73.3608
73.3608
73.3608
73.3608
73.3608
73.3608
73.3608
73.3608
73.3608
73.3608
73.2432
73.2432
73.2432
73.2432
73.2432
73.2432
73.2432
73.2432
73.2432
73.2432
73.2432
73.2432
73.2432
73.2432
73.2432
73.2432
73.2432
73.2432
73.2432
73.2432
73.2432
73.2432
73.2432
73.2432
73.2432
73.2432
73.2432
73.2432
73.2432
73.2432
73.2432
73.2432
73.2432
73.2432
73.2432
73.2432
73.2432
73.2432
73.2432
73.2432
73.2432
73.2432
73.2432
73.2432
73.2432
73.2432
73.2432
73.2432
73.2432
73.2432
73.2432
73.024
73.024
73.024
73.024
73.024
73.024
73.024
73.024
73.024
73.024
73.024
73.024
73.024
73.024
73.024
73.024
73.024
73.024
73.024
73.024
73.024
73.024
73.024
73.024
73.024
73.024
73.024
73.024
73.024
73.024
73.024
73.024
73.024
73.024
73.024
73.024
73.024
73.024
73.024
73.024
73.024
73.024
73.024
73.024
72.8113
72.8113
72.8113
72.8113
72.8113
72.8113
72.8113
72.8113
72.8113
72.8113
72.8113
72.8113
72.8113
72.8113
72.8113
72.407
72.407
72.407
72.407
72.407
72.407
72.407
72.407
72.407
72.407
72.407
72.407
72.407
72.407
72.407
72.407
72.407
72.407
72.407
72.407
72.407
72.407
72.407
72.407
72.407
72.407
72.407
72.407
72.407
72.407
72.407
72.407
72.407
72.407
72.407
72.407
72.407
72.407
72.407
72.407
72.407
72.407
72.407
72.407
72.407
72.407
72.407
72.407
72.407
72.407
72.407
72.407
72.407
72.407
72.407
72.407
72.407
72.407
72.407
72.407
72.407
72.407
72.407
72.407
72.407
72.407
72.407
72.407
72.407
72.2821
72.2821
72.2821
72.2821
72.2821
72.2821
72.2821
72.2821
72.2821
72.2821
72.2821
72.2821
72.2821
72.2821
72.2821
72.2821
72.2821
72.2821
72.2821
72.2821
72.2821
72.2821
72.2821
72.2821
72.2821
72.2821
72.2821
72.2821
72.2821
72.2821
72.2821
72.2821
72.2821
72.2821
72.0612
72.0612
72.0612
72.0612
72.0612
72.0612
72.0612
72.0612
72.0612
72.0612
72.0612
72.0612
72.0612
72.0612
72.0612
72.0612
72.0612
72.0612
72.0612
72.0612
72.0612
72.0612
72.0612
72.0612
72.0612
72.0612
72.032
72.032
72.032
72.032
72.032
72.032
72.032
72.032
72.032
72.032
72.032
72.032
72.032
72.032
72.032
72.032
72.032
72.032
72.032
72.032
72.032
72.032
72.032
72.032
72.032
72.032
72.032
72.032
72.032
72.032
72.032
72.032
72.032
72.032
71.9856
71.9856
71.9856
71.9856
71.9856
71.9856
71.9856
71.9856
71.9856
71.9856
71.9856
71.9856
71.9856
71.9856
71.9856
71.9856
71.9856
71.9856
71.9856
71.9856
71.9856
71.9856
71.9856
71.9856
71.9856
71.9856
71.9856
71.9856
71.9856
71.9856
71.9856
71.9856
71.9856
71.9856
71.9856
71.9856
71.9856
71.9856
71.9856
71.9856
71.9856
71.9856
71.9856
71.9856
71.9856
71.9856
71.9856
71.9856
71.9856
71.9856
71.9856
71.9856
71.9856
71.9856
71.9856
71.9856
71.9856
71.9856
71.9856
71.9856
71.9856
71.9856
71.9856
71.9856
71.9856
71.9856
71.9856
71.9856
71.9856
71.9856
71.9856
71.9856
71.9856
71.9856
71.9856
71.9856
71.9856
71.9856
71.9856
71.9856
71.9856
71.9856
71.9856
71.9856
71.9856
71.9856
71.9856
71.9856
71.9856
71.9856
71.9856
71.9856
71.9856
71.9856
71.9856
71.9856
71.9856
71.9856
71.9856
71.9856
71.9856
71.9856
71.9856
71.9856
71.9856
71.9856
71.9856
71.9856
71.9856
71.9856
71.9856
71.9856
71.9856
71.9856
71.9856
71.9856
71.9856
71.9856
71.9856
71.9856
71.7953
71.7953
71.7953
71.7953
71.7953
71.7953
71.7953
71.7953
71.7953
71.7953
71.7953
71.7953
71.7953
71.7953
71.7953
71.7953
71.7953
71.7953
71.7953
71.7953
71.7953
71.7953
71.7953
71.7953
71.7953
71.7953
71.7953
71.7953
71.7953
71.7953
71.7953
71.7953
71.7953
71.7953
71.7953
71.7953
71.7953
71.7953
71.7953
71.7953
71.7953
71.7953
71.7953
71.7953
71.7953
71.7953
71.7953
71.7953
71.7953
71.7953
71.7953
71.7953
71.7953
71.7953
71.7953
71.7953
71.7953
71.7953
71.7953
71.7953
71.7953
71.7953
71.7953
71.7953
71.7953
71.7953
71.7953
71.7953
71.7953
71.7953
71.7953
71.7953
71.7953
71.7953
71.7953
71.7953
71.7953
71.7953
71.7953
71.7953
71.7953
71.7953
71.7953
71.7953
71.7953
71.7953
71.7953
71.7953
71.7953
71.7953
71.7953
71.7953
71.7953
71.7953
71.7953
71.7953
71.7953
71.7953
71.7953
71.7953
71.7953
71.7953
71.7953
71.7953
71.7953
71.7953
71.7953
71.7953
71.7953
71.7953
71.7953
71.7953
71.7953
71.7953
71.7953
71.7953
71.7953
71.7953
71.7953
71.7953
71.7953
71.7953
71.7953
71.7953
71.7953
71.7953
71.7953
71.7953
71.7953
71.7953
71.7953
71.7953
71.7953
71.7953
71.7953
71.7953
71.7953
71.7953
71.7953
71.7953
71.7953
71.7953
71.7953
71.7953
71.7953
71.7953
71.7953
71.7953
71.7953
71.7953
71.7953
71.7953
71.7953
71.7953
71.7953
71.7953
71.7953
71.7953
71.7953
71.7953
71.7953
71.7953
71.7953
71.7953
71.7953
71.7953
71.7953
71.7953
71.7953
71.7953
71.7953
71.7953
71.7953
71.7953
71.7953
71.7953
71.7953
71.7953
71.7953
71.7953
71.7953
71.7953
71.7953
71.7953
71.7953
71.7953
71.7953
71.7953
71.7953
71.7953
71.7953
71.7953
71.7953
71.7953
71.7953
71.7953
71.7953
71.7953
71.7953
71.7953
71.7953
71.7953
71.7953
71.7953
71.7953
71.7953
71.7953
71.7953
71.7953
71.7953
71.7953
71.7953
71.7953
71.7953
71.7953
71.7953
71.7953
71.7758
71.7758
71.7758
71.7758
71.7758
71.7758
71.7758
71.7758
71.7758
71.7758
71.7758
71.7758
71.7758
71.7758
71.7758
71.7758
71.7758
71.7758
71.7758
71.6386
71.6386
71.6386
71.2511
71.2511
71.2511
71.2511
71.2511
71.2511
71.2511
71.2511
71.2511
71.2511
71.2511
71.2511
71.2511
71.2511
71.2511
71.2511
71.2511
71.2511
71.2511
71.2511
71.2511
71.2511
71.2511
71.2511
71.2511
71.2511
71.2511
71.2511
71.2511
71.2511
71.2511
71.2511
71.2511
71.2511
71.2511
71.2511
71.2511
71.2511
71.2511
71.2511
70.6413
70.6413
70.6413
70.6413
70.6413
70.6413
70.6413
70.6413
70.6413
70.6413
70.6413
70.6413
70.6413
70.6413
70.6413
70.6413
70.6413
70.6413
70.6413
70.6413
70.6413
70.6413
70.6413
70.6413
70.6413
70.6413
70.6413
70.6413
70.6413
70.6413
70.6413
70.6413
70.6413
70.6413
70.6413
70.6413
70.6413
70.6413
70.6413
70.6413
70.6413
70.6413
70.6413
70.6413
70.6413
70.6413
70.6413
70.6413
70.6413
70.6413
70.6413
70.6413
70.6413
70.6413
70.6413
70.6413
70.6413
70.6413
70.6413
70.6413
70.6413
70.6413
70.6413
70.6413
70.6413
70.6413
70.6413
70.6413
70.6413
70.6413
70.6413
70.6413
70.6413
70.6413
70.6413
70.6413
70.6413
70.6413
70.6413
70.6413
70.6413
70.6413
70.6413
70.6413
70.6413
70.6413
70.6413
70.6413
70.6413
70.6413
70.6413
70.6413
70.6413
70.6413
70.6413
70.6413
70.6413
70.6413
70.6413
70.6413
70.6413
70.6413
70.6413
70.6413
70.6413
70.6413
70.6413
70.6413
70.6413
70.6413
70.6413
70.6413
70.6413
70.6413
70.6413
70.6413
70.6413
70.6413
70.6413
70.6413
70.6413
70.6413
70.6413
70.6413
70.6413
70.6413
70.6413
70.6413
70.6413
70.6413
70.6413
70.6413
70.6413
70.6413
70.6413
70.6413
70.6413
70.6413
70.6413
70.6413
70.3788
70.3788
70.3788
70.3788
70.3788
70.3788
70.3788
70.3788
70.3788
70.3788
70.3788
70.3788
70.3788
70.3788
70.2933
70.2933
70.2933
70.2933
70.2933
70.2933
70.2933
70.0649
70.0649
70.0649
70.0649
70.0649
70.0649
70.0649
70.0649
70.0649
70.0649
70.0649
70.0649
70.0649
70.0649
70.0649
70.0649
70.0649
70.0649
70.0649
70.0649
70.0649
70.0649
70.0649
70.0649
70.0649
70.0649
70.0649
70.0649
70.0649
70.0649
70.0649
70.0649
70.0649
70.0649
70.0649
70.0649
70.0649
70.0649
70.0649
70.0649
70.0649
70.0649
70.0649
70.0649
70.0649
70.0649
70.0649
70.0649
70.0649
70.0649
70.0649
70.0649
70.0649
70.0649
70.0649
70.0649
70.0649
70.0649
70.0649
70.0649
70.0649
70.0649
70.0649
70.0649
70.0649
70.0649
70.0649
70.0649
70.0649
70.0649
70.0649
70.0649
70.0649
70.0649
70.0649
70.0649
70.0649
70.0649
70.0649
70.0649
70.0649
70.0649
70.0649
70.0649
70.0649
70.0649
70.0649
70.0649
70.0649
70.0649
70.0649
70.0649
70.0649
70.0649
70.0649
70.0649
70.0649
70.0649
70.0649
70.0649
69.7486
69.7486
69.7486
69.7486
69.7486
69.7486
69.7486
69.7486
69.7486
69.7486
69.7486
69.7486
69.7486
69.7486
69.7486
69.7486
69.7486
69.7486
69.7486
69.7486
69.7486
69.7486
69.7486
69.7486
69.7486
69.7486
69.7486
69.7486
69.7486
69.7486
69.7486
69.7486
69.7486
69.7486
69.7486
69.7486
69.6388
69.6388
69.6388
69.6388
69.6388
69.6388
69.6222
69.6222
69.6222
69.6222
69.6222
69.6222
69.6222
69.6222
69.6222
69.6222
69.6222
69.6222
69.6222
69.6222
69.6222
69.6222
69.6222
69.6222
69.6222
69.6222
69.6222
69.6222
69.6222
69.6222
69.6222
69.6222
69.6222
69.6222
69.6222
69.6222
69.6222
69.6222
69.6222
69.6222
69.6222
69.6222
69.6222
69.6222
69.6222
69.6222
69.6222
69.6222
69.6222
69.6222
69.6222
69.6222
69.6222
69.6222
69.6222
69.6222
69.6222
69.6222
69.6222
69.6222
69.6222
69.6222
69.6222
69.6222
69.6222
69.6222
69.6222
69.6222
69.6222
69.6222
69.6222
69.6222
69.6222
69.6222
69.6222
69.6222
69.6222
69.6222
69.6222
69.6222
69.6222
69.4719
69.4719
69.4719
69.4719
69.4719
69.4719
69.4719
69.4719
69.4719
69.4719
69.4719
69.4719
69.4719
69.4719
69.4719
69.4719
69.4719
69.4719
69.4719
69.4719
69.4719
69.4719
69.4719
69.4719
69.4719
69.4719
69.4719
69.4719
69.4719
69.4719
69.4719
69.4719
69.4719
69.4719
69.4719
69.4719
69.4719
69.4719
69.4719
69.4719
69.4719
69.4719
69.4719
69.4719
69.4719
69.4719
69.4719
69.4719
69.4719
69.4719
69.4719
69.4719
69.4719
69.4719
69.4719
69.4719
69.4719
69.4719
69.4719
69.4719
69.4719
69.4719
69.4719
69.4719
69.4719
69.4719
69.4719
69.4719
69.4719
69.4719
69.4719
69.4719
69.4719
69.4719
69.4719
69.4719
69.4719
69.4719
69.4719
69.4719
69.4719
69.4719
69.4719
69.4719
69.4719
69.4719
69.4719
69.4719
69.4719
69.4719
69.4719
69.4719
69.4719
69.4719
69.4719
69.4719
69.4719
69.4719
69.4719
69.4719
69.4719
69.4719
69.4719
69.4719
69.4719
69.4719
69.4719
69.4719
69.4719
69.4719
69.4719
69.4719
69.4719
69.4719
69.4719
69.4719
69.4719
69.4719
69.4719
69.4719
69.4719
69.4719
69.4719
69.4719
69.4719
69.4719
69.4719
69.4719
69.4719
69.4719
69.4719
69.4719
69.4719
69.4719
69.4719
69.4719
69.4719
69.4719
69.4719
69.4719
69.4719
69.4719
69.4719
69.4719
69.4719
69.4719
69.4719
69.4719
69.4719
69.4719
69.4719
69.4719
69.4719
69.4719
69.4719
69.4719
69.4719
69.4719
69.4719
69.4719
69.4719
69.4719
69.4719
69.4719
69.4719
69.4719
69.4719
69.4719
69.4719
69.4719
69.4719
69.4719
69.4719
69.4719
69.4719
69.4719
69.4719
69.4719
69.4719
69.4719
69.4719
69.4719
69.4719
69.4719
69.4719
69.4719
69.4719
69.4719
69.4719
69.4719
69.4719
69.4719
69.4719
69.4719
69.4719
69.4719
69.4719
69.4719
69.4719
69.4719
69.4719
69.4719
69.4719
69.4719
69.4719
69.4719
69.4719
69.4719
69.4719
69.4719
69.4719
69.4719
69.4719
69.4719
69.4719
69.4719
69.4719
69.4719
69.4719
69.4719
69.4719
69.4719
69.4719
69.4719
69.4719
69.4719
69.4719
69.4719
69.4719
69.4719
69.4719
69.4719
69.4719
69.4719
69.4719
69.4719
69.4719
69.4719
69.4719
69.4719
69.4719
69.4719
69.4719
69.4719
69.4719
69.4719
69.4719
69.4719
69.4719
69.4719
69.4719
69.4719
69.4719
69.4719
69.4719
69.4719
69.4719
69.4719
69.4719
69.4719
69.4719
69.4719
69.4719
69.4719
69.4719
69.4719
69.4719
69.4719
69.4719
69.4719
69.4719
69.4719
69.4719
69.4719
69.4719
69.4719
69.4719
69.4719
69.4719
69.4719
69.4719
69.4719
69.4719
69.4719
69.4719
69.4719
69.4719
69.4719
69.4719
69.4719
69.4719
69.4719
69.4719
69.4719
69.4719
69.4719
69.4719
69.4719
69.4719
69.4719
69.4719
69.4719
69.4719
69.4719
69.4719
69.4719
69.4719
69.4719
69.4719
69.4719
69.4719
69.4719
69.4719
69.4719
69.4719
69.4719
69.4719
69.4719
69.4719
69.4719
69.4719
69.4719
69.4719
69.4719
69.4719
69.4719
69.4719
69.4719
69.4719
69.4719
69.4719
69.4719
69.4719
69.4719
69.4719
69.4719
69.4719
69.4719
69.4719
69.4719
68.9615
68.9615
68.9615
68.9615
68.9615
68.9615
68.2731
68.2731
68.2731
68.2731
68.2731
68.2731
68.2731
68.2731
68.2731
68.2731
68.2731
68.2731
68.2731
68.2731
68.2731
68.2731
68.2731
68.2731
68.2731
68.2731
68.2731
68.2731
68.2731
68.2731
68.2731
68.2731
68.2731
68.2731
68.2731
68.2731
68.2731
68.2731
68.2731
68.2731
68.2731
68.2731
68.2731
68.2731
68.2731
68.2731
68.2731
68.2731
68.2731
68.2731
68.2731
68.2731
68.2731
68.2731
68.2731
68.2731
68.2731
68.2731
68.2731
68.2731
68.2731
68.2731
68.2731
68.2731
68.2731
68.2731
68.2731
68.2731
68.2731
68.2731
68.2731
68.2731
68.2731
68.2731
68.2731
68.2731
68.2731
68.2731
68.2731
68.2731
68.2731
68.2731
68.2731
68.2731
68.2731
68.2731
68.2731
68.2731
68.2731
68.2731
68.2731
68.2731
68.2731
68.2731
68.2731
68.2731
68.2731
68.2731
68.2731
68.2731
68.2731
68.2731
68.2731
68.2731
68.2731
68.2731
68.2731
68.2731
68.2731
68.2731
68.2731
68.2731
68.2731
68.2731
68.2731
68.2731
68.2731
68.2731
68.2731
68.2731
68.2731
68.2731
68.2731
68.2731
68.2731
68.2731
68.2731
68.2731
68.2731
68.2731
68.2731
68.2731
68.2731
68.2731
68.2731
68.2731
68.2731
68.2731
68.2731
68.2731
68.2731
68.2731
68.2731
68.2731
68.2731
68.2731
68.2731
68.2731
68.2731
68.2731
68.2731
68.2731
68.2731
68.2731
68.2731
68.2731
68.2731
68.2731
68.2731
68.2731
68.2731
68.2731
68.2731
68.2731
68.2731
68.2731
68.2731
68.2731
68.2731
68.2731
68.2731
68.2731
68.2731
68.2731
68.2731
68.2731
68.2731
68.2731
68.2731
68.2731
68.2731
68.2731
68.2731
68.2731
68.2731
68.2731
68.2731
68.2731
68.2731
68.2731
68.2731
68.2731
68.2731
68.2731
68.2731
68.2731
68.2731
68.2731
68.2731
68.2731
68.2731
68.2731
68.2731
68.2731
68.2731
68.2731
68.2731
68.2731
68.2731
68.2731
68.2731
68.2731
68.2731
68.2731
68.2731
68.2731
68.2731
68.2731
68.2128
68.2128
68.2128
68.2128
68.2128
68.2128
68.2128
68.2128
68.2128
68.2128
68.2128
68.2128
68.2128
68.2128
68.2128
68.2128
68.2128
68.2128
68.2128
68.2128
68.2128
68.2128
68.2128
68.2128
68.2128
68.2128
68.2128
68.2128
68.2128
68.2128
68.2128
68.2128
68.2128
68.2128
68.2128
68.2128
68.2128
68.2128
68.2128
68.2128
68.2128
68.2128
68.2128
68.2128
68.2128
68.2128
68.2128
68.2128
68.2128
68.2128
68.2128
68.2128
68.2128
68.2128
68.2128
68.2128
68.2128
68.2128
68.2128
68.2128
68.2128
68.2128
68.2128
68.2128
68.2128
68.2128
68.2128
68.2128
68.2128
68.2128
68.2128
68.2128
68.2128
68.2128
68.2128
68.2128
68.2128
68.2128
68.2128
68.2128
68.2128
68.2128
68.2128
68.2128
68.2128
68.2128
68.2128
68.2128
68.2128
68.2128
68.2128
68.2128
68.2128
68.2128
68.2128
68.2128
68.2128
68.2128
68.2128
68.2128
68.2128
68.2128
68.2128
68.2128
68.2128
68.2128
68.2128
68.2128
68.2128
68.2128
68.2128
68.2128
68.2128
68.2128
68.2128
68.2128
68.2128
68.2128
68.2128
68.2128
68.2128
68.2128
68.2128
68.2128
68.2128
68.2128
68.2128
68.2128
68.2128
68.2128
68.2128
68.2128
68.2128
68.2128
68.2128
68.2128
68.2128
68.2128
68.2128
68.2128
68.2128
68.2128
68.2128
68.2128
68.2128
68.2128
68.2128
68.2128
68.2128
68.2128
68.2128
68.2128
68.2128
68.2128
68.2128
68.2128
68.2128
68.2128
68.2128
68.2128
68.2128
68.2128
68.2128
68.2128
68.2128
68.2128
68.2128
68.2128
68.2128
68.2128
68.2128
68.2128
68.2128
68.2128
68.2128
68.2128
68.2128
68.2128
68.2128
68.2128
68.2128
68.2128
68.2128
68.2128
68.2128
68.2128
68.2128
68.2128
68.2128
68.2128
68.2128
68.2128
68.2128
68.2128
68.2128
68.2128
68.2128
68.2128
68.2128
68.2128
68.2128
68.2128
68.2128
68.2128
68.2128
68.2128
68.2128
68.2128
68.2128
68.2128
68.2128
68.2128
68.2128
68.2128
68.2128
68.2128
68.2128
68.2128
68.2128
68.2128
68.2128
68.2128
68.2128
68.2128
68.2128
68.2128
68.2128
68.2128
68.2128
68.2128
68.2128
68.2128
68.2128
68.2128
68.2128
68.2128
68.2128
68.2128
68.2128
68.2128
68.2128
68.2128
68.2128
68.2128
68.2128
68.2128
68.2128
68.2128
68.2128
68.2128
68.2128
68.2128
68.2128
68.2128
68.2128
68.2128
68.2128
68.2128
68.2128
68.2128
68.2128
68.2128
68.2128
68.2128
68.2128
68.2128
68.2128
68.2128
68.2128
68.2128
68.2128
68.2128
68.2128
68.2128
68.2128
68.2128
68.2128
68.2128
68.2128
68.2128
68.2128
68.2128
67.8875
67.8875
67.8875
67.8875
67.8875
67.8875
67.8875
67.8875
67.8875
67.8875
67.8875
67.8875
67.8875
67.8875
67.8875
67.8875
67.8875
67.8875
67.8875
67.8875
67.8875
67.8875
67.8875
67.8875
67.8875
67.8875
67.8875
67.8875
67.8875
67.8875
67.8875
67.8875
67.8875
67.8875
67.8875
67.8875
67.8875
67.8875
67.8875
67.8875
67.8875
67.8875
67.8875
67.8875
67.8875
67.8875
67.8875
67.8875
67.8875
67.8875
67.8875
67.8875
67.8875
67.8875
67.8875
67.8875
67.8875
67.8875
67.8875
67.8875
67.8875
67.8875
67.8875
67.8875
67.8875
67.8875
67.8875
67.8875
67.8875
67.8875
67.8875
67.8875
67.8875
67.8875
67.8875
67.8875
67.8875
67.8875
67.8875
67.8875
67.8875
67.8875
67.8875
67.8875
67.8875
67.8875
67.8875
67.8875
67.8875
67.8875
67.8875
67.8875
67.8875
67.8875
67.8875
67.8875
67.8875
67.8875
67.8875
67.8875
67.8875
67.8875
67.8875
67.8875
67.8875
67.8875
67.8875
67.8875
67.8875
67.8875
67.8875
67.8875
67.8875
67.8875
67.8875
67.8875
67.8875
67.8875
67.8875
67.8875
67.8875
67.8875
67.8875
67.8875
67.8875
67.8875
67.8875
67.8875
67.8875
67.8875
67.8875
67.8875
67.8875
67.8875
67.8875
67.8875
67.8875
67.8875
67.8875
67.8875
67.8875
67.8875
67.8875
67.8875
67.8875
67.8875
67.8875
67.8875
67.8875
67.8875
67.8875
67.8875
67.8875
67.8875
67.8875
67.8875
67.8875
67.8875
67.8875
67.8875
67.8875
67.8875
67.8875
67.8875
67.8875
67.8875
67.8875
67.8875
67.8875
67.8875
67.8875
67.8875
67.8875
67.8875
67.8875
67.8875
67.8875
67.8875
67.8875
67.8875
67.8875
67.8875
67.8875
67.8875
67.8875
67.8875
67.8875
67.8875
67.8875
67.8875
67.8875
67.8875
67.8875
67.8875
67.8875
67.8875
67.8875
67.8875
67.8875
67.8875
67.8875
67.8875
67.8875
67.8875
67.8875
67.8875
67.8875
67.8875
67.8875
67.8875
67.8875
67.8875
67.8875
67.8875
67.8875
67.8875
67.8875
67.8875
67.8875
67.8875
67.8875
67.8875
67.8875
67.8875
67.8875
67.8875
67.8875
67.8875
67.8875
67.8875
67.8875
67.8875
67.8875
67.8875
67.8875
67.8875
67.8875
67.8875
67.8875
67.8875
67.8875
67.8875
67.8875
67.8875
67.8875
67.8875
67.8875
67.8875
67.8875
67.8875
67.8875
67.8875
67.8875
67.8875
67.8875
67.8875
67.8875
67.8875
67.8875
67.8875
67.8875
67.8875
67.8875
67.8875
67.8875
67.8875
67.8875
67.8875
67.8875
67.8875
67.8875
67.8875
67.8875
67.8875
67.8875
67.8875
67.8875
67.8875
67.8875
67.8875
67.8875
67.8875
67.8875
67.8875
67.8875
67.8875
67.8875
67.8875
67.8875
67.8875
67.8875
67.8875
67.8875
67.8875
67.8875
67.8875
67.8875
67.8875
67.8875
67.8875
67.8875
67.8875
67.8875
67.8875
67.8875
67.8875
67.8875
67.8875
67.8875
67.8875
67.8875
67.8875
67.8875
67.8875
67.8875
67.8875
67.8875
67.8875
67.8875
67.8875
67.8875
67.8875
67.8875
67.8875
67.8875
67.8875
67.8875
67.8875
67.8875
67.8875
67.8875
67.8875
67.8875
67.8875
67.8875
67.8875
67.8875
67.8875
67.8875
67.8875
67.8875
67.8875
67.8875
67.8875
67.8875
67.8875
67.8875
67.8875
67.8875
67.8875
67.8875
67.8875
67.8875
67.8875
67.8875
67.8875
67.8875
67.8875
67.8875
67.8875
67.8875
67.8875
67.8875
67.8875
67.8875
67.8875
67.8875
67.8875
67.8875
67.8875
67.8875
67.8875
67.8875
67.8875
67.8875
67.8875
67.8875
67.8875
67.8875
67.8875
67.8875
67.8875
67.8875
67.8875
67.8875
67.8875
67.8875
67.8875
67.8875
67.8875
67.8875
67.8875
67.8875
67.8875
67.8875
67.8875
67.8875
67.8875
67.8875
67.8875
67.8875
67.8875
67.8875
67.8875
67.8875
67.8875
67.8875
67.8875
67.8875
67.8875
67.8875
67.8875
67.8875
67.8875
67.8875
67.8875
67.8875
67.8875
67.8875
67.8875
67.8875
67.8875
67.8875
67.8875
67.8875
67.8875
67.8875
67.8875
67.8875
67.8875
67.8875
67.8875
67.8875
67.8875
67.8875
67.8875
67.8875
67.8875
67.8875
67.8875
67.8875
67.8875
67.8875
67.8875
67.8875
67.8875
67.8875
67.8875
67.8875
67.8875
67.8875
67.8875
67.8875
67.8875
67.8875
67.8875
67.8875
67.8875
67.8875
67.8875
67.8875
67.8875
67.8875
67.8875
67.8875
67.8875
67.8875
67.8875
67.8875
67.8875
67.8875
67.8875
67.8875
67.8875
67.8875
67.8875
67.8875
67.8875
67.8875
67.8875
67.8875
67.8875
67.8875
67.8875
67.8875
67.8875
67.8875
67.8875
67.8875
67.8875
67.8875
67.8875
67.8875
67.8875
67.8875
67.8875
67.8875
67.8875
67.8875
67.8875
67.6113
67.6113
67.6113
67.6113
67.5683
67.5683
67.5683
67.5683
67.5683
67.5683
67.5683
67.5683
67.421
67.421
67.421
67.421
67.421
67.421
67.421
67.421
67.421
67.421
67.421
67.421
67.421
67.421
67.421
67.421
67.421
67.421
67.421
67.421
67.421
67.421
67.421
67.421
67.421
67.421
67.421
67.421
67.421
67.421
67.421
67.421
67.421
67.421
67.421
67.421
67.421
67.421
67.421
67.421
67.421
67.421
67.421
67.421
67.421
67.421
67.421
67.421
67.421
67.421
67.421
67.421
67.421
67.421
67.421
67.421
67.421
67.421
67.421
67.421
67.421
67.421
67.421
67.421
67.421
67.421
67.421
67.421
67.421
67.421
67.421
67.421
67.421
67.421
67.421
67.421
67.421
67.421
67.421
67.421
67.421
67.421
67.421
67.421
67.421
67.421
67.421
67.421
67.421
67.421
67.421
67.421
67.421
67.421
67.421
67.421
67.421
67.421
67.421
67.421
67.421
67.421
67.421
67.421
67.421
67.421
67.421
67.421
67.421
67.421
67.421
67.421
67.421
67.421
67.421
67.421
67.421
67.421
67.421
67.421
67.421
67.421
67.421
67.421
67.421
67.421
67.421
67.421
67.421
67.421
67.421
67.421
67.421
67.421
67.421
67.421
67.421
67.421
67.421
67.421
67.421
67.421
67.421
67.421
67.421
67.421
67.421
67.421
67.421
67.421
67.421
67.421
67.421
67.421
67.421
67.421
67.421
67.421
67.421
67.421
67.421
67.421
67.421
67.421
67.421
67.421
67.421
67.421
67.421
67.421
67.421
67.421
67.421
67.421
67.421
67.421
67.421
67.421
67.421
67.421
67.421
67.421
67.421
67.421
67.421
67.421
67.421
67.421
67.421
67.421
67.421
67.421
67.421
67.421
67.421
67.421
67.421
67.421
67.421
67.421
67.421
67.421
67.421
67.421
67.421
67.421
67.421
67.421
67.421
67.421
67.421
67.421
67.421
67.421
67.421
67.421
67.421
67.421
67.421
67.421
67.421
67.421
67.421
67.421
67.421
67.421
67.421
67.421
67.421
67.421
67.421
67.421
67.421
67.421
67.421
67.421
67.421
67.421
67.421
67.421
67.421
67.421
67.421
67.421
67.421
67.421
67.421
67.421
67.421
67.421
67.421
67.421
67.421
67.421
67.421
67.421
67.421
67.421
67.421
67.421
67.421
67.421
67.421
67.421
67.421
67.421
67.421
67.421
67.421
67.421
67.421
67.421
67.421
67.421
67.421
67.421
67.421
67.421
67.421
67.421
67.421
67.421
67.421
67.421
67.421
67.421
67.421
67.421
67.421
67.421
67.421
67.421
67.421
67.421
67.421
67.421
67.421
67.421
67.421
67.421
67.421
67.421
67.421
67.421
67.421
67.421
67.421
67.421
67.421
67.421
67.421
67.421
67.421
67.421
67.421
67.421
67.421
67.421
67.421
67.421
67.421
67.421
67.421
67.421
67.421
67.421
67.421
67.421
67.421
67.421
67.421
67.421
67.421
67.421
67.421
67.421
67.421
67.421
67.421
67.421
67.421
67.421
67.421
67.421
67.421
67.421
67.421
67.421
67.421
67.421
67.421
67.421
67.421
67.421
67.421
67.421
67.421
67.421
67.421
67.421
67.421
67.421
67.421
67.421
67.421
67.421
67.421
67.421
67.421
67.421
67.421
67.421
67.421
67.421
67.421
67.421
67.421
67.421
67.421
67.421
67.421
67.421
67.421
67.421
67.421
67.421
67.421
67.421
67.421
67.421
67.421
67.421
67.421
67.421
67.421
67.421
67.421
67.421
67.421
67.421
67.421
67.421
67.421
67.421
67.421
67.421
67.421
67.421
67.421
67.421
67.421
67.421
67.421
67.421
67.421
67.421
67.421
67.421
67.421
67.421
67.421
67.421
67.421
67.421
67.421
67.421
67.421
67.421
67.421
67.421
67.421
67.421
67.421
67.421
67.421
67.421
67.421
67.421
67.421
67.421
67.421
67.421
67.421
67.421
67.421
67.421
67.421
67.421
67.421
67.421
67.421
67.421
67.421
67.421
67.421
67.421
67.421
67.421
67.421
67.421
67.421
67.421
67.421
67.421
67.421
67.421
67.421
67.421
67.421
67.421
67.421
67.421
67.421
67.421
67.421
67.421
67.421
67.421
67.421
67.421
67.421
67.421
67.421
67.421
67.421
67.421
67.421
67.421
67.4142
67.4142
67.4142
67.4142
67.4142
67.4142
67.4142
67.4142
67.4142
67.4142
67.4142
67.4142
67.4142
67.4142
67.4142
67.4142
67.4142
67.4142
67.4142
67.4142
67.4142
67.4142
67.4142
67.4142
67.4142
67.4142
67.4142
67.4142
67.4142
67.4142
67.4142
67.4142
67.4142
67.4142
67.4142
67.4142
67.4142
67.4142
67.4142
67.4142
67.4142
67.4142
67.4142
67.4142
67.4142
67.4142
67.4142
67.4142
67.4142
67.4142
67.4142
67.4142
67.4142
67.4142
67.4142
67.4142
67.4142
67.4142
67.4142
67.4142
67.4142
67.4142
67.4142
67.4142
67.4142
67.4142
67.4142
67.4142
67.4142
67.4142
67.4142
67.4142
67.4142
67.4142
67.4142
67.4142
67.4142
67.4142
67.4142
67.4142
67.4142
67.4142
67.4142
67.4142
67.4142
67.4142
67.4142
67.4142
67.4142
67.4142
67.4142
67.4142
67.4142
67.4142
67.4142
67.4142
67.4142
67.4142
67.4142
67.4142
67.4142
67.4142
67.4142
67.4142
67.4142
67.4142
67.4142
67.4142
67.4142
67.4142
67.4142
67.4142
67.4142
67.4142
67.4142
67.4142
67.4142
67.4142
67.4142
67.4142
67.4142
67.4142
67.4142
67.4142
67.4142
67.4142
67.4142
67.4142
67.4142
67.4142
67.4142
67.4142
67.4142
67.4142
67.4142
67.4142
67.4142
67.4142
67.4142
67.4142
67.4142
67.4142
67.4142
67.4142
67.4142
67.4142
67.4142
67.4142
67.4142
67.4142
67.4142
67.4142
67.4142
67.4142
67.4142
67.4142
67.4142
67.4142
67.4142
67.4142
67.4142
67.4142
67.4142
67.4142
67.4142
67.4142
67.4142
67.4142
67.4142
67.4142
67.4142
67.4142
67.4142
67.4142
67.4142
67.4142
67.4142
67.4142
67.4142
67.4142
67.4142
67.4142
67.4142
67.4142
67.4142
67.4142
67.4142
67.4142
67.4142
67.4142
67.4142
67.4142
67.4142
67.4142
67.4142
67.4142
67.4142
67.4142
67.4142
67.4142
67.4142
67.4142
67.4142
67.4142
67.4142
67.4142
67.4142
67.4142
67.4142
67.4142
67.4142
67.4142
67.4142
67.4142
67.4142
67.4142
67.4142
67.4142
67.4142
67.4142
67.4142
67.4142
67.4142
67.4142
67.4142
67.4142
67.4142
67.4142
67.4142
67.4142
67.4142
67.4142
67.4142
67.4142
67.4142
67.4142
67.4142
67.4142
67.4142
67.4142
67.4142
67.4142
67.4142
67.4142
67.4142
67.4142
67.4142
67.4142
67.4142
67.4142
67.4142
67.4142
67.4142
67.4142
67.4142
67.4142
67.4142
67.4142
67.4142
67.4142
67.4142
67.4142
67.4142
67.4142
67.4142
67.4142
67.4142
67.4142
67.4142
67.4142
67.4142
67.4142
67.4142
67.4142
67.4142
67.4142
67.4142
67.4142
67.4142
67.4142
67.4142
67.4142
67.4142
67.4142
67.4142
67.4142
67.4142
67.4142
67.4142
67.4142
67.4142
67.4142
67.4142
67.4142
67.4142
67.4142
67.4142
67.4142
67.4142
67.4142
67.4142
67.4142
67.4142
67.4142
67.4142
67.4142
67.4142
67.4142
67.4142
67.4142
67.4142
67.4142
67.4142
67.4142
67.4142
67.4142
67.4142
67.4142
67.4142
67.4142
67.4142
67.4142
67.4142
67.4142
67.4142
67.4142
67.4142
67.4142
67.4142
67.4142
67.4142
67.4142
67.4142
67.4142
67.4142
67.4142
67.4142
67.4142
67.4142
67.4142
67.4142
67.4142
67.4142
67.4142
67.4142
67.4142
67.4142
67.4142
67.4142
67.4142
67.4142
67.4142
67.4142
67.4142
67.4142
67.4142
67.4142
67.4142
67.4142
67.4142
67.4142
67.4142
67.4142
67.4142
67.4142
67.4142
67.4142
67.4142
67.4142
67.4142
67.4142
67.4142
67.4142
67.4142
67.4142
67.4142
67.4142
67.4142
67.4142
67.4142
67.4142
67.4142
67.4142
67.4142
67.4142
67.4142
67.4142
67.4142
67.4142
67.4142
67.4142
67.4142
67.4142
67.4142
67.4142
67.4142
67.4142
67.4142
67.4142
67.4142
67.4142
67.4142
67.4142
67.4142
67.4142
67.4142
67.4142
67.4142
67.4142
67.4142
67.4142
67.4142
67.4142
67.4142
67.4142
67.4142
67.4142
67.4142
67.4142
67.4142
67.4142
67.4142
67.4142
67.4142
67.4142
67.4142
67.4142
67.4142
67.4142
67.4142
67.4142
67.4142
67.4142
67.4142
67.4142
67.4142
67.4142
67.4142
67.4142
67.4142
67.4142
67.4142
67.4142
67.4142
67.4142
67.4142
67.4142
67.4142
67.4142
67.4142
67.4142
67.4142
67.4142
67.4142
67.4142
67.4142
67.4142
67.4142
67.4142
67.4142
67.4142
67.4142
67.4142
67.4142
67.4142
67.4142
67.4142
67.4142
67.4142
67.4142
67.4142
67.4142
67.4142
67.4142
67.4142
67.4142
67.4142
67.4142
67.4142
67.4142
67.4142
67.4142
67.4142
67.4142
67.4142
67.4142
67.4142
67.4142
67.4142
67.4142
67.4142
67.4142
67.4142
67.4142
67.4142
67.2009
67.2009
67.2009
67.2009
67.2009
65.7862
65.7862
65.7862
65.7862
65.7862
65.7862
65.7862
65.7862
65.7862
65.7862
65.7862
65.7862
65.7862
65.7862
65.7862
65.7862
65.7862
65.7862
65.7862
65.7862
65.7862
65.7862
65.7862
65.7862
65.7862
65.7862
65.7862
65.7862
65.7862
65.7862
65.7862
65.7862
65.7862
65.7862
65.7862
65.7862
65.7862
65.7862
65.7862
65.7862
65.7862
65.7862
65.7862
65.7862
65.7862
65.7862
65.7862
65.7862
65.7862
65.7862
65.7862
65.7862
65.7862
65.7862
65.7862
65.7862
65.7862
65.7862
65.7862
65.7862
65.7862
65.7862
65.7862
65.7862
65.7862
65.7862
65.7862
65.7862
65.7862
65.7862
65.7862
65.7862
65.7862
65.7862
65.7862
65.7862
65.7862
65.7862
65.7862
65.7862
65.7862
65.7862
65.7862
65.7862
65.7862
65.7862
65.7862
65.7862
65.7862
65.7862
65.7862
65.7862
65.7862
65.7862
65.7862
65.7862
65.7862
65.7862
65.7862
65.7862
65.7862
65.7862
65.7862
65.7862
65.7862
65.7862
65.7862
65.7862
65.7862
65.7862
65.7862
65.7862
65.7862
65.7862
65.7862
65.7862
65.7862
65.7862
65.7862
65.7862
65.7862
65.7862
65.7862
65.7862
65.7862
65.7862
65.7862
65.7862
65.7862
65.7862
65.7862
65.7862
65.7862
65.7862
65.7862
65.7862
65.7862
65.7862
65.7862
65.7862
65.7862
65.7862
65.7862
65.7862
65.7862
65.7862
65.7862
65.7862
65.7862
65.7862
65.7862
65.7862
65.7862
65.7862
65.7862
65.7862
65.7862
65.7862
65.7862
65.7862
65.7862
65.7862
65.7862
65.7862
65.7862
65.7862
65.7862
65.7862
65.7862
65.7862
65.7862
65.7862
65.7862
65.7862
65.7862
65.7862
65.7862
65.7862
65.7862
65.7862
65.7862
65.7862
65.7862
65.7862
65.7862
65.7862
65.7862
65.7862
65.7862
65.7862
65.7862
65.7862
65.7862
65.7862
65.7862
65.7862
65.7862
65.7862
65.7862
65.7862
65.7862
65.7862
65.7862
65.7862
65.7862
65.7862
65.7862
65.7862
65.7862
65.7862
65.7862
65.7862
65.7862
65.7862
65.7862
65.7862
65.7862
65.7862
65.7862
65.7862
65.7862
65.7862
65.7862
65.7862
65.7862
65.7862
65.7862
65.7862
65.7862
65.7862
65.7862
65.7862
65.7862
65.7862
65.7862
65.7862
65.7862
65.7862
65.7862
65.7862
65.7862
65.7862
65.7862
65.7862
65.7862
65.7862
65.7862
65.7862
65.7862
65.7862
65.7862
65.7862
65.7862
65.7862
65.7862
65.7862
65.7862
65.7862
65.7862
65.7862
65.7862
65.7862
65.7862
65.7862
65.7862
65.7862
65.7862
65.7862
65.7862
65.7862
65.7862
65.7862
65.7862
65.7862
65.7862
65.7862
65.7862
65.7862
65.7862
65.7862
65.7862
65.7862
65.7862
65.7862
65.7862
65.7862
65.7862
65.7862
65.7862
65.7862
65.7862
65.7862
65.7862
65.7862
65.7862
65.7862
65.7862
65.7862
65.7862
65.7862
65.7862
65.7862
65.7862
65.7862
65.7862
65.7862
65.7862
65.7862
65.7862
65.7862
65.7862
65.7862
65.7862
65.7862
65.7862
65.7862
65.7862
65.7862
65.7862
65.7862
65.7862
65.7862
65.7862
65.7862
65.7862
65.7862
65.7862
65.7862
65.7862
65.7862
65.7862
65.7862
65.7862
65.7862
65.7862
65.7862
65.7862
65.7862
65.7862
65.7862
65.7862
65.7862
65.7862
65.7862
65.7862
65.7862
65.7862
65.7862
65.7862
65.7862
65.7862
65.7862
65.7862
65.7862
65.7862
65.7862
65.7862
65.7862
65.7862
65.7862
65.7862
65.7862
65.7862
65.7862
65.7862
65.7862
65.7862
65.7862
65.7862
65.7862
65.7862
65.7862
65.7862
65.7862
65.7862
65.7862
65.7862
65.7862
65.7862
65.7862
65.7862
65.7862
65.7862
65.7862
65.7862
65.7862
65.7862
65.7862
65.7862
65.7862
65.7862
65.7862
65.7862
65.7862
65.7862
65.7862
65.7862
65.7862
65.7862
65.7862
65.7862
65.7862
65.7862
65.7862
65.7862
65.7862
65.7862
65.7862
65.7862
65.7862
65.7862
65.7862
65.7862
65.7862
65.7862
65.7862
65.7862
65.7862
65.7862
65.7862
65.7862
65.7862
65.7862
65.7862
65.7862
65.7862
65.7862
65.7862
65.7862
65.7862
65.7862
65.7862
65.7862
65.7862
65.7862
65.7862
65.7862
65.7862
65.7862
65.7862
65.7862
65.7862
65.7862
65.7862
65.7862
65.7862
65.7862
65.7862
65.7862
65.7862
65.7862
65.7862
65.7862
65.7862
65.7862
65.7862
65.7862
65.7862
65.7862
65.7862
65.7862
65.7862
65.7862
65.7862
65.7862
65.7862
65.7862
65.7862
65.7862
65.7862
65.7862
65.7862
65.7862
65.7862
65.7862
65.7862
65.7862
65.7862
65.7862
65.7862
65.7862
65.7862
65.7862
65.7862
65.7862
65.7862
65.7862
65.7862
65.7862
65.7862
65.7862
65.7862
65.7862
65.7862
65.7862
65.7862
65.7862
65.7862
65.7862
65.7862
65.7862
65.7862
65.7862
65.7862
65.7862
65.7862
65.7862
65.7862
65.7862
65.7862
65.7862
65.7862
65.7862
65.7862
65.7862
65.7862
65.7862
65.7862
65.7862
65.7862
65.7862
65.7862
65.7862
65.7862
65.7862
65.7862
65.7862
65.7862
65.7862
65.7862
65.7862
65.7862
65.7862
65.7862
65.7862
65.7862
65.7862
65.7862
65.7862
65.7862
65.7862
65.7862
65.7862
65.7862
65.7862
65.7862
65.7862
65.7862
65.7862
65.7862
65.7862
65.7862
65.7862
65.7862
65.7862
65.7862
65.7862
65.7862
65.7862
65.7862
65.7862
65.7862
65.7862
65.7862
65.7862
65.7862
65.7862
65.7862
65.7862
65.7862
65.7862
65.7862
65.7862
65.7862
65.7862
65.7862
65.7862
65.7862
65.7862
65.7862
65.7862
65.7862
65.7862
65.7862
65.7862
65.7862
65.7862
65.7862
65.7862
65.7862
65.7862
65.7862
65.7862
65.7862
65.7862
65.7862
65.7862
65.7862
65.7862
65.7862
65.7862
65.7862
65.7862
65.7862
65.7862
65.7862
65.7862
65.7862
65.7862
65.7862
65.7862
65.7862
65.7862
65.7862
65.7862
65.7862
65.7862
65.7862
65.7862
65.7862
65.7862
65.7862
65.7862
65.7862
65.7862
65.7862
65.7862
65.7862
65.7862
65.7862
65.7862
65.7862
65.7862
65.7862
65.7862
65.7862
65.7862
65.7862
65.7862
65.7862
65.7862
65.7862
65.7862
65.7862
65.7862
65.7862
65.7862
65.7862
65.7862
65.7862
65.7862
65.7862
65.7862
65.7862
65.7862
65.7862
65.7862
65.7862
65.7862
65.7862
65.7862
65.7862
65.7862
65.7862
65.7862
65.7862
65.7862
65.7862
65.7862
65.7862
65.7862
65.7862
65.7862
65.7862
65.7862
65.7862
65.7862
65.7862
65.7862
65.7862
65.7862
65.7862
65.7862
65.7862
65.7862
65.7862
65.7862
65.7862
65.7862
65.7862
65.7862
65.7862
65.7862
65.7862
65.7862
65.7862
65.7862
65.7862
65.7862
65.7862
65.7862
65.7862
65.7862
65.7862
65.7862
65.7862
65.7862
65.7862
65.7862
65.7862
65.7862
65.7862
65.7862
65.7862
65.7862
65.7862
65.7862
65.7862
65.7862
65.7862
65.7862
65.7862
65.7862
65.7862
65.7862
65.7862
65.7862
65.7862
65.7862
65.7862
65.7862
65.7862
65.7862
65.7862
65.7862
65.7862
65.7862
65.7862
65.7862
65.7862
65.7862
65.7862
65.7862
65.7862
65.7862
65.7862
65.7862
65.7862
65.7862
65.7862
65.7862
65.7862
65.7862
65.7862
65.7862
65.7862
65.7862
65.7862
65.7862
65.7862
65.7862
65.7862
65.7862
65.7862
65.7862
65.7862
65.7862
65.7862
65.7862
65.7862
65.7862
65.7862
65.7862
65.7862
65.7862
65.7862
65.7862
65.7862
65.7862
65.7862
65.7862
65.7862
65.7862
65.7862
65.7862
65.7862
65.7862
65.7862
65.7862
65.7862
65.7862
65.7862
65.7862
65.7862
65.7862
65.7862
65.7862
65.7862
65.7862
65.7862
65.7862
65.7862
65.7862
65.7862
65.7862
65.7862
65.7862
65.7862
65.7862
65.7862
65.7862
65.7862
65.7862
65.7862
65.7862
65.7862
65.7862
65.7862
65.7862
65.7862
65.7862
65.7862
65.7862
65.7862
65.7862
65.7862
65.7862
65.7862
65.7862
65.7862
65.7862
65.7862
65.7862
65.7862
65.7862
65.7862
65.7862
65.7862
65.7862
65.7862
65.7862
65.7862
65.7862
65.7862
65.7862
65.7862
65.7862
65.7862
65.7862
65.7862
65.7862
65.7862
65.7862
65.7862
65.7862
65.7862
65.7862
65.7862
65.7862
65.7862
65.7862
65.7862
65.7862
65.7862
65.7862
65.7862
65.7862
65.7862
65.7862
65.7862
65.7862
65.7862
65.7862
65.7862
65.7862
65.7862
65.7862
65.7862
65.7862
65.7862
65.7862
65.7862
65.7862
65.7862
65.7862
65.7862
65.7862
65.7862
65.7862
65.7862
65.7862
65.7862
65.7862
65.7862
65.7862
65.7862
65.7862
65.7862
65.7862
65.7862
65.7862
65.7862
65.7862
65.7862
65.7862
65.7862
65.7862
65.7862
65.7862
65.7862
65.7862
65.7862
65.7862
65.7862
65.7862
65.7862
65.7862
65.7862
65.7862
65.7862
65.7862
65.7862
65.7862
65.7862
65.7862
65.7862
65.7862
65.7862
65.7862
65.7862
65.7862
65.7862
65.7862
65.7862
65.7862
65.7862
65.7862
65.7862
65.7862
65.7862
65.7862
65.7862
65.7862
65.7862
65.7862
65.7862
65.7862
65.7862
65.7862
65.7862
65.7862
65.7862
65.7862
65.7862
65.7862
65.7862
65.7862
65.7862
65.7862
65.7862
65.7862
65.7862
65.7862
65.7862
65.7862
65.7862
65.7862
65.7862
65.7862
65.7862
65.7862
65.7862
65.7862
65.7862
65.7862
65.7862
65.7862
65.7862
65.7862
65.7862
65.7862
65.7862
65.7862
65.7862
65.7862
65.7862
65.7862
65.7862
65.7862
65.7862
65.7862
65.7862
65.7862
65.7862
65.7862
65.7862
65.7862
65.7862
65.7862
65.7862
65.7862
65.5959
65.5959
65.5959
65.5959
65.5959
65.5959
65.5959
65.5959
65.5959
65.5959
65.5959
65.5959
65.5959
65.5959
65.5959
65.5959
65.5959
65.5959
65.5959
65.5959
65.5959
65.5959
65.5959
65.5959
65.5959
65.5959
65.5959
65.5959
65.5959
65.5959
65.5959
65.5959
65.5959
65.5959
65.5959
65.5959
65.5959
65.5959
65.5959
65.5959
65.5959
65.5959
65.5959
65.5959
65.5959
65.5959
65.5959
65.5959
65.5959
65.5959
65.5959
65.5959
65.5959
65.5959
65.5959
65.5959
65.5959
65.5959
65.5959
65.5959
65.5959
65.5959
65.5959
65.5959
65.5959
65.5959
65.5959
65.5959
65.5959
65.5959
65.5959
65.5959
65.5959
65.5959
65.5959
65.5959
65.5959
65.5959
65.5959
65.5959
65.5959
65.5959
65.5959
65.5959
65.5959
65.5959
65.5959
65.5959
65.5959
65.5959
65.5959
65.5959
65.5959
65.5959
65.5959
65.5959
65.5959
65.5959
65.5959
65.5959
65.5959
65.5959
65.5959
65.5959
65.5959
65.5959
65.5959
65.5959
65.5959
65.5959
65.5959
65.5959
65.5959
65.5959
65.5959
65.5959
65.5959
65.5959
65.5959
65.5959
65.5959
65.5959
65.5959
65.5959
65.5959
65.5959
65.5959
65.5959
65.5959
65.5959
65.5959
65.5959
65.5959
65.5959
65.5959
65.5959
65.5959
65.5959
65.5959
65.5959
65.5959
65.5959
65.5959
65.5959
65.5959
65.5959
65.5959
65.5959
65.5959
65.5959
65.5959
65.5959
65.5959
65.5959
65.5959
65.5959
65.5959
65.5959
65.5959
65.5959
65.5959
65.5959
65.5959
65.5959
65.5959
65.5959
65.5959
65.5959
65.5959
65.5959
65.5959
65.5959
65.5959
65.5959
65.5959
65.5959
65.5959
65.5959
65.5959
65.5959
65.5959
65.5959
65.5959
65.5959
65.5959
65.5959
65.5959
65.5959
65.5959
65.5959
65.5959
65.5959
65.5959
65.5959
65.5959
65.5959
65.5959
65.5959
65.5959
65.5959
65.5959
65.5959
65.5959
65.5959
65.5959
65.5959
65.5959
65.5959
65.5959
65.5959
65.5959
65.5959
65.5959
65.5959
65.5959
65.5959
65.5959
65.5959
65.5959
65.5959
65.5959
65.5959
65.5959
65.5959
65.5959
65.5959
65.5959
65.5959
65.5959
65.5959
65.5959
65.5959
65.5959
65.5959
65.5959
65.5959
65.5959
65.5959
65.5959
65.5959
65.5959
65.5959
65.5959
65.5959
65.5959
65.5959
65.5959
65.5959
65.5959
65.5959
65.5959
65.5959
65.5959
65.5959
65.5959
65.5959
65.5959
65.5959
65.5959
65.5959
65.5959
65.5959
65.5959
65.5959
65.5959
65.5959
65.5959
65.5959
65.5959
65.5959
65.5959
65.5959
65.5959
65.5959
65.5959
65.5959
65.5959
65.5959
65.5959
65.5959
65.5959
65.5959
65.5959
65.5959
65.5959
65.5959
65.5959
65.5959
65.5959
65.5959
65.5959
65.5959
65.5959
65.5959
65.5959
65.5959
65.5959
65.5959
65.5959
65.5959
65.5959
65.5959
65.5959
65.5959
65.5959
65.5959
65.5959
65.5959
65.5959
65.5959
65.5959
65.5959
65.5959
65.5959
65.5959
65.5959
65.5959
65.5959
65.5959
65.5959
65.5959
65.5959
65.5959
65.5959
65.5959
65.5959
65.5959
65.5959
65.5959
65.5959
65.5959
65.5959
65.5959
65.5959
65.5959
65.5959
65.5959
65.5959
65.5959
65.5959
65.5959
65.5959
65.5959
65.5959
65.5959
65.5959
65.5959
65.5959
65.5959
65.5959
65.5959
65.5959
65.5959
65.5959
65.5959
65.5959
65.5959
65.5959
65.5959
65.5959
65.5959
65.5959
65.5959
65.5959
65.5959
65.5959
65.5959
65.5959
65.5959
65.5959
65.5959
65.5959
65.5959
65.5959
65.5959
65.5959
65.5959
65.5959
65.5959
65.5959
65.5959
65.5959
65.5959
65.5959
65.5959
65.5959
65.5959
65.5959
65.5959
65.5959
65.5959
65.5959
65.5959
65.5959
65.5959
65.5959
65.5959
65.5959
65.5959
65.5959
65.5959
65.5959
65.5959
65.5959
65.5959
65.5959
65.5959
65.5959
65.5959
65.5959
65.5959
65.5959
65.5959
65.5959
65.5959
65.5959
65.5959
65.5959
65.5959
65.5959
65.5959
65.5959
65.5959
65.5959
65.5959
65.5959
65.5959
65.5959
65.5959
65.5959
65.5959
65.5959
65.5959
65.5959
65.5959
65.5959
65.5959
65.5959
65.5959
65.5959
65.5959
65.5959
65.5959
65.5959
65.5959
65.5959
65.5959
65.5959
65.5959
65.5959
65.5959
65.5959
65.5959
65.5959
65.5959
65.5959
65.5959
65.5959
65.5959
65.5959
65.5959
65.5959
65.5959
65.5959
65.5959
65.5959
65.5959
65.5959
65.5959
65.5959
65.5959
65.5959
65.5959
65.5959
65.5959
65.5959
65.5959
65.5959
65.5959
65.5959
65.5959
65.5959
65.5959
65.5959
65.5959
65.5959
65.5959
65.5959
65.5959
65.5959
65.5959
65.5959
65.5959
65.5959
65.5959
65.5959
65.5959
65.5959
65.5959
65.4397
65.4397
65.4397
65.4397
65.4397
65.4397
65.4397
65.4397
65.4397
65.4397
65.4397
65.4397
65.4397
65.4397
65.4397
65.4397
65.4397
65.4397
65.4397
65.4397
65.4397
65.4397
65.4397
65.4397
65.4397
65.4397
65.4397
65.4397
65.4397
65.4397
65.4397
65.4397
65.4397
65.4397
65.4397
65.4397
65.4397
65.4397
65.4397
65.4397
65.4397
65.4397
65.4397
65.4397
65.4397
65.4397
65.4397
65.4397
65.4397
65.4397
65.4397
65.4397
65.4397
65.4397
65.4397
65.4397
65.4397
65.4397
65.4397
65.4397
65.4397
65.4397
65.4397
65.4397
65.4397
65.4397
65.4397
65.4397
65.4397
65.4397
65.4397
65.4397
65.4397
65.4397
65.4397
65.4397
65.4397
65.4397
65.4397
65.4397
65.4397
65.4397
65.4397
65.4397
65.4397
65.4397
65.4397
65.4397
65.4397
65.4397
65.4397
65.4397
65.4397
65.4397
65.4397
65.4397
65.4397
65.4397
65.4397
65.4397
65.4397
65.4397
65.4397
65.4397
65.4397
65.4397
65.4397
65.4397
65.4397
65.4397
65.4397
65.4397
65.4397
65.4397
65.4397
65.4397
65.4397
65.4397
65.4397
65.4397
65.4397
65.4397
65.4397
65.4397
65.4397
65.4397
65.4397
65.4397
65.4397
65.4397
65.4397
65.4397
65.4397
65.4397
65.4397
65.4397
65.4397
65.4397
65.4397
65.4397
65.4397
65.4397
65.4397
65.4397
65.4397
65.4397
65.4397
65.4397
65.4397
65.4397
65.4397
65.4397
65.4397
65.4397
65.4397
65.4397
65.4397
65.4397
65.4397
65.4397
65.4397
65.4397
65.4397
65.4397
65.4397
65.4397
65.4397
65.4397
65.4397
65.4397
65.4397
65.4397
65.4397
65.4397
65.4397
65.4397
65.4397
65.4397
65.4397
65.4397
65.4397
65.4397
65.4397
65.4397
65.4397
65.4397
65.4397
65.4397
65.4397
65.4397
65.4397
65.4397
65.4397
65.4397
65.4397
65.4397
65.4397
65.4397
65.4397
65.4397
65.4397
65.4397
65.4397
65.4397
65.4397
65.4397
65.4397
65.4397
65.4397
65.4397
65.4397
65.4397
65.4397
65.4397
65.4397
65.4397
65.4397
65.4397
65.4397
65.4397
65.4397
65.4397
65.4397
65.4397
65.4397
65.4397
65.4397
65.4397
65.4397
65.4397
65.4397
65.4397
65.4397
65.4397
65.4397
65.4397
65.4397
65.4397
65.4397
65.4397
65.4397
65.4397
65.4397
65.4397
65.4397
65.4397
65.4397
65.4397
65.4397
65.4397
65.4397
65.4397
65.4397
65.4397
65.4397
65.4397
65.4397
65.4397
65.4397
65.4397
65.4397
65.4397
65.4397
65.4397
65.4397
65.4397
65.4397
65.4397
65.4397
65.4397
65.4397
65.4397
65.4397
65.4397
65.4397
65.4397
65.4397
65.4397
65.4397
65.4397
65.4397
65.4397
65.4397
65.4397
65.4397
65.4397
65.4397
65.4397
65.4397
65.4397
65.4397
65.4397
65.4397
65.4397
65.4397
65.4397
65.4397
65.4397
65.4397
65.4397
65.4397
65.4397
65.4397
65.4397
65.4397
65.4397
65.4397
65.4397
65.4397
65.4397
65.4397
65.4397
65.4397
65.4397
65.4397
65.4397
65.4397
65.4397
65.4397
65.4397
65.4397
65.4397
65.4397
65.4397
65.4397
65.4397
65.4397
65.4397
65.4397
65.4397
65.4397
65.4397
65.4397
65.4397
65.4397
65.4397
65.4397
65.4397
65.4397
65.4397
65.4397
65.4397
65.4397
65.4397
65.4397
65.4397
65.4397
65.4397
65.4397
65.4397
65.4397
65.4397
65.4397
65.4397
65.4397
65.4397
65.4397
65.4397
65.4397
65.4397
65.4397
65.4397
65.4397
65.4397
65.4397
65.4397
65.4397
65.4397
65.4397
65.4397
65.4397
65.4397
65.4397
65.4397
65.4397
65.4397
65.4397
65.4397
65.4397
65.4397
65.4397
65.4397
65.4397
65.4397
65.4397
65.4397
65.4397
65.4397
65.4397
65.4397
65.4397
65.4397
65.4397
65.4397
65.4397
65.4397
65.4397
65.4397
65.4397
65.4397
65.4397
65.4397
65.4397
65.4397
65.4397
65.4397
65.4397
65.4397
65.4397
65.4397
65.4397
65.4397
65.4397
65.4397
65.4397
65.4397
65.4397
65.4397
65.4397
65.4397
65.4397
65.4397
65.4397
65.4397
65.4397
65.4397
65.4397
65.4397
65.4397
65.4397
65.4397
65.4397
65.4397
65.4397
65.4397
65.4397
65.4397
65.4397
65.4397
65.4397
65.4397
65.4397
65.4397
65.4397
65.4397
65.4397
65.4397
65.4397
65.4397
65.4397
65.4397
65.4397
65.4397
65.4397
65.4397
65.4397
65.4397
65.4397
65.4397
65.4397
65.4397
65.4397
65.4397
65.4397
65.4397
65.4397
65.4397
65.4397
65.4397
65.4397
65.4397
65.4397
65.4397
65.4397
65.4397
65.4397
65.4397
65.4397
65.4397
65.4397
65.4397
65.4397
65.4397
65.4397
65.4397
65.4397
65.4397
65.4397
65.4397
65.4397
65.4397
65.4397
65.4397
65.4397
65.4397
65.4397
65.4397
65.4397
65.4397
65.4397
65.4397
65.4397
65.3812
65.3812
65.3812
65.3812
65.3812
65.3812
65.3812
65.3812
65.3812
65.3812
65.3812
65.3812
65.3812
65.3812
65.3812
65.3812
65.3812
65.3812
65.3812
65.3812
65.3812
65.3812
65.3812
65.3812
65.3812
65.3812
65.3812
65.3812
65.3812
65.3812
65.3812
65.3812
65.3812
65.3812
65.3812
65.3812
65.3812
65.3812
65.3812
65.3812
65.3812
65.3812
65.3812
65.3812
65.3812
65.3812
65.3812
65.3812
65.3812
65.3812
65.3812
65.3812
65.3812
65.3812
65.3812
65.3812
65.3812
65.3812
65.3812
65.3812
65.3812
65.3812
65.3812
65.3812
65.3812
65.3812
65.3812
65.3812
65.3812
65.3812
65.3812
65.3812
65.3812
65.3812
65.3812
65.3812
65.3812
65.3812
65.3812
65.3812
65.3812
65.3812
65.3812
65.3812
65.3812
65.3812
65.3812
65.3812
65.3812
65.3812
65.3812
65.3812
65.3812
65.3812
65.3812
65.3812
65.3812
65.3812
65.3812
65.3812
65.3812
65.3812
65.3812
65.3812
65.3812
65.3812
65.3812
65.3812
65.3812
65.3812
65.3812
65.3812
65.3812
65.3812
65.3812
65.3812
65.3812
65.3812
65.3812
65.3812
65.3812
65.3812
65.3812
65.3812
65.3812
65.3812
65.3812
65.3812
65.3812
65.3812
65.3812
65.3812
65.3812
65.3812
65.3812
65.3812
65.3812
65.3812
65.3812
65.3812
65.3812
65.3812
65.3812
65.3812
65.3812
65.3812
65.3812
65.3812
65.3812
65.3812
65.3812
65.3812
65.3812
65.3812
65.3812
65.3812
65.3812
65.3812
65.3812
65.3812
65.3812
65.3812
65.3812
65.3812
65.3812
65.3812
65.3812
65.3812
65.3812
65.3812
65.3812
65.3812
65.3812
65.3812
65.3812
65.3812
65.3812
65.3812
65.3812
65.3812
65.3812
65.3812
65.3812
65.3812
65.3812
65.3812
65.3812
65.3812
65.3812
65.3812
65.3812
65.3812
65.3812
65.3812
65.3812
65.3812
65.3812
65.3812
65.3812
65.3812
65.3812
65.3812
65.3812
65.3812
65.3812
65.3812
65.3812
65.3812
65.3812
65.3812
65.3812
65.3812
65.3812
65.3812
65.3812
65.3812
65.3812
65.3812
65.3812
65.3812
65.3812
65.3812
65.3812
65.3812
65.3812
65.3812
65.3812
65.3812
65.3812
65.3812
65.3812
65.3812
65.3812
65.3812
65.3812
65.3812
65.3812
65.3812
65.3812
65.3812
65.3812
65.3812
65.3812
65.3812
65.3812
65.3812
65.3812
65.3812
65.3812
65.3812
65.3812
65.3812
65.3812
65.3812
65.3812
65.3812
65.3812
65.3812
65.3812
65.3812
65.3812
65.3812
65.3812
65.3812
65.3812
65.3812
65.3812
65.3812
65.3812
65.3812
65.3812
65.3812
65.3812
65.3812
65.3812
65.3812
65.3812
65.3812
65.3812
65.3812
65.3812
65.3812
65.3812
65.3812
65.3812
65.3812
65.3812
65.3812
65.3812
65.3812
65.3812
65.3812
65.3812
65.3812
65.3812
65.3812
65.3812
65.3812
65.3812
65.3812
65.3812
65.3812
65.3812
65.3812
65.3812
65.3812
65.3812
65.3812
65.3812
65.3812
65.3812
65.3812
65.3812
65.3812
65.3812
65.3812
65.3812
65.3812
65.3812
65.3812
65.3812
65.3812
65.3812
65.3812
65.3812
65.3812
65.3812
65.3812
65.3812
65.3812
65.3812
65.3812
65.3812
65.3812
65.3812
65.3812
65.3812
65.3812
65.3812
65.3812
65.3812
65.3812
65.3812
65.3812
65.3812
65.3812
65.3812
65.3812
65.3812
65.3812
65.3812
65.3812
65.3812
65.3812
65.3812
65.3812
65.3812
65.3812
65.3812
65.3812
65.3812
65.3812
65.3812
65.3812
65.3812
65.3812
65.3812
65.3812
65.3812
65.3812
65.3812
65.3812
65.3812
65.3812
65.3812
65.3812
65.3812
65.3812
65.3812
65.3812
65.3812
65.3812
65.3812
65.3812
65.3812
65.3812
65.3812
65.3812
65.3812
65.3812
65.3812
65.3812
65.3812
65.3812
65.3812
65.3812
65.3812
65.3812
65.3812
65.3812
65.3812
65.3812
65.3812
65.3812
65.3812
65.3812
65.3812
65.3812
65.3812
65.3812
65.3812
65.3812
65.3812
65.3812
65.3812
65.3812
65.3812
65.3812
65.3812
65.3812
65.3812
65.3812
65.3812
65.3812
65.3812
65.3812
65.3812
65.3812
65.3812
65.3812
65.3812
65.3812
65.3812
65.3812
65.3812
65.3812
65.3812
65.3812
65.3812
65.3812
65.3812
65.3812
65.3812
65.3812
65.3812
65.3812
65.3812
65.3812
65.3812
65.3812
65.3812
65.3812
65.3812
65.3812
65.3812
65.3812
65.3812
65.3812
65.3812
65.3812
65.3812
65.3812
65.3812
65.3812
65.3812
65.3812
65.3812
65.3812
65.3812
65.3812
65.3812
65.3812
65.3812
65.3812
65.3812
65.3812
65.3812
65.3812
65.3812
65.3812
65.3812
65.3812
65.3812
65.3812
65.3812
65.3812
65.3812
65.3812
65.3812
65.3812
65.3812
65.3812
65.3812
65.3812
65.3812
65.3812
65.3812
65.3812
65.3812
65.3812
65.3812
65.3812
65.3812
65.3812
65.3812
65.3812
65.3812
65.3812
65.3812
65.3812
65.3812
65.3812
65.3812
65.3812
65.3812
65.3812
65.3812
65.3812
65.3812
65.3812
65.3812
65.3812
65.3812
65.3812
65.3812
65.3812
65.3812
65.3812
65.3812
65.3812
65.3812
65.3812
65.3812
65.3812
65.3812
65.3812
65.3812
65.3812
65.3812
65.3812
65.3812
65.3812
65.3812
65.3812
65.3812
65.3812
65.3812
65.3812
65.3812
65.3812
65.3812
65.3812
65.3812
65.3812
65.3812
65.3812
65.3812
65.3812
65.3812
65.3812
65.3812
65.3812
65.3812
65.3812
65.3812
65.3812
65.3812
65.3812
65.3812
65.3812
65.3812
65.3812
65.3812
65.3812
65.3812
65.3812
65.3812
65.3812
65.3812
65.3812
65.3812
65.3812
65.3812
65.3812
65.3812
65.3812
65.3812
65.3812
65.3812
65.3812
65.3812
65.3812
65.3812
65.3812
65.3812
65.3812
65.3812
65.3812
65.3812
65.3812
65.3812
65.3812
65.3812
65.3812
65.3812
65.3812
65.3812
65.3812
65.3812
65.3812
65.3812
65.3812
65.3812
65.3812
65.3812
65.3812
65.3812
65.3812
65.3812
65.3812
65.3812
65.3812
65.3812
65.3812
65.3812
65.3812
65.3812
65.3812
65.3812
65.3812
65.3812
65.3812
65.3812
65.3812
65.3812
65.3812
65.3812
65.3812
65.3812
65.3812
65.3812
65.3812
65.3812
65.3812
65.3812
65.3812
65.3812
65.3812
65.3812
65.3812
65.3812
65.3812
65.3812
65.3812
65.3812
65.3812
65.3812
65.3812
65.3812
65.3812
65.3812
65.3812
65.3812
65.3812
65.3812
65.3812
65.3812
65.3812
65.3812
65.3812
65.3812
65.3812
65.3812
65.3812
65.3812
65.3812
65.3812
65.3812
65.3812
65.3812
65.3812
65.3812
65.3812
65.3812
65.3812
65.3812
65.3812
65.3812
65.3812
65.3812
65.3812
65.3812
65.3812
65.3812
65.3812
65.3812
65.3812
65.3812
65.3812
65.3812
65.3812
65.3812
65.3812
65.3812
65.3812
65.3812
65.3812
65.3812
65.3812
65.3812
65.3812
65.3812
65.3812
65.3812
65.3812
65.3812
65.3812
65.3812
65.3812
65.3812
65.3812
65.3812
65.3812
65.3812
65.3812
65.3812
65.3812
65.3812
65.3812
65.3812
65.3812
65.3812
65.3812
65.3812
65.3812
65.3812
65.3812
65.3812
65.3812
65.3812
65.3812
65.3812
65.3812
65.3812
65.3812
65.3812
65.3812
65.3812
65.3812
65.3812
65.3812
65.3812
65.3812
65.3812
65.3812
65.3812
65.3812
65.3812
65.3812
65.3812
65.3812
65.3812
65.3812
65.3812
65.3812
65.3812
65.3812
65.3812
65.3812
65.3812
65.3812
65.3812
65.3812
65.3812
65.3812
65.3812
65.3812
65.3812
65.3812
65.3812
65.3812
65.3812
65.3812
65.3812
65.3812
65.3812
65.3812
65.3812
65.3812
65.3812
65.3812
65.3812
65.3812
65.3812
65.3812
65.3812
65.3812
65.3812
65.3812
65.3812
65.3812
65.3812
65.3812
65.3812
65.3812
65.3812
65.3812
65.3812
65.3812
65.3812
65.3812
65.3812
65.3812
65.3812
65.3812
65.3812
65.3812
65.3812
65.3812
65.3812
65.3812
65.3812
65.3812
65.3812
65.3812
65.3812
65.3812
65.3812
65.3812
65.3812
65.3812
65.3812
65.3812
65.3812
65.3812
65.3812
65.3812
65.3812
65.3812
65.3812
65.3812
65.3812
65.3812
65.3812
65.3812
65.3812
65.3812
65.3812
65.3812
65.3812
65.3812
65.3812
65.3812
65.3812
65.3812
65.3812
65.3812
65.3812
65.3812
65.3812
65.3812
65.3812
65.3812
65.3812
65.3812
65.3812
65.3812
65.3812
65.3812
65.3812
65.3812
65.3812
65.3812
65.3812
65.3812
65.3812
65.3812
65.3812
65.3812
65.3812
65.3812
65.3812
65.3812
65.3812
65.3812
65.3812
65.3812
65.3812
65.3812
65.3812
65.3812
65.3812
65.3812
65.3812
65.3812
65.3812
65.3812
65.3812
65.3812
65.3812
65.3812
65.3812
65.3812
65.3812
65.3812
65.3812
65.3812
65.3812
65.3812
65.3812
65.3812
65.3812
65.3812
65.3812
65.3812
65.3812
65.3812
65.3812
65.3812
65.3812
65.3812
65.3812
65.3812
65.3812
65.3812
65.3812
65.3812
65.3812
65.3812
65.3812
65.3812
65.3812
65.3812
65.3812
65.3812
65.3812
65.3812
65.3812
65.3812
65.3812
65.3812
65.3812
65.3812
65.3812
65.3812
65.3812
65.3812
65.3812
65.3812
65.3812
65.3812
65.3812
65.3812
65.3812
65.3812
65.3812
65.3812
65.3812
65.3812
65.3812
65.3812
65.3812
65.3812
65.3812
65.3812
65.3812
65.3812
65.3812
65.3812
65.3812
65.3812
65.3812
65.3812
65.3812
65.3812
65.3812
65.3812
65.3812
65.3812
65.3812
65.3812
65.3812
65.3812
65.3812
65.3812
65.3812
65.3812
65.3812
65.3812
65.3812
65.3812
65.3812
65.3812
65.3812
65.3812
65.3812
65.3812
65.3812
65.3812
65.3812
65.3812
65.3812
65.3812
65.3812
65.3812
65.3812
65.3812
65.3812
65.3812
65.3812
65.3812
65.3812
65.3812
65.3812
65.3812
65.3812
65.3812
65.3812
65.3812
65.3812
65.3812
65.3812
65.3812
65.3812
65.3812
65.3812
65.3812
65.3812
65.3812
65.3812
65.3812
65.3812
65.3812
65.3812
65.3812
65.3812
65.3812
65.3812
65.3812
65.3812
65.3812
65.3812
65.3812
65.3812
65.3812
65.3812
65.3812
65.3812
65.3812
65.3812
65.3812
65.3812
65.3812
65.3812
65.3812
65.3812
65.3812
65.3812
65.3812
65.3812
65.3812
65.3812
65.3812
65.3812
65.3812
65.3812
65.3812
65.3812
65.3812
65.3812
65.3812
65.3812
65.3812
65.3812
65.3812
65.3812
65.3812
65.3812
65.3812
65.3812
65.3812
65.3812
65.3812
65.3812
65.3812
65.3812
65.3812
65.3812
65.3812
65.3812
65.3812
65.3812
65.3812
65.3812
65.3812
65.3812
65.3812
65.3812
65.3812
65.3812
65.3812
65.3812
65.3812
65.3812
65.3812
65.3812
65.3812
65.3812
65.3812
65.3812
65.3812
65.3812
65.3812
65.3812
65.3812
65.3812
65.3812
65.3812
65.3812
65.3812
65.3812
65.3812
65.3812
65.3812
65.3812
65.3812
65.3812
65.3812
65.3812
65.3812
65.3812
65.3812
65.3812
65.3812
65.3812
65.3812
65.3812
65.3812
65.3812
65.3812
65.3812
65.3812
65.3812
65.3812
65.3812
65.3812
65.3812
65.3812
65.3812
65.3812
65.3812
65.3812
65.3812
65.3812
65.3812
65.3812
65.3812
65.3812
65.3812
65.3812
65.3812
65.3812
65.3812
65.3812
65.3812
65.3812
65.3812
65.3812
65.3812
65.3812
65.3812
65.3812
65.3812
65.3812
65.3812
65.3812
65.3812
65.3812
65.3812
65.3812
65.3812
65.3812
65.3812
65.3812
65.3812
65.3812
65.3812
65.3812
65.3812
65.3812
65.3812
65.3812
65.3812
65.3812
65.3812
65.3812
65.3812
65.3812
65.3812
65.3812
65.3812
65.3812
65.3812
65.3812
65.3812
65.3812
65.3812
65.3812
65.3812
65.3812
65.3812
65.3812
65.3812
65.3812
65.3812
65.3812
65.3812
65.3812
65.3812
65.3812
65.3812
65.3812
65.3812
65.3812
65.3812
65.3812
65.3812
65.3812
65.3812
65.3812
65.3812
65.3812
65.3812
65.3812
65.3812
65.3812
65.3812
65.3812
65.3812
65.3812
65.3812
65.3812
65.3812
65.3812
65.3812
65.3812
65.3812
65.3812
65.3812
65.3812
65.3812
65.3812
65.3812
65.3812
65.3812
65.3812
65.3812
65.3812
65.3812
65.3812
65.3812
65.3812
65.3812
65.3812
65.3812
65.3812
65.3812
65.3812
65.3812
65.3812
65.3812
65.3812
65.3812
65.3812
65.3812
65.3812
65.3812
65.3812
65.3812
65.3812
65.3812
65.3812
65.3812
65.3812
65.3812
65.3812
65.3812
65.3812
65.3812
65.3812
65.3812
65.3812
65.3812
65.3812
65.3812
65.3812
65.3812
65.3812
65.3812
65.3812
65.3812
65.3812
65.3812
65.3812
65.3812
65.3812
65.3812
65.3812
65.3812
65.3812
65.3812
65.3812
65.3812
65.3812
65.3812
65.3812
65.3812
65.3812
65.3812
65.3812
65.3812
65.3812
65.3812
65.3812
65.3812
65.3812
65.3812
65.3812
65.3812
65.3812
65.3812
65.3812
65.3812
65.3812
65.3812
65.3812
65.3812
65.3812
65.3812
65.3812
65.3812
65.3812
65.3812
65.3812
65.3812
65.3812
65.3812
65.3812
65.3812
65.3812
65.3812
65.3812
65.3812
65.3812
65.3812
65.3812
65.3812
65.3812
65.3812
65.3812
65.3812
65.3812
65.3812
65.3812
65.3812
65.3812
65.3812
65.3812
65.3812
65.3812
65.3812
65.3812
65.3812
65.3812
65.3812
65.3812
65.3812
65.3812
65.3812
65.3812
65.3812
65.3812
65.3812
65.3812
65.3812
65.3812
65.3812
65.3812
65.3812
65.3812
65.3812
65.3812
65.3812
65.3812
65.3812
65.3812
65.3812
65.3812
65.3812
65.3812
65.3812
65.3812
65.3812
65.3812
65.3812
65.3812
65.3812
65.3812
65.3812
65.3812
65.3812
65.3812
65.3812
65.3812
65.3812
65.3812
65.3812
65.3812
65.3812
65.3812
65.3812
65.3812
65.3812
65.3812
65.3812
65.3812
65.3812
65.3812
65.3812
65.3812
65.3812
65.3812
65.3812
65.3812
65.3812
65.3812
65.3812
65.3812
65.3812
65.3812
65.3812
65.3812
65.3812
65.3812
65.3812
65.3812
65.3812
65.3812
65.3812
65.3812
65.3812
65.3812
65.3812
65.3812
65.3812
65.3812
65.3812
65.3812
65.3812
65.3812
65.3812
65.3812
65.3812
65.3812
65.3812
65.3812
65.3812
65.3812
65.3812
65.3812
65.3812
65.3812
65.3812
65.3812
65.3812
65.3812
65.3812
65.3812
65.3812
65.3812
65.3812
65.3812
65.3812
65.3812
65.3812
65.3812
65.3812
65.3812
65.3812
65.3812
65.3812
65.3812
65.3812
65.3812
65.3812
65.3812
65.3812
65.3812
65.3156
65.3156
65.3156
65.1692
65.1692
65.1692
65.1692
65.1692
65.1692
65.1692
65.1692
65.1692
65.1692
65.1692
65.1692
65.1692
65.1692
65.1692
65.1692
65.1692
65.1692
65.1692
65.1692
65.1692
65.1692
65.1692
65.1692
65.1692
65.1692
65.1692
65.1692
65.1692
65.1692
65.1692
65.1692
65.1692
65.1692
65.1692
65.1692
65.1692
65.1692
65.1692
65.1692
65.1692
65.1692
65.1692
65.1692
65.1692
65.1692
65.1692
65.1692
65.1692
65.1692
65.1692
65.1692
65.1253
65.1253
65.1253
65.1253
65.1253
65.1253
65.1253
65.1253
65.1253
65.1253
65.1253
65.1253
65.1253
65.1253
65.1253
65.1253
65.1253
65.1253
65.1253
65.1253
65.1253
65.1253
65.1253
65.1253
65.1253
65.1253
65.1253
65.1253
65.1253
65.1253
65.1253
65.1253
65.1253
65.1253
65.1253
65.1253
65.1253
65.1253
65.1253
65.1253
65.1253
65.1253
65.1253
65.1253
65.1253
65.1253
65.1253
65.1253
65.1253
65.1253
65.1253
65.1253
65.1253
65.1253
65.1253
65.1253
65.1253
65.1253
65.1253
65.1253
65.1253
65.1253
65.1253
65.1253
65.1253
65.1253
65.1253
65.1253
65.1253
65.1253
65.1253
65.1253
65.1253
65.1253
65.1253
65.1253
65.1253
65.1253
65.1253
65.1253
65.1253
65.1253
65.1253
65.1253
65.1253
65.1253
65.1253
65.1253
65.1253
65.1253
65.1253
65.1253
65.1253
65.1253
65.1253
65.1253
65.1253
65.1253
65.1253
65.1253
65.1253
65.1253
65.1253
65.1253
65.1253
65.1253
65.1253
65.1253
65.1253
65.1253
65.1253
65.1253
65.1253
65.1253
65.1253
65.1253
65.1253
65.1253
65.1253
65.1253
65.1253
65.1253
65.1253
65.1253
65.1253
65.1253
65.1253
65.1253
65.1253
65.1253
65.1253
65.1253
65.1253
65.1253
65.1253
65.1253
65.1253
65.1253
65.1253
65.1253
65.1253
65.1253
65.1253
65.1253
65.1253
65.1253
65.1253
65.1253
65.1253
65.1253
65.1253
65.1253
65.1253
65.1253
65.1253
65.1253
65.1253
65.1253
65.1253
65.1253
65.1253
65.1253
65.1253
65.1253
65.1253
65.1253
65.1253
65.1253
65.1253
65.1253
65.1253
65.1253
65.1253
65.1253
65.1253
65.1253
65.1253
65.1253
65.1253
65.1253
65.1253
65.1253
65.1253
65.1253
65.1253
65.1253
65.1253
65.1253
65.1253
65.1253
65.1253
65.1253
65.1253
65.1253
65.1253
65.1253
65.1253
65.1253
65.1253
65.1253
65.1253
65.1253
65.1253
65.1253
65.1253
65.1253
65.1253
65.1253
65.1253
65.1253
65.1253
65.1253
65.1253
65.1253
65.1253
65.1253
65.1253
65.1253
65.1253
65.1253
65.1253
65.1253
65.1253
65.1253
65.1253
65.1253
65.1253
65.1253
65.1253
65.1253
65.1253
65.1253
65.1253
65.1253
65.1253
65.1253
65.1253
65.1253
65.1253
65.1253
65.1253
65.1253
65.1253
65.1253
65.1253
65.1253
65.1253
65.1253
65.1253
65.1253
65.1253
65.1253
65.1253
65.1253
65.1253
65.1253
65.1253
65.1253
65.1253
65.1253
65.1253
65.1253
65.1253
65.1253
65.1253
65.1253
65.1253
65.1253
65.1253
65.1253
65.1253
65.1253
65.1253
65.1253
65.1253
65.1253
65.1253
65.1253
65.1253
65.1253
65.1253
65.1253
65.1253
65.1253
65.1253
65.1253
65.1253
65.1253
65.1253
65.1253
65.1253
65.1253
65.1253
65.1253
65.1253
65.1253
65.1253
65.1253
65.1253
65.1253
65.1253
65.1253
65.1253
65.1253
65.1253
65.1253
65.1253
65.1253
65.1253
65.1253
65.1253
65.1253
65.1253
65.1253
65.1253
65.1253
65.1253
65.1253
65.1253
65.1253
65.1253
65.1253
65.1253
65.1253
65.1253
65.1253
65.1253
65.1253
65.1253
65.1253
65.1253
65.1253
65.1253
65.1253
65.1253
65.1253
65.1253
65.1253
65.1253
65.1253
65.1253
65.1253
65.1253
65.1253
65.1253
65.1253
65.1253
65.1253
65.1253
65.1253
65.1253
65.1253
65.1253
65.1253
65.1253
65.1253
65.1253
65.1253
65.1253
65.1253
65.1253
65.1253
65.1253
65.1253
65.1253
65.1253
65.1253
65.1253
65.1253
65.1253
65.1253
65.1253
65.1253
65.1253
65.1253
65.1253
65.1253
65.1253
65.1253
65.1253
65.1253
65.1253
65.1253
65.1253
65.1253
65.1253
65.1253
65.1253
65.1253
65.1253
65.1253
65.1253
65.1253
65.1253
65.1253
65.1253
65.1253
65.1253
65.1253
65.1253
65.1253
65.1253
65.1253
65.1253
65.1253
65.1253
65.1253
65.1253
65.1253
65.1253
65.1253
65.1253
65.1253
65.1253
65.1253
65.1253
65.1253
65.1253
65.1253
65.1253
65.1253
65.1253
65.1253
65.1253
65.1253
65.1253
65.1253
65.1253
65.1253
65.1253
65.1253
65.1253
65.1253
65.1253
65.1253
65.1253
65.1253
65.1253
65.1253
65.1253
65.1253
65.1253
65.1253
65.1253
65.1253
65.1253
65.1253
65.1253
65.1253
65.1253
65.1253
65.1253
65.1253
65.1253
65.1253
65.1253
65.1253
65.1253
65.1253
65.1253
65.1253
65.1253
65.1253
65.1253
65.1253
65.1253
65.1253
65.1253
65.1253
65.1253
65.1253
65.1253
65.1253
65.1253
65.1253
65.1253
65.1253
65.1253
65.1253
65.1253
65.1253
65.1253
65.1253
65.1253
65.1253
65.1253
65.1253
65.1253
65.1253
65.1253
65.1253
65.1253
65.1253
65.1253
65.1253
65.1253
65.1253
65.1253
65.1253
65.1253
65.1253
65.1253
65.1253
65.1253
65.1253
65.1253
65.1253
65.1253
65.1253
65.1253
65.1253
65.1253
65.1253
65.1253
65.1253
65.1253
65.1253
65.1253
65.1253
65.1253
65.1253
65.1253
65.1253
65.1253
65.1253
65.1253
65.1253
65.1253
65.1253
65.1253
65.1253
65.1253
65.1253
65.1253
65.1253
65.1253
65.1253
65.1253
65.1253
65.1253
65.1253
65.1253
65.1253
65.1253
65.1253
65.1253
65.1253
65.1253
65.1253
65.1253
65.1253
65.1253
65.1253
65.1253
65.1253
65.1253
65.1253
65.1253
65.1253
65.1253
65.1253
65.1253
65.1253
65.1253
65.1253
65.1253
65.1253
65.1253
65.1253
65.1253
65.1253
65.1253
65.1253
65.1253
65.1253
65.1253
65.1253
65.1253
65.1253
65.1253
65.1253
65.1253
65.1253
65.1253
65.1253
65.1253
65.1253
65.1253
65.1253
65.1253
65.1253
65.1253
65.1253
65.1253
65.1253
65.1253
65.1253
65.1253
65.1253
65.1253
65.1253
65.1253
65.1253
65.1253
65.1253
65.1253
65.1253
65.1253
65.1253
65.1253
65.1253
65.1253
65.1253
65.1253
65.1253
65.1253
65.1253
65.1253
65.1253
65.1253
65.1253
65.1253
65.1253
65.1253
65.1253
65.1253
65.1253
65.1253
65.1253
65.1253
65.1253
65.1253
65.1253
65.1253
65.1253
65.1253
65.1253
65.1253
65.1253
65.1253
65.1253
65.1253
65.1253
65.1253
65.1253
65.1253
65.1253
65.1253
65.1253
65.1253
65.1253
65.1253
65.1253
65.1253
65.1253
65.1253
65.1253
65.1253
65.1253
65.1253
65.1253
65.1253
65.1253
65.1253
65.1253
65.1253
65.1253
65.1253
65.1253
65.1253
65.1253
65.1253
65.1253
65.1253
65.1253
65.1253
65.1253
65.1253
65.1253
65.1253
65.1253
65.1253
65.1253
65.1253
65.1253
65.1253
65.1253
65.1253
65.1253
65.1253
65.1253
65.1253
65.1253
65.1253
65.1253
65.1253
65.1253
65.1253
65.1253
65.1253
65.1253
65.1253
65.1253
65.1253
65.1253
65.1253
65.1253
65.1253
65.1253
65.1253
65.1253
65.1253
65.1253
65.1253
65.1253
65.1253
65.1253
65.1253
65.1253
65.1253
65.1253
65.1253
65.1253
65.1253
65.1253
65.1253
65.1253
65.1253
65.1253
65.1253
65.1253
65.1253
65.1253
65.1253
65.1253
65.1253
65.1253
65.1253
65.1253
65.1253
65.1253
65.1253
65.1253
65.1253
65.1253
65.1253
65.1253
65.1253
65.1253
65.1253
65.1253
65.1253
65.1253
65.1253
65.1253
65.1253
65.1253
65.1253
65.1253
65.1253
65.1253
65.1253
65.1253
65.1253
65.1253
65.1253
65.1253
65.1253
65.1253
65.1253
65.1253
65.1253
65.1253
65.1253
65.1253
65.1253
65.1253
65.1253
65.1253
65.1253
65.1253
65.1253
65.1253
65.1253
65.1253
65.1253
65.1253
65.1253
65.1253
65.1253
65.1253
65.1253
65.1253
65.1253
65.1253
65.1253
65.1253
65.1253
65.1253
65.1253
65.1253
65.1253
65.1253
65.1253
65.1253
65.1253
65.1253
65.1253
65.1253
65.1253
65.1253
65.1253
65.1253
65.1253
65.1253
65.1253
65.1253
65.1253
65.1253
65.1253
65.1253
65.1253
65.1253
65.1253
65.1253
65.1253
65.1253
65.1253
65.1253
65.1253
65.1253
65.1253
65.1253
65.1253
65.1253
65.1253
65.1253
65.1253
65.1253
65.1253
65.1253
65.1253
65.1253
65.1253
65.1253
65.1253
65.1253
65.1253
65.1253
65.1253
65.1253
65.1253
65.1253
65.1253
65.1253
65.1253
65.1253
65.1253
65.1253
65.1253
65.1253
65.1253
65.1253
65.1253
65.1253
65.1253
65.1253
65.1253
65.1253
65.1253
65.1253
65.1253
65.1253
65.1253
65.1253
65.1253
65.1253
65.1253
65.1253
65.1253
65.1253
65.1253
65.1253
65.1253
65.1253
65.1253
65.1253
65.1253
65.1253
65.1253
65.1253
65.1253
65.1253
65.1253
65.1253
65.1253
65.1253
65.1253
65.1253
65.1253
65.1253
65.1253
65.1253
65.1253
65.1253
65.1253
65.1253
65.1253
65.1253
65.1253
65.1253
65.1253
65.1253
65.1253
65.1253
65.1253
65.1253
65.1253
65.1253
65.1253
65.1253
65.1253
65.1253
65.1253
65.1253
65.1253
65.1253
65.1253
65.1253
65.1253
65.1253
65.1253
65.1253
65.1253
65.1253
65.1253
65.1253
65.1253
65.1253
65.1253
65.1253
65.1253
65.1253
65.1253
65.1253
65.1253
65.1253
65.1253
65.1253
65.1253
65.1253
65.1253
65.1253
65.1253
65.1253
65.1253
65.1253
65.1253
65.1253
65.1253
65.1253
65.1253
65.1253
65.1253
65.1253
65.1253
65.1253
65.1253
65.1253
65.1253
65.1253
65.1253
65.1253
65.1253
65.1253
65.1253
65.1253
65.1253
65.1253
65.1253
65.1253
65.1253
65.1253
65.1253
65.1253
65.1253
65.1253
65.1253
65.1253
65.1253
65.1253
65.1253
65.1253
65.1253
65.1253
65.1253
65.1253
65.1253
65.1253
65.1253
65.1253
65.1253
65.1253
65.1253
65.1253
65.1253
65.1253
65.1253
65.1253
65.1253
65.1253
65.1253
65.1253
65.1253
65.1253
65.1253
65.1253
65.1253
65.1253
65.1253
65.1253
65.1253
65.1253
65.1253
65.1253
65.1253
65.1253
65.1253
65.1253
65.1253
65.1253
65.1253
65.1253
65.1253
65.1253
65.1253
65.1253
65.1253
65.1253
65.1253
65.1253
65.1253
65.1253
65.1253
65.1253
65.1253
65.1253
65.1253
65.1253
65.1253
65.1253
65.1253
65.1253
65.1253
65.1253
65.1253
65.1253
65.1253
65.1253
65.1253
65.1253
65.1253
65.1253
65.1253
65.1253
65.1253
65.1253
65.1253
65.1253
65.1253
65.1253
65.1253
65.1253
65.1253
65.1253
65.1253
65.1253
65.1253
65.1253
65.1253
65.1253
65.1253
65.1253
65.1253
65.1253
65.1253
65.1253
65.1253
65.1253
65.1253
65.1253
65.1253
65.1253
65.1253
65.1253
65.1253
65.1253
65.1253
65.1253
65.1253
65.1253
65.1253
65.1253
65.1253
65.1253
65.1253
65.1253
65.1253
65.1253
65.1253
65.1253
65.1253
65.1253
65.1253
65.1253
65.1253
65.1253
65.1253
65.1253
65.1253
65.1253
65.1253
65.1253
65.1253
65.1253
65.1253
65.1253
65.1253
65.1253
65.1253
65.1253
65.1253
65.1253
65.1253
65.1253
65.1253
65.1253
65.1253
65.1253
65.1253
65.1253
65.1253
65.1253
65.1253
65.1253
65.1253
65.1253
65.1253
65.1253
65.1253
65.1253
65.1253
65.1253
65.1253
65.1253
65.1253
65.1253
65.1253
65.1253
65.1253
65.1253
65.1253
65.1253
65.1253
65.1253
65.1253
65.1253
65.1253
65.1253
65.1253
65.1253
65.1253
65.1253
65.1253
65.1253
65.1253
65.1253
65.1253
65.1253
65.1253
65.1253
65.1253
65.1253
65.1253
65.1253
65.1253
65.1253
65.1253
65.1253
65.1253
65.1253
65.1253
65.1253
65.1253
65.1253
65.1253
65.1253
65.1253
65.1253
65.1253
65.1253
65.1253
65.1253
65.1253
65.1253
65.1253
65.1253
65.1253
65.1253
65.1253
65.1253
65.1253
65.1253
65.1253
65.1253
65.1253
65.1253
65.1253
65.1253
65.1253
65.1253
65.1253
65.1253
65.1253
65.1253
65.1253
65.1253
65.1253
65.1253
65.1253
65.1253
65.1253
65.1253
65.1253
65.1253
65.1253
65.1253
65.1253
65.1253
65.1253
65.1253
65.1253
65.1253
65.1253
65.1253
65.1253
65.1253
65.1253
65.1253
65.1253
65.1253
65.1253
65.1253
65.1253
65.1253
65.1253
65.1253
65.1253
65.1253
65.1253
65.1253
65.1253
65.1253
65.1253
65.1253
65.1253
65.1253
65.1253
65.1253
65.1253
65.1253
65.1253
65.1253
65.1253
65.1253
65.1253
65.1253
65.1253
65.1253
65.1253
65.1253
65.1253
65.1253
65.1253
65.1253
65.1253
65.1253
65.1253
65.1253
65.1253
65.1253
65.1253
65.1253
65.1253
65.1253
65.1253
65.1253
65.1253
65.1253
65.1253
65.1253
65.1253
65.1253
65.1253
65.1253
65.1253
65.1253
65.1253
65.1253
65.1253
65.1253
65.1253
65.1253
65.1253
65.1253
65.1253
65.1253
65.1253
65.1253
65.1253
65.1253
65.1253
65.1253
65.1253
65.1253
65.1253
65.1253
65.1253
65.1253
65.1253
65.1253
65.1253
65.1253
65.1253
65.1253
65.1253
65.1253
65.1253
65.1253
65.1253
65.1253
65.1253
65.1253
65.1253
65.1253
65.1253
65.1253
65.1253
65.1253
65.1253
65.1253
65.1253
65.1253
65.1253
65.1253
65.1253
65.1253
65.1253
65.1253
65.1253
65.1253
65.1253
65.1253
65.1253
65.1253
65.1253
65.1253
65.1253
65.1253
65.1253
65.1253
65.1253
65.1253
65.1253
65.1253
65.1253
65.1253
65.1253
65.1253
65.1253
65.1253
65.1253
65.1253
65.1253
65.1253
65.1253
65.1253
65.1253
65.1253
65.1253
65.1253
65.1253
65.1253
65.1253
65.1253
65.1253
65.1253
65.1253
65.1253
65.1253
65.1253
65.1253
65.1253
65.1253
65.1253
65.1253
65.1253
65.1253
65.1253
65.1253
65.1253
65.1253
65.1253
65.1253
65.1253
65.1253
65.1253
65.1253
65.1253
65.1253
65.1253
65.1253
65.1253
65.1253
65.1253
65.1253
65.1253
65.1253
65.1253
65.1253
65.1253
65.1253
65.1253
65.1253
65.1253
65.1253
65.1253
65.1253
65.1253
65.1253
65.1253
65.1253
65.1253
65.1253
65.1253
65.1253
65.1253
65.1253
65.1253
65.1253
65.1253
65.1253
65.1253
65.1253
65.1253
65.1253
65.1253
65.1253
65.1253
65.1253
65.1253
65.1253
65.1253
65.1253
65.1253
65.1253
65.1253
65.1253
65.1253
65.1253
65.1253
65.1253
65.1253
65.1253
65.1253
65.1253
65.1253
65.1253
65.1253
65.1253
65.1253
65.1253
65.1253
65.1253
65.1253
65.1253
65.1253
65.1253
65.1253
65.1253
65.1253
65.1253
65.1253
65.1253
65.1253
65.1253
65.1253
65.1253
65.1253
65.1253
65.1253
65.1253
65.1253
65.1253
65.1253
65.1253
65.1253
65.1253
65.1253
65.1253
65.1253
65.1253
65.1253
65.1253
65.1253
65.1253
65.1253
65.1253
65.1253
65.1253
65.1253
65.1253
65.1253
65.1253
65.1253
65.1253
65.1253
65.1253
65.1253
65.1253
65.1253
65.1253
65.1253
65.1253
65.1253
65.1253
65.1253
65.1253
65.1253
65.1253
65.1253
65.1253
65.1253
65.1253
65.1253
65.1253
65.1253
65.1253
65.1253
65.1253
65.1253
65.1253
65.1253
65.1253
65.1253
65.1253
65.1253
65.1253
65.1253
65.1253
65.1253
65.1253
65.1253
65.1253
65.1253
65.1253
65.1253
65.1253
65.1253
65.1253
65.1253
65.1253
65.1253
65.1253
65.1253
65.1253
65.1253
65.1253
65.1253
65.1253
65.1253
65.1253
65.1253
65.1253
65.1253
65.1253
65.1253
65.1253
65.1253
65.1253
65.1253
65.1253
65.1253
65.1253
65.1253
65.1253
65.1253
65.1253
65.1253
65.1253
65.1253
65.1253
65.1253
65.1253
65.1253
65.1253
65.1253
65.1253
65.1253
65.1253
65.1253
65.1253
65.1253
65.1253
65.1253
65.1253
65.1253
65.1253
65.1253
65.1253
65.1253
65.1253
65.1253
65.1253
65.1253
65.1253
65.1253
65.1253
65.1253
65.1253
65.1253
65.1253
65.1253
65.1253
65.1253
65.1253
65.1253
65.1253
65.1253
65.1253
65.1253
65.1253
65.1253
65.1253
65.1253
65.1253
65.1253
65.1253
65.1253
65.1253
65.1253
65.1253
65.1253
65.1253
65.1253
65.1253
65.1253
65.1253
65.1253
65.1253
65.1253
65.1253
65.1253
65.1253
65.1253
65.1253
65.1253
65.1253
65.1253
65.1253
65.1253
65.1253
65.1253
65.1253
65.1253
65.1253
65.1253
65.1253
65.1253
65.1253
65.1253
65.1253
65.1253
65.1253
65.1253
65.1253
65.1253
65.1253
65.1253
65.1253
65.1253
65.1253
65.1253
65.1253
65.1253
65.1253
65.1253
65.1253
65.1253
65.1253
65.1253
65.1253
65.1253
65.1253
65.1253
65.1253
65.1253
65.1253
65.1253
65.1253
65.1253
65.1253
65.1253
65.1253
65.1253
65.1253
65.1253
65.1253
65.1253
65.1253
65.1253
65.1253
65.1253
65.1253
65.1253
65.1253
65.1253
65.1253
65.1253
65.1253
65.1253
65.1253
65.1253
65.1253
65.1253
65.1253
65.1253
65.1253
65.1253
65.1253
65.1253
65.1253
65.1253
65.1253
65.1253
65.1253
65.1253
65.1253
65.1253
65.1253
65.1253
65.1253
65.1253
65.1253
65.1253
65.1253
65.1253
65.1253
65.1253
65.1253
65.1253
65.1253
65.1253
65.1253
65.1253
65.1253
65.1253
65.1253
65.1253
65.1253
65.1253
65.1253
65.1253
65.1253
65.1253
65.1253
65.1253
65.1253
65.1253
65.1253
65.1253
65.1253
65.1253
65.1253
65.1253
65.1253
65.1253
65.1253
65.1253
65.1253
65.1253
65.1253
65.1253
65.1253
65.1253
65.1253
65.1253
65.1253
65.1253
65.1253
65.1253
65.1253
65.1253
65.1253
65.1253
65.1253
65.1253
65.1253
65.1253
65.1253
65.1253
65.1253
65.1253
65.1253
65.1253
65.1253
65.1253
65.1253
65.1253
65.1253
65.1253
65.1253
65.1253
65.1253
65.1253
65.1253
65.1253
65.1253
65.1253
65.1253
65.1253
65.1253
65.1253
65.1253
65.1253
65.1253
65.1253
65.1253
65.1253
65.1253
65.1253
65.1253
65.1253
65.1253
65.1253
65.1253
65.1253
65.1253
65.1253
65.1253
65.1253
65.1253
65.1253
65.1253
65.1253
65.1253
65.1253
65.1253
65.1253
65.1253
65.1253
65.1253
65.1253
65.1253
65.1253
65.1253
65.1253
65.1253
65.1253
65.1253
65.1253
65.1253
65.1253
65.1253
65.1253
65.1253
65.1253
65.1253
65.1253
65.1253
65.1253
65.1253
65.1253
65.1253
65.1253
65.1253
65.1253
65.1253
65.1253
65.1253
65.1253
65.1253
65.1253
65.1253
65.1253
65.1253
65.1253
65.1253
65.1253
65.1253
65.1253
65.1253
65.1253
65.1253
65.1253
65.1253
65.1253
65.1253
65.1253
65.1253
65.1253
65.1253
65.1253
65.1253
65.1253
65.1253
65.1253
65.1253
65.1253
65.1253
65.1253
65.1253
65.1253
65.1253
65.1253
65.1253
65.1253
65.1253
65.1253
65.1253
65.1253
65.1253
65.1253
65.1253
65.1253
65.1253
65.1253
65.1253
65.1253
65.1253
65.1253
65.1253
65.1253
65.1253
65.1253
