447.827
438.988
411.334
407.906
400.494
393.826
392.516
385.884
384.724
379.516
378.186
376.794
374.741
372.39
365.988
358.866
352.611
349.046
345.693
340.323
340.323
337.303
337.303
331.137
331.137
330.083
330.083
323.525
323.214
321.698
317.612
317.106
316.105
308.879
305.984
305.984
305.473
298.29
296.639
296.639
296.639
286.656
286.656
276.672
269.918
269.918
269.918
269.831
269.831
268.953
267.767
267.421
266.075
266.075
266.073
264.004
264.004
264.004
264.004
260.79
260.79
257.237
257.237
253.493
253.493
253.493
253.493
250.884
250.884
246.008
246.008
245.036
243.276
240.905
240.905
234.836
234.836
234.836
234.836
234.691
229.746
227.426
226.807
226.554
226.554
224.928
224.928
224.928
224.214
223.674
223.473
223.473
223.344
223.344
222.315
221.976
221.084
220.169
220.169
219.711
219.711
215.981
215.663
212.501
212.501
212.501
212.501
210.625
210.625
210.625
209.054
207.587
207.587
207.587
206.659
206.659
203.324
203.324
203.324
198.875
198.875
198.875
198.875
198.668
198.668
198.668
198.668
196.803
196.803
196.803
194.975
194.975
194.975
194.975
194.975
194.975
194.975
194.975
194.975
194.239
194.239
191.721
191.721
191.721
189.4
188.476
188.476
188.476
185.494
185.494
185.494
185.494
182.911
182.911
181.762
181.535
181.535
180.771
180.771
180.771
177.322
177.322
177.322
177.322
176.772
176.772
175.657
174.587
173.694
169.712
169.712
169.712
169.712
167.819
167.819
165.172
163.204
163.204
162.238
162.238
162.238
162.238
162.061
160.735
160.735
160.735
160.346
160.346
160.346
159.02
158.833
158.038
158.038
157.352
155.594
155.594
155.111
154.742
153.848
153.848
153.219
153.219
153.219
153.219
153.219
152.897
152.897
152.897
152.897
152.897
151.811
151.811
151.588
151.588
149.651
149.651
149.651
149.651
149.55
148.293
148.293
148.293
148.293
148.096
148.096
147.248
147.248
146.355
146.355
146.353
146.353
146.353
146.353
146.353
146.353
144.927
144.927
144.87
144.87
144.87
144.86
144.86
144.86
144.86
144.86
144.86
144.86
144.276
143.787
143.787
143.787
143.055
143.055
143.055
143.055
143.055
143.055
143.055
143.055
142.922
142.352
142.352
141.553
141.553
141.553
139.482
139.482
139.482
139.482
139.482
138.682
138.682
138.133
137.759
137.759
137.759
137.642
137.153
137.153
137.153
136.534
136.534
136.534
136.534
135.607
135.607
135.607
135.607
135.607
135.607
135.35
133.535
133.462
133.462
133.462
133.462
133.462
133.462
133.462
133.462
133.462
132.974
132.974
132.574
132.574
132.574
132.574
132.246
132.246
131.039
131.039
131.039
131.039
129.946
129.946
129.896
129.126
129.126
128.056
128.056
128.056
128.056
128.056
128.056
128.056
127.844
127.844
127.792
127.792
127.792
127.497
127.166
127.166
127.166
127.166
127.098
127.098
127.049
126.304
126.304
126.304
126.304
126.259
125.69
125.69
125.69
125.69
125.69
125.69
125.172
125.172
124.253
124.253
124.253
124.253
123.766
122.364
122.364
122.364
122.364
122.364
122.364
122.364
122.364
122.364
122.364
122.364
122.364
122.364
122.364
122.364
122.364
122.364
122.144
121.702
121.702
121.702
121.595
121.482
121.085
121.085
121.085
120.887
120.887
120.887
120.723
120.723
120.723
120.723
120.667
120.667
120.667
120.667
120.667
120.667
120.513
120.513
119.813
119.813
119.813
119.813
119.813
119.813
119.813
119.813
119.813
119.813
119.813
119.085
119.085
119.085
119.085
119.085
119.085
118.555
118.555
118.555
118.555
118.555
118.555
118.4
118.4
118.4
118.4
118.236
118.027
118.027
118.027
116.801
116.801
116.629
116.629
116.629
116.629
116.629
116.629
115.679
115.679
114.965
114.965
114.779
114.779
114.779
114.779
114.779
114.779
114.492
114.088
114.088
113.209
113.209
113.209
113.209
113.209
113.099
113.099
112.932
112.451
112.451
112.451
112.451
112.451
112.451
112.451
112.156
112.156
112.156
111.752
111.752
111.457
111.457
111.428
111.428
111.428
111.055
111.055
111.055
111.055
111.055
111.055
111.055
110.778
110.778
110.778
110.778
110.778
110.778
110.311
110.311
110.311
110.311
110.021
110.021
109.519
109.519
109.519
108.763
108.753
108.753
108.51
103.9
103.9
103.9
103.767
103.767
103.767
103.767
103.767
103.767
103.767
103.767
103.767
103.767
101.621
101.621
101.621
101.621
101.615
101.48
101.48
101.48
101.355
101.355
101.355
101.355
101.355
101.127
101.127
101.127
101.127
101.127
101.127
101.127
100.175
100.175
100.112
100.112
100.112
100.112
100.042
99.6505
99.6505
99.0231
99.0231
98.6601
98.6542
98.6542
98.1952
98.0702
98.0702
98.0702
97.7961
97.7961
97.7961
97.2415
97.2415
97.2415
97.2415
96.2072
96.2072
96.2072
96.0671
96.0671
96.0671
96.0671
96.0671
96.0671
95.9451
95.5702
95.5702
95.5702
95.4301
94.9922
94.9922
94.9922
94.9922
94.9922
94.9922
94.9922
94.9922
94.9922
94.9922
94.9922
94.9922
94.2959
94.2799
94.2799
94.2799
94.2799
94.0641
94.0641
94.0641
94.0641
94.0641
93.7172
93.7172
93.7172
93.7172
93.7172
93.7172
93.24
93.24
93.24
93.094
93.094
93.094
93.094
93.094
93.094
93.094
93.094
93.094
93.0598
93.0598
93.0598
92.2135
92.2135
92.1388
92.1388
92.1388
92.1388
92.1388
92.1388
92.1388
92.1388
92.1388
92.1388
91.6026
90.6127
90.6127
90.6127
90.6127
90.6127
90.6127
90.0764
90.0764
90.0764
90.0764
90.0764
90.0764
90.0764
89.8879
89.8879
89.8879
89.8879
89.8879
89.8879
89.8879
89.8879
89.8879
89.8586
89.8586
89.8586
89.8586
89.8586
89.8586
89.8586
89.8586
89.8586
89.8586
89.8586
89.8586
89.7777
89.7777
89.7777
89.7777
89.6872
89.6872
89.6872
89.6872
89.6872
89.6872
89.6278
89.6278
89.4113
89.4113
89.4113
89.4113
89.4113
89.4113
89.4113
89.4113
89.4113
89.0282
89.0282
89.0282
89.0282
89.0282
89.0282
89.0282
89.0282
89.0282
89.0282
89.0282
89.0282
89.0282
89.0282
88.9688
88.9315
88.9315
88.9315
88.9315
88.9315
88.9315
88.9315
88.9315
88.9315
88.9315
88.9315
88.9315
88.6442
88.6442
88.6442
88.6442
88.6442
88.6442
88.6442
88.6442
88.6442
88.6442
88.6442
88.6442
88.6442
88.4139
88.4139
87.4045
87.4045
87.4045
87.4045
87.3931
87.3931
87.3931
87.3931
87.3931
87.3931
87.3931
87.3931
87.3931
87.3931
87.3931
87.3931
87.3931
87.3931
87.3931
87.3931
87.3931
87.3931
87.3931
87.3931
87.3931
87.3931
87.1571
87.0063
87.0063
87.0063
87.0063
87.0063
87.0063
86.9215
86.9215
86.9215
86.9215
86.2915
86.2915
86.2915
86.2915
86.2915
86.2915
86.2639
86.2639
86.2639
86.2639
86.2639
86.2639
86.2067
86.2067
86.2067
86.2067
86.2067
86.2067
86.2067
86.1766
86.1766
86.1766
86.1766
86.1766
86.1766
86.1766
86.1766
86.1497
86.1497
86.1497
86.1497
86.1497
86.1497
86.1497
86.1497
86.1497
86.1497
86.1497
86.1497
86.1497
86.1497
86.1497
86.1497
86.1497
86.1497
86.1497
86.1497
86.1497
86.1497
86.1497
86.1497
86.1497
86.1497
86.1497
86.1497
86.1497
86.1497
86.1497
86.1497
86.1497
86.1497
86.1497
86.1497
86.1497
86.1497
85.7317
85.7317
85.7317
85.7317
85.7317
85.7317
85.7317
85.7317
85.7317
85.7317
85.7317
85.7317
85.7317
85.7317
85.7317
85.7317
85.7317
85.7317
85.7317
85.7317
85.7317
85.7317
85.7317
85.7317
85.7317
85.4987
85.4905
85.4905
85.4905
85.4905
85.4905
85.4905
85.4905
85.4905
85.4905
85.4905
85.4905
85.4905
85.4905
85.4905
85.4905
85.4905
85.4905
85.4905
85.4905
85.4905
85.4905
85.4905
85.4905
85.4905
85.4905
85.4905
85.4905
85.4905
85.4905
85.4905
85.4905
85.4905
85.4905
85.4905
85.4905
85.4905
85.4905
85.4905
85.4905
85.4905
85.4905
85.4905
85.4905
85.4905
85.4905
85.4905
85.4905
85.4905
85.4905
85.4905
85.4905
85.4905
85.4905
85.4905
85.4905
85.4905
85.4905
85.4905
85.4905
85.4905
85.4905
85.4905
85.4905
85.4905
85.4905
85.4905
85.4905
85.4905
85.4905
85.4905
85.4905
85.4905
85.4905
85.4905
85.4905
85.4905
85.4905
85.4905
85.4905
85.4905
85.4905
85.4466
85.4466
85.4466
85.4466
85.4466
85.4466
85.4466
85.4466
85.4466
85.4466
85.4466
85.4466
85.4466
85.4466
85.4466
85.4466
85.4466
85.4466
85.4466
85.4466
85.4466
85.4466
85.4466
85.4466
85.4466
85.4466
85.4466
85.4466
85.4466
85.2591
85.2591
84.7895
84.7895
84.7895
84.7895
84.7895
84.3494
84.3494
84.3494
84.3494
84.3494
84.3494
84.3494
84.3494
84.3494
84.3494
84.0262
84.0262
84.0262
84.0262
84.0262
84.0262
84.0262
84.0262
84.0262
84.0262
84.0262
84.0262
84.0262
84.0262
84.0262
84.0262
84.0262
84.0262
84.0262
84.0262
77.7132
77.7132
77.7132
77.7132
77.7132
77.7132
77.7132
77.7132
77.7132
77.6849
77.1161
77.1161
77.1161
77.1161
77.1161
77.1161
77.1161
77.1161
77.1161
77.1161
77.0304
77.0304
77.0304
77.0304
77.0304
77.0304
77.0304
77.0304
77.0304
77.0304
76.7072
76.7072
76.7072
76.7072
76.7072
76.7072
76.4053
76.4053
76.4053
76.4053
76.4053
76.4053
76.4053
76.4053
76.4053
76.0283
76.0283
76.0283
76.0283
76.0283
76.0283
76.0283
75.5531
75.5531
75.5531
75.5531
75.5531
75.5531
75.5531
75.5531
75.5531
75.5531
75.5531
75.5531
75.5531
75.5531
75.5531
75.5531
75.5531
75.5531
75.5531
75.5531
75.5531
75.5531
75.5531
75.5531
75.5531
75.5531
75.5531
75.5531
75.5531
75.5531
75.5531
75.5531
75.5531
75.5531
75.5531
75.5531
75.5531
75.5531
75.5531
75.5531
75.5531
75.5531
75.5531
75.5531
75.5531
75.5531
75.5531
75.5531
75.5531
75.5531
75.5531
75.5531
75.5531
75.5531
75.5531
75.5531
75.5531
75.5531
75.5531
75.5531
75.5531
75.5531
75.5531
75.5531
75.5531
75.5531
75.5531
75.5531
75.4436
75.4436
75.4436
75.4436
75.4436
75.4436
75.4436
75.3856
75.3856
75.3856
75.3856
75.3856
75.3856
75.3856
75.3856
75.3856
75.3856
75.3856
75.3856
75.3856
75.3856
75.3856
75.3856
75.3856
75.3856
75.3856
75.3856
75.3856
75.3856
75.3856
75.3856
75.3856
75.3856
75.3856
75.3856
75.3856
75.3856
75.3856
75.3856
75.3856
75.3856
75.3856
75.3856
75.3856
75.3856
75.3856
75.3856
75.3856
75.3856
75.3856
75.3856
75.3856
75.3856
75.3856
75.3856
75.3856
75.3856
75.3856
75.3856
75.3856
75.3856
75.3856
75.3856
75.3856
75.3856
75.3856
75.3856
75.3856
75.3856
75.3856
75.3856
75.3856
75.3856
75.3856
75.3856
75.3856
75.3856
75.3856
75.3856
75.3856
75.3856
75.3856
75.3856
75.3856
75.3856
75.3856
75.3856
75.3856
75.3856
75.3856
75.3856
75.3856
75.3856
75.3856
75.3856
75.3856
75.3856
75.3856
75.3856
75.3856
75.3856
75.3856
75.3856
75.3856
75.3856
75.3856
75.3856
75.3856
75.3856
75.3856
75.3856
75.3856
75.3856
75.3856
75.3856
75.3856
75.3856
75.3856
75.3856
75.3856
75.3856
75.3856
75.3856
75.3856
75.3856
75.3856
75.3856
75.3856
75.3856
75.3856
75.3856
75.3856
75.3856
75.3856
75.3856
75.3856
75.3856
75.3856
75.3856
75.3856
75.3856
75.3856
75.3856
75.3856
75.3856
75.3856
75.3856
75.3856
75.3856
75.3856
75.3856
75.3856
75.3856
75.3856
75.3856
75.3856
75.3856
75.3856
75.3856
75.3856
75.3856
75.3856
75.3856
75.3856
75.3856
75.3856
75.3856
75.3856
75.1297
75.1297
75.1297
75.1297
75.1297
75.1297
75.1297
75.1297
75.1297
75.1297
75.1297
75.1297
75.1297
75.1297
75.1297
75.1297
75.1297
75.1297
75.1297
75.1297
75.1297
75.1297
75.1297
75.1297
75.1297
75.1297
75.1297
75.1297
75.1297
75.1297
75.1297
75.1297
75.1297
75.1297
75.1297
75.1297
75.1297
75.1297
75.1297
75.1297
75.1297
75.1297
75.1297
75.1297
75.1297
75.1297
75.1297
75.1297
75.1297
75.1297
75.1297
75.1297
75.1297
75.1297
75.1297
75.1297
75.1297
75.1297
75.1297
75.1297
75.1297
75.1297
75.1297
75.1297
75.1297
75.1297
75.1297
75.1297
75.1297
75.1297
75.1297
75.1297
75.1297
75.1297
75.1297
75.1297
75.1297
75.1297
75.1297
75.1297
75.1297
75.1297
75.1297
75.1297
75.1297
75.1297
75.1297
75.1297
75.1297
75.1297
75.1297
75.1297
75.1297
75.1297
75.1297
75.1297
75.1297
75.1297
75.1297
75.1297
75.1297
75.1297
75.1297
75.1297
74.8666
74.8666
74.8666
74.8666
74.8666
74.8666
74.8666
74.8666
74.8666
74.8666
74.8666
74.313
74.313
74.313
74.313
74.313
74.313
74.313
74.313
74.313
74.313
74.313
74.313
74.313
74.313
74.313
74.313
74.313
74.313
74.313
74.313
74.313
74.313
74.313
74.313
74.313
74.313
74.313
74.313
74.313
74.313
74.313
74.313
74.313
74.313
74.313
74.313
74.313
74.313
74.313
74.313
74.313
74.313
74.313
74.313
74.313
74.313
74.313
74.313
74.313
74.313
74.313
74.313
74.313
74.313
74.313
74.313
74.313
74.313
74.313
74.313
74.313
74.313
74.313
74.313
74.313
74.313
74.313
74.313
74.313
74.313
74.313
74.313
74.313
74.313
74.313
74.313
74.313
74.313
74.313
74.313
74.313
74.313
74.313
74.313
74.313
74.313
74.313
74.313
74.313
74.313
74.313
74.313
74.313
74.313
74.313
74.313
74.313
70.6795
70.6795
70.6795
70.6795
70.6795
70.6795
70.6795
70.6795
70.6795
70.6795
70.6795
70.6795
70.6795
70.6795
70.6795
70.6795
70.6795
70.6795
70.6795
70.6795
70.6795
70.6795
70.6795
70.6795
70.6795
70.6795
70.6795
70.6795
70.6795
70.6795
70.6795
70.6795
70.6795
70.6795
70.6795
70.6795
70.6795
70.6795
70.6795
70.6795
70.6795
70.6795
70.6795
70.6795
70.6795
70.6795
70.6795
70.6795
70.6795
70.6795
70.6795
70.6795
70.6795
70.6795
70.6795
70.6795
70.6795
70.6795
70.6795
70.6795
70.6795
70.6795
70.6795
70.6795
70.6795
70.6795
70.6795
70.6795
70.6795
70.6795
70.6795
70.6795
70.6795
70.6795
70.6795
70.6795
70.6795
70.6795
70.6795
70.6795
70.6795
70.6795
70.6795
70.6795
70.6795
70.6795
70.6795
70.6795
70.6795
70.6795
70.6795
70.6795
70.6795
70.6795
70.6795
70.6795
70.6795
70.6795
70.6795
70.6795
70.6795
70.6795
70.6795
70.6795
70.6795
70.6795
70.6795
70.6795
70.6795
70.6795
70.6795
70.6795
70.6795
70.6795
70.6795
70.6795
70.6795
70.6795
70.6795
70.6795
70.6795
70.6795
70.6795
70.6795
70.6795
70.6795
70.6795
70.6795
70.6795
70.6795
70.6795
70.6795
70.6795
70.6795
70.6795
70.6795
70.6795
70.6795
70.6795
70.6795
70.6795
70.6795
70.6795
70.6795
70.6795
70.6795
70.6795
70.6795
70.6795
70.6795
70.6795
70.6795
70.6795
70.6795
70.6795
70.6795
70.6795
70.6795
70.6795
70.6795
70.6795
70.6795
70.6795
70.6795
70.6795
70.6795
70.6795
70.6795
70.6795
70.6795
70.6795
70.6795
70.6795
70.6795
70.6795
70.6795
70.6795
70.6795
70.6795
70.6795
70.6795
70.6795
70.6795
70.6795
70.6795
70.6795
70.6795
70.6795
70.6795
70.6795
70.6795
70.6795
70.6795
70.6795
70.6795
70.6795
70.6795
70.6795
70.6795
70.6795
70.6795
70.6795
70.6795
70.6795
70.6795
70.6795
70.6795
70.6795
70.6795
70.6795
70.6795
70.6795
70.6795
70.6795
70.6795
70.6795
70.6795
70.6795
70.6795
70.6795
70.6795
70.6795
70.6795
70.6795
70.6795
70.6795
70.6795
70.6795
70.6795
70.6795
70.6795
70.6795
70.6795
70.6795
70.6795
70.6795
70.6795
70.6795
70.6795
70.6795
70.6795
70.6795
70.6795
70.6795
70.6795
70.6795
70.6795
70.6795
70.6795
70.6795
70.6795
70.6795
70.6795
70.6795
70.3272
70.3272
70.3272
70.3272
70.3272
70.323
70.323
70.323
70.323
70.323
70.323
70.323
70.323
70.323
70.2599
70.2599
70.2599
70.2599
70.2599
70.2599
70.2599
70.2599
70.2599
70.2599
70.2599
70.2599
70.2599
70.2599
70.2599
70.2599
70.2599
70.2599
70.2599
70.2599
70.2599
70.2599
70.2599
70.2599
70.2599
70.2599
70.2599
70.2599
70.2599
70.2599
70.2599
70.2599
70.2599
70.2599
70.2599
70.2599
70.2599
70.2599
70.2599
70.2599
70.2599
70.2599
70.2599
70.2599
70.2599
70.2599
70.2599
70.2599
70.2599
70.2599
70.2599
70.2599
70.2599
70.2599
70.2599
70.2599
70.2599
70.2599
70.2599
70.2599
70.2599
70.2599
70.2599
70.2599
70.2599
70.2599
70.2599
70.2599
70.2599
70.2599
70.2599
70.2599
70.2599
70.2599
70.2599
70.2599
70.2599
70.2599
70.2599
70.2599
70.2599
70.2599
70.2599
70.2599
70.2599
70.2599
70.2599
70.2599
70.2599
70.2599
70.2599
70.2599
70.2599
70.2599
70.2599
70.2599
70.2599
70.2599
70.2599
70.2599
70.2599
70.2599
70.2599
70.2599
70.2599
70.2599
70.2599
70.2599
70.2599
70.2599
70.2599
70.2599
70.2599
70.2599
70.2599
70.2599
70.2599
70.2599
70.2599
70.2599
70.2599
70.2599
70.2599
70.2599
70.2599
70.2599
70.2599
70.2599
70.2599
70.2599
70.2599
70.2599
70.2599
70.2599
70.2599
70.2599
70.2599
70.2599
70.2599
70.2599
70.2599
70.2599
70.2599
70.2599
70.2599
70.2599
70.2599
70.2599
70.2599
70.2599
70.2599
70.2599
70.2599
70.2599
70.2599
70.2599
70.2599
70.2599
70.2599
70.2599
70.2599
70.2599
70.2599
70.2599
70.2599
70.2599
70.2599
70.2599
70.2599
70.2599
70.2599
70.2599
70.2599
70.2599
70.2599
70.2599
70.2599
70.2599
70.2599
70.2599
70.2599
70.2599
70.2599
70.2599
70.2599
70.2599
70.2599
70.2599
70.2599
70.2599
70.2599
70.2599
70.2599
70.2599
70.2599
70.2599
70.2599
70.2599
70.2599
70.2599
70.2599
70.2599
70.2599
70.2599
70.2599
70.2599
70.2599
70.2599
70.2599
70.2599
70.2599
70.2599
70.2599
70.2599
70.2599
70.2599
70.2599
70.2599
70.2599
70.2599
70.2599
70.2599
70.2599
70.2599
70.2599
70.2599
70.2599
70.2599
70.2599
70.2599
70.2599
70.2599
68.3989
68.3989
68.3989
68.3989
68.3989
68.3989
68.3989
68.3989
68.3989
68.3989
68.3989
68.3989
68.3989
68.3989
68.3989
68.3989
68.3989
68.3989
68.3989
68.3989
68.3989
68.3989
68.3989
68.3989
68.3989
68.3989
68.3989
68.3989
68.3989
68.3989
68.3989
68.3989
68.3989
68.3989
68.3989
68.3989
68.3989
68.3989
68.3989
68.3989
68.3989
68.3989
68.3989
68.3989
68.3989
68.3989
68.3989
68.3989
68.3989
68.3989
68.3989
68.3989
68.3989
68.3989
68.3989
68.3989
68.3989
68.3989
68.3989
68.3989
68.3989
68.3989
68.3989
68.3989
68.3989
68.3989
68.3989
68.3989
68.3989
68.3989
68.3989
68.3989
68.3989
68.3989
68.3989
68.3989
68.3989
68.3989
68.3989
68.3989
68.3989
68.3989
68.3989
68.3989
68.3989
68.3989
68.3989
68.3989
68.3989
68.3989
68.3989
68.3989
68.3989
68.3989
68.3989
68.3989
68.3989
68.3989
68.3989
68.3989
68.3989
68.3989
68.3989
68.3989
68.3989
68.3989
68.3989
68.3989
68.3989
68.3989
68.3989
68.3989
68.3989
68.3989
68.3989
68.3989
68.3989
68.3989
68.3989
68.3989
68.3989
68.3989
68.3989
68.3989
68.3989
68.3989
68.3989
68.3989
68.3989
68.3989
68.3989
68.3989
68.3989
68.3989
68.3989
68.3989
68.3989
68.3989
68.3989
68.3989
68.3989
68.3989
68.3989
68.3989
68.3989
68.3989
68.3989
68.3989
68.3989
68.3989
68.1935
68.1935
68.1935
68.1935
68.1935
68.1935
68.1173
68.1173
68.1173
68.1173
68.1173
68.1173
68.1173
68.1173
68.1173
68.1173
68.1173
68.1173
68.1173
68.1173
68.1173
68.1173
68.1173
68.1173
68.1173
68.1173
68.1173
68.1173
68.1173
68.1173
68.1173
68.1173
68.1173
68.1173
68.1173
68.1173
68.1173
68.1173
68.1173
67.9663
67.9663
67.9663
67.9663
67.9663
67.9663
67.9663
67.9663
67.9663
67.9663
67.9663
67.9663
67.9663
67.9663
67.9663
67.9663
67.9663
67.9663
67.9663
67.9663
67.9663
67.9663
67.9663
67.9663
67.9663
67.9663
67.9663
67.9663
67.9663
67.9663
67.9663
67.9663
67.9663
67.9663
67.9663
67.9663
67.9663
67.9663
67.9663
67.9663
67.9663
67.9663
67.9663
67.9663
67.9663
67.9663
67.9663
67.9663
67.9663
67.9663
67.9663
67.9663
67.9663
67.9663
67.9663
67.9663
67.9663
67.9663
67.9663
67.9663
67.9663
67.9663
67.9663
67.9663
67.9663
67.9663
67.9663
67.9663
67.9663
67.9663
67.9663
67.9663
67.9663
67.9663
67.9663
67.9663
67.9663
67.9663
67.9663
67.9663
67.9663
67.9663
67.9663
67.9663
67.9663
67.9663
67.9663
67.9663
67.9663
67.9663
67.9663
67.9663
67.9663
67.9663
67.9663
67.9663
67.9663
67.9663
67.9663
67.9663
67.9663
67.9663
67.9663
67.9663
67.9663
67.9663
67.9663
67.9663
67.9663
67.9663
67.9663
67.9663
67.9663
67.9663
67.9663
67.9663
67.9663
67.9663
67.9663
67.9663
67.9663
67.9663
67.9663
67.9663
67.9663
67.9663
67.9663
67.9663
67.9663
67.9663
67.9663
67.9663
67.9663
67.9663
67.9663
67.9663
67.9663
67.9663
67.9663
67.9663
67.9663
67.9663
67.9663
67.9663
67.9663
67.9663
67.9491
67.9491
67.9491
67.9491
67.9491
67.9491
67.9491
67.9491
67.9491
67.9491
67.9491
67.9491
67.9491
67.9491
67.9491
67.9491
67.9491
67.9491
67.9491
67.9491
67.9491
67.9491
67.9491
67.9491
67.9491
67.9491
67.9491
67.9491
67.9491
67.9491
67.9491
67.9491
67.9491
67.9491
67.9491
67.9491
67.9491
67.9491
67.9491
67.9491
67.9491
67.9491
67.9491
67.9491
67.9491
67.9491
67.9491
67.9491
67.9491
67.9491
67.9491
67.9491
67.9491
67.9491
67.9491
67.9491
67.9491
67.9491
67.9491
67.9491
67.9491
67.9491
67.9491
67.9491
67.9491
67.9491
67.9491
67.9491
67.9491
67.9491
67.9491
67.9491
67.9491
67.9491
67.9491
67.9491
67.9491
67.9491
67.9491
67.9491
67.9491
67.9491
67.9491
67.9491
67.9491
67.9491
67.9491
67.9491
67.9491
67.9491
67.9491
67.9491
67.9491
67.9491
67.9491
67.9491
67.9491
67.9491
67.9491
67.9491
67.9491
67.9491
67.9491
67.9491
67.9491
67.9491
67.9491
67.9491
67.9491
67.9491
67.9491
67.9491
67.9491
67.9491
67.9491
67.9491
67.9491
67.9491
67.9491
67.9491
67.9491
67.9491
67.9491
67.9491
67.9491
67.9491
67.9491
67.9491
67.9491
67.9491
67.9491
67.9491
67.9491
67.9491
67.9491
67.9491
67.9491
67.9491
67.9491
67.9491
67.9491
67.9491
67.9491
67.9491
67.9491
67.9491
67.9491
67.9491
67.9491
67.9491
67.9491
67.9491
67.9491
67.9491
67.9491
67.9491
67.9491
67.9491
67.9491
67.9491
67.9491
67.9491
67.9491
67.9491
67.9491
67.9491
67.9491
67.9491
67.9491
67.9491
67.9491
67.9491
67.9491
67.9491
67.9491
67.9491
67.9491
67.9491
67.9491
67.9491
67.9491
67.9491
67.9491
67.9491
67.9491
67.9491
67.9491
67.9491
67.9491
67.9491
67.9491
67.9491
67.9491
67.9491
67.9491
67.9491
67.9491
67.9491
67.9491
67.9491
67.9491
67.9491
67.9491
67.9491
67.9491
67.9491
67.9491
67.9491
67.9491
67.9491
67.9491
67.9491
67.9491
67.9491
67.9491
67.9491
67.9491
67.9491
67.9491
67.9491
67.9491
67.9491
67.9491
67.9491
67.9491
67.9491
67.9491
67.9491
67.9491
67.9491
67.9491
67.9491
67.9491
67.4117
67.4117
67.4117
67.4117
67.4117
67.4117
67.4117
67.4117
67.4117
67.4117
67.4117
67.4117
67.4117
67.4117
67.4117
67.4117
67.4117
67.4117
67.4117
67.4117
67.4117
67.4117
67.4117
67.4117
67.4117
67.4117
67.4117
67.4117
67.4117
67.4117
67.4117
67.4117
67.4117
67.4117
67.4117
67.4117
67.4117
67.4117
67.4117
67.4117
67.4117
67.4117
67.4117
67.4117
67.4117
67.4117
67.4117
67.4117
67.4117
67.4117
67.4117
67.4117
67.4117
67.4117
67.4117
67.4117
67.4117
67.4117
67.4117
67.4117
67.4117
67.4117
67.4117
67.4117
67.4117
67.4117
67.4117
67.4117
67.4117
67.4117
67.4117
67.4117
67.4117
67.4117
67.4117
67.4117
67.4117
67.4117
67.4117
67.4117
67.4117
67.4117
67.4117
67.4117
67.4117
67.4117
67.4117
67.4117
67.4117
67.4117
67.4117
67.4117
67.4117
67.4117
67.4117
67.4117
67.4117
67.4117
67.4117
67.4117
67.4117
67.4117
67.4117
67.4117
67.4117
67.4117
67.4117
67.4117
67.4117
67.4117
67.4117
67.4117
67.4117
67.4117
67.4117
67.4117
67.4117
67.4117
67.4117
67.4117
67.4117
67.4117
67.4117
67.4117
67.4117
67.4117
67.4117
67.4117
67.4117
67.4117
67.4117
67.4117
67.4117
67.4117
67.4117
67.4117
67.4117
67.4117
67.4117
67.4117
67.4117
67.4117
67.4117
67.4117
67.4117
67.4117
67.4117
67.4117
67.4117
67.4117
67.4117
67.4117
67.4117
67.4117
67.4117
67.4117
67.4117
67.4117
67.4117
67.4117
67.4117
67.4117
67.4117
67.4117
67.4117
67.4117
67.4117
67.4117
67.4117
67.4117
67.4117
67.4117
67.4117
67.4117
67.4117
67.4117
67.4117
67.4117
67.4117
67.4117
67.4117
67.4117
67.4117
67.4117
67.4117
67.4117
67.4117
67.4117
67.4117
67.4117
67.4117
67.4117
67.4117
67.4117
67.4117
67.4117
67.4117
67.4117
67.4117
67.4117
67.4117
67.4117
67.4117
67.4117
67.4117
67.4117
67.4117
67.4117
67.4117
67.4117
67.4117
67.4117
67.4117
67.4117
67.4117
67.4117
67.4117
67.4117
67.4117
67.4117
67.4117
67.4117
67.4117
67.4117
67.4117
67.4117
67.4117
67.4117
67.4117
67.4117
67.4117
67.4117
67.4117
67.4117
67.4117
67.4117
67.4117
67.4117
67.4117
67.4117
67.4117
67.4117
67.4117
67.4117
67.4117
67.4117
67.4117
67.4117
67.4117
67.4117
67.4117
67.4117
67.4117
67.4117
67.4117
67.4117
67.4117
67.4117
67.4117
67.4117
67.4117
67.4117
67.4117
67.4117
67.4117
67.4117
67.4117
67.4117
67.4117
67.4117
67.4117
67.4117
67.4117
67.4117
67.4117
67.4117
67.4117
67.4117
67.4117
67.4117
67.4117
67.4117
67.4117
67.4117
67.4117
67.4117
67.4117
67.4117
67.4117
67.4117
67.4117
67.4117
67.4117
67.4117
67.4117
67.4117
67.4117
67.4117
67.4117
67.4117
67.4117
67.4117
67.4117
67.4117
67.4117
67.4117
67.4117
67.4117
67.4117
67.4117
67.4117
67.4117
67.4117
67.4117
67.4117
67.4117
67.4117
67.4117
67.4117
67.4117
67.4117
67.4117
67.4117
67.4117
67.4117
67.4117
67.4117
67.4117
67.4117
67.4117
67.4117
67.4117
67.4117
67.4117
67.4117
67.4117
67.4117
67.4117
67.4117
67.4117
67.4117
67.4117
67.4117
67.4117
67.4117
67.4117
67.4117
67.4117
67.4117
67.4117
67.4117
67.4117
67.4117
67.4117
67.4117
67.4117
67.4117
67.4117
67.4117
67.4117
67.4117
67.4117
67.4117
67.4117
67.4117
67.4117
67.4117
67.4117
67.4117
67.4117
67.4117
67.4117
67.4117
67.4117
67.4117
67.4117
67.4117
67.4117
67.4117
67.4117
67.4117
67.4117
67.4117
67.4117
67.4117
67.4117
67.4117
67.4117
67.4117
67.4117
67.4117
67.4117
67.4117
67.4117
67.4117
67.4117
67.4117
67.4117
67.4117
67.4117
67.4117
67.4117
67.4117
67.4117
67.4117
67.4117
67.4117
67.4117
67.4117
67.4117
67.4117
67.4117
67.4117
67.4117
67.4117
67.4117
67.4117
67.4117
67.4117
67.4117
67.4117
67.4117
67.4117
67.4117
67.4117
67.4117
67.4117
67.4117
67.4117
67.4117
67.4117
67.4117
67.4117
67.4117
67.4117
67.4117
67.4117
67.4117
67.4117
67.4117
67.4117
67.4117
67.4117
67.4117
67.4117
67.4117
67.4117
67.4117
67.4117
67.4117
67.4117
67.4117
67.4117
67.4117
67.4117
67.4117
67.4117
67.4117
67.4117
67.4117
67.4117
67.4117
67.4117
67.4117
67.4117
67.4117
67.4117
67.4117
67.4117
67.4117
67.4117
67.4117
67.4117
67.4117
67.4117
67.4117
67.4117
67.4117
67.4117
67.4117
67.4117
67.4117
67.4117
67.4117
67.4117
67.4117
67.4117
67.4117
67.4117
67.4117
67.4117
67.4117
67.4117
67.4117
67.4117
67.4117
67.4117
67.4117
67.4117
67.4117
67.4117
67.4117
67.4117
67.4117
67.4117
67.4117
67.4117
67.4117
67.4117
67.4117
67.4117
67.4117
67.4117
67.4117
67.4117
67.4117
67.4117
67.4117
67.4117
67.4117
67.4117
67.4117
67.4117
67.4117
67.4117
67.4117
67.4117
67.4117
67.4117
67.4117
67.4117
67.4117
67.4117
67.4117
67.4117
67.4117
67.2745
67.2745
67.2745
67.2745
67.2745
67.2745
67.2745
66.887
66.887
66.887
66.887
66.887
66.887
66.887
66.887
66.887
66.887
66.887
66.887
66.887
66.887
66.887
66.887
66.887
66.887
66.887
66.887
66.887
66.887
66.887
66.887
66.887
66.887
66.887
66.887
66.887
66.887
66.887
66.887
66.887
66.887
66.887
66.887
66.887
66.887
66.887
66.887
66.887
66.887
66.887
66.887
66.887
66.887
66.887
66.887
66.887
66.887
66.887
66.887
66.887
66.887
66.887
66.887
66.887
66.887
66.887
66.887
66.887
66.887
66.887
66.887
66.887
66.887
66.887
66.887
66.887
66.887
66.887
66.887
66.887
66.887
66.887
66.887
66.887
66.887
66.887
66.887
66.887
66.887
66.887
66.887
66.887
66.887
66.887
66.887
66.887
66.887
66.887
66.887
66.887
66.887
66.887
66.887
66.887
66.887
66.887
66.887
66.887
66.887
66.887
66.887
66.887
66.887
66.887
66.887
66.887
66.887
66.887
66.887
66.887
66.887
66.887
66.887
66.887
66.887
66.887
66.887
66.887
66.887
66.887
66.887
66.887
66.887
66.887
66.887
66.887
66.887
66.887
66.887
66.887
66.887
66.887
66.887
66.887
66.887
66.887
66.887
66.887
66.887
66.887
66.887
66.887
66.887
66.887
66.887
66.887
66.887
66.887
66.887
66.887
66.887
66.887
66.887
66.887
66.887
66.887
66.887
66.887
66.887
66.887
66.887
66.887
66.887
66.887
66.887
66.887
66.887
66.887
66.887
66.887
66.887
66.887
66.887
66.887
66.887
66.887
66.887
66.887
66.887
66.887
66.887
66.887
66.887
66.887
66.887
66.887
66.887
66.887
66.887
66.887
66.887
66.887
66.887
66.887
66.887
66.887
66.887
66.887
66.887
66.887
66.887
66.887
66.887
66.887
66.887
66.887
66.887
66.887
66.887
66.887
66.887
66.887
66.887
66.887
66.887
66.887
66.887
66.887
66.887
66.887
66.887
66.887
66.887
66.887
66.887
66.887
66.887
66.887
66.887
66.887
66.887
66.887
66.887
66.887
66.887
66.887
66.887
66.887
66.887
66.887
66.887
66.887
66.887
66.887
66.887
66.887
66.887
66.887
66.887
66.887
66.887
66.887
66.887
66.887
66.887
66.887
66.887
66.887
66.887
66.887
66.887
66.887
66.887
66.887
66.887
66.887
66.887
66.887
66.887
66.887
66.887
66.887
66.887
66.887
66.887
66.887
66.887
66.887
66.887
66.887
66.887
66.887
66.887
66.887
66.887
66.887
66.887
66.887
66.887
66.887
66.887
66.887
66.887
66.887
66.887
66.887
66.887
66.887
66.887
66.887
66.887
66.887
66.887
66.887
66.887
66.887
66.887
66.887
66.887
66.887
66.887
66.887
66.887
66.887
66.887
66.887
66.887
66.887
66.887
66.887
66.887
66.887
66.887
66.887
66.887
66.887
66.887
66.887
66.887
66.887
66.887
66.887
66.887
66.887
66.887
66.887
66.887
66.887
66.887
66.887
66.887
66.887
66.887
66.887
66.887
66.887
66.887
66.887
66.887
66.887
66.887
66.887
66.887
66.887
66.887
66.887
66.887
66.887
66.887
66.887
66.887
66.887
66.887
66.887
66.887
66.887
66.887
66.887
66.887
66.887
66.887
66.887
66.887
66.887
66.887
66.887
66.887
66.887
66.887
66.887
66.887
66.887
66.887
66.887
66.887
66.887
66.887
66.887
66.887
66.887
66.887
66.887
66.887
66.887
66.887
66.887
66.887
66.887
66.887
66.887
66.887
66.887
66.887
66.887
66.887
66.887
66.887
66.887
66.887
66.887
66.887
66.887
66.887
66.887
66.887
66.887
66.887
66.887
66.887
66.887
66.887
66.887
66.887
66.887
66.887
66.887
66.887
66.887
66.887
66.887
66.887
66.887
66.887
66.887
66.887
66.887
66.887
66.887
66.887
66.887
66.887
66.887
66.887
66.887
66.887
66.887
66.887
66.887
66.887
66.887
66.887
66.887
66.887
66.887
66.887
66.887
66.887
66.887
66.887
66.887
66.887
66.887
66.887
66.887
66.887
66.887
66.887
66.887
66.887
66.887
66.887
66.887
66.887
66.887
66.887
66.887
66.887
66.887
66.887
66.887
66.887
66.887
66.887
66.887
66.887
66.887
66.887
66.887
66.887
66.887
66.887
66.887
66.887
66.887
66.887
66.887
66.887
66.887
66.887
66.887
66.887
66.887
66.887
66.887
66.887
66.887
66.887
66.887
66.887
66.887
66.887
66.887
66.887
66.887
66.887
66.887
66.887
66.887
66.887
66.887
66.887
66.887
66.887
66.887
66.887
66.887
66.887
66.887
66.887
66.887
66.887
66.887
66.887
66.887
66.887
66.887
66.887
66.887
66.887
66.887
66.887
66.887
66.887
66.887
66.887
66.887
66.887
66.887
66.887
66.887
66.887
66.887
66.887
66.887
66.887
66.887
66.887
66.887
66.887
66.887
66.887
66.887
66.887
66.887
66.887
66.887
66.887
66.887
66.887
66.887
66.887
66.887
66.887
66.887
66.887
66.887
66.887
66.887
66.887
66.887
66.887
66.887
66.887
66.887
66.887
66.887
66.887
66.887
66.887
66.887
66.887
66.887
66.887
66.887
66.887
66.887
66.887
66.887
66.887
66.887
66.887
66.887
66.887
66.887
66.887
66.887
66.887
66.887
66.887
66.887
66.887
66.887
66.887
66.887
66.887
66.887
66.887
66.887
66.887
66.887
66.887
66.887
66.887
66.887
66.887
66.887
66.887
66.887
66.887
66.887
66.887
66.887
66.887
66.887
66.887
66.887
66.887
66.887
66.887
66.887
66.887
66.887
66.887
66.887
66.887
66.887
66.887
66.887
66.887
66.887
66.887
66.887
66.887
66.887
66.887
66.887
66.887
66.887
66.887
66.887
66.887
66.887
66.887
66.887
66.887
66.887
66.887
66.887
66.887
66.887
66.887
66.887
66.887
66.887
66.887
66.887
66.887
66.887
66.887
66.887
66.887
66.887
66.887
66.887
66.887
66.887
66.887
66.887
66.887
66.887
66.887
66.887
66.887
66.887
66.887
66.887
66.887
66.887
66.887
66.887
66.887
66.887
66.887
66.887
66.887
66.887
66.887
66.887
66.887
66.887
66.887
66.887
66.887
66.887
66.887
66.887
66.887
66.887
66.887
66.887
66.887
66.887
66.887
66.887
66.887
66.887
66.887
66.887
66.887
66.887
66.887
66.887
66.887
66.887
66.887
66.887
66.887
66.887
66.887
66.887
66.887
66.887
66.887
66.887
66.887
66.887
66.887
66.887
66.887
66.887
66.887
66.887
66.887
66.887
66.887
66.887
66.887
66.887
66.887
66.887
66.887
66.887
66.887
66.887
66.887
66.887
66.887
66.887
66.887
66.887
66.887
66.887
66.887
66.887
66.887
66.887
66.887
66.887
66.887
66.887
66.887
66.887
66.887
66.887
66.887
66.887
66.887
66.887
66.887
66.887
66.887
66.887
66.887
66.887
66.887
66.887
66.887
66.887
66.887
66.887
66.887
66.887
66.887
66.887
66.887
66.887
66.887
66.887
66.887
66.887
66.887
66.887
66.887
66.887
66.887
66.887
66.887
66.887
66.887
66.887
66.887
66.887
66.887
66.887
66.887
66.887
66.887
66.887
66.887
66.887
66.887
66.887
66.887
66.887
66.887
66.887
66.887
66.887
66.887
66.887
66.887
66.887
66.887
66.887
66.887
66.887
66.887
66.887
66.887
66.887
66.887
66.887
66.887
66.887
66.887
66.887
66.887
66.887
66.887
66.887
66.887
66.887
66.887
66.887
66.887
66.887
66.887
66.887
66.887
66.887
66.887
66.887
66.887
66.887
66.887
66.887
66.887
66.887
66.887
66.887
66.887
66.887
66.887
66.887
66.887
66.887
66.0767
66.0767
66.0767
66.0767
66.0767
66.0767
66.0767
66.0767
66.0767
66.0767
66.0767
66.0767
66.0767
66.0767
66.0767
66.0767
66.0767
66.0767
66.0767
66.0767
66.0767
66.0767
66.0767
66.0767
66.0767
66.0767
66.0767
66.0767
66.0767
66.0767
66.0767
66.0767
66.0767
66.0767
66.0767
66.0767
66.0767
66.0767
66.0767
66.0767
66.0767
66.0767
66.0767
66.0767
66.0767
66.0767
66.0767
66.0767
66.0767
66.0767
66.0767
66.0767
66.0767
66.0767
66.0767
66.0767
66.0767
66.0767
66.0767
66.0767
66.0767
66.0767
66.0767
66.0767
66.0767
66.0767
66.0767
66.0767
66.0767
66.0767
66.0767
66.0767
66.0767
66.0767
66.0767
66.0767
66.0767
66.0767
66.0767
66.0767
66.0767
66.0767
66.0767
66.0767
66.0767
66.0767
66.0767
66.0767
66.0767
66.0767
66.0767
66.0767
66.0767
66.0767
66.0767
66.0767
66.0767
66.0767
66.0767
66.0767
66.0767
66.0767
66.0767
66.0767
66.0767
66.0767
66.0767
66.0767
66.0767
66.0767
66.0767
66.0767
66.0767
66.0767
66.0767
66.0767
66.0767
66.0767
66.0767
66.0767
66.0767
66.0767
66.0767
66.0767
66.0767
66.0767
66.0767
66.0767
66.0767
66.0767
66.0767
66.0767
66.0767
66.0767
66.0767
66.0767
66.0767
66.0767
66.0767
66.0767
66.0767
66.0767
66.0767
66.0767
66.0767
66.0767
66.0767
66.0767
66.0767
66.0767
66.0767
66.0767
66.0767
66.0767
66.0767
66.0767
66.0767
66.0767
66.0767
66.0767
66.0767
66.0767
66.0767
66.0767
66.0767
66.0767
66.0767
66.0767
66.0767
66.0767
66.0767
66.0767
66.0767
66.0767
66.0767
66.0767
66.0767
66.0767
66.0767
66.0767
66.0767
66.0767
66.0767
66.0767
66.0767
66.0767
66.0767
66.0767
66.0767
66.0767
66.0767
66.0767
66.0767
66.0767
66.0767
66.0767
66.0767
66.0767
66.0767
66.0767
66.0767
66.0767
66.0767
66.0767
66.0767
66.0767
66.0767
66.0767
66.0767
66.0767
66.0767
66.0767
66.0767
66.0767
66.0767
66.0767
66.0767
66.0767
66.0767
66.0767
66.0767
66.0767
66.0767
65.8127
65.8127
65.8127
65.8127
65.8127
65.8127
65.8127
65.8127
65.8127
65.8127
65.8127
65.8127
65.8127
65.8127
65.8127
65.8127
65.8127
65.8127
65.8127
65.8127
65.8127
65.8127
65.8127
65.8127
65.8127
65.8127
65.8127
65.8127
65.8127
65.8127
65.8127
65.8127
65.8127
65.8127
65.8127
65.8127
65.8127
65.8127
65.8127
65.8127
65.8127
65.8127
65.8127
65.8127
65.8127
65.8127
65.8127
65.8127
65.8127
65.8127
65.8127
65.8127
65.8127
65.8127
65.8127
65.8127
65.8127
65.8127
65.8127
65.8127
65.8127
65.8127
65.8127
65.8127
65.8127
65.8127
65.8127
65.8127
65.8127
65.8127
65.8127
65.8127
65.8127
65.8127
65.8127
65.8127
65.8127
65.8127
65.8127
65.8127
65.8127
65.8127
65.8127
65.8127
65.8127
65.8127
65.8127
65.8127
65.8127
65.8127
65.8127
65.8127
65.8127
65.8127
65.8127
65.8127
65.8127
65.8127
65.8127
65.8127
65.8127
65.8127
65.8127
65.8127
65.8127
65.8127
65.8127
65.8127
65.8127
65.8127
65.8127
65.8127
65.8127
65.8127
65.8127
65.8127
65.8127
65.8127
65.8127
65.8127
65.8127
65.8127
65.8127
65.8127
65.8127
65.8127
65.8127
65.8127
65.8127
65.8127
65.8127
65.8127
65.8127
65.8127
65.8127
65.8127
65.8127
65.8127
65.8127
65.8127
65.8127
65.8127
65.8127
65.8127
65.8127
65.8127
65.8127
65.8127
65.8127
65.8127
65.8127
65.8127
65.8127
65.8127
65.8127
65.8127
65.8127
65.8127
65.8127
65.8127
65.8127
65.8127
65.8127
65.8127
65.8127
65.8127
65.8127
65.8127
65.8127
65.8127
65.8127
65.8127
65.8127
65.8127
65.8127
65.8127
65.8127
65.8127
65.8127
65.8127
65.8127
65.8127
65.8127
65.8127
65.8127
65.8127
65.8127
65.8127
65.8127
65.8127
65.8127
65.8127
65.8127
65.8127
65.8127
65.8127
65.8127
65.8127
65.8127
65.8127
65.8127
65.8127
65.8127
65.8127
65.8127
65.8127
65.8127
65.8127
65.8127
65.8127
65.8127
65.8127
65.8127
65.8127
65.8127
65.8127
65.8127
65.8127
65.8127
65.8127
65.8127
65.8127
65.8127
65.8127
65.8127
65.8127
65.8127
65.8127
65.8127
65.8127
65.8127
65.8127
65.8127
65.8127
65.8127
65.8127
65.8127
65.8127
65.8127
65.8127
65.8127
65.8127
65.8127
65.8127
65.8127
65.8127
65.8127
65.8127
65.8127
65.8127
65.8127
65.8127
65.8127
65.8127
65.8127
65.8127
65.8127
65.8127
65.8127
65.8127
65.8127
65.8127
65.8127
65.8127
65.8127
65.8127
65.8127
65.8127
65.8127
65.8127
65.8127
65.8127
65.8127
65.8127
65.8127
65.8127
65.8127
65.8127
65.8127
65.8127
65.8127
65.8127
65.8127
65.8127
65.8127
65.8127
65.8127
65.8127
65.8127
65.8127
65.8127
65.8127
65.8127
65.8127
65.8127
65.8127
65.8127
65.8127
65.8127
65.8127
65.8127
65.8127
65.8127
65.8127
65.8127
65.8127
65.8127
65.8127
65.8127
65.8127
65.8127
65.8127
65.8127
65.8127
65.8127
65.8127
65.8127
65.8127
65.8127
65.8127
65.8127
65.8127
65.8127
65.8127
65.8127
65.8127
65.8127
65.8127
65.8127
65.8127
65.8127
65.8127
65.8127
65.8127
65.8127
65.8127
65.8127
65.8127
65.8127
65.8127
65.8127
65.8127
65.8127
65.8127
65.8127
65.8127
65.8127
65.8127
65.8127
65.8127
65.8127
65.8127
65.8127
65.8127
65.8127
65.8127
65.8127
65.8127
65.8127
65.8127
65.8127
65.8127
65.8127
65.8127
65.8127
65.8127
65.8127
65.8127
65.8127
65.8127
65.8127
65.8127
65.8127
65.8127
65.8127
65.8127
65.8127
65.8127
65.8127
65.8127
65.8127
65.8127
65.8127
65.8127
65.8127
65.8127
65.8127
65.8127
65.8127
65.8127
65.8127
65.8127
65.8127
65.8127
65.8127
65.8127
65.8127
65.8127
65.8127
65.8127
65.8127
65.8127
65.8127
65.8127
65.8127
65.8127
65.8127
65.8127
65.8127
65.8127
65.8127
65.8127
65.8127
65.8127
65.8127
65.8127
65.8127
65.8127
65.8127
65.8127
65.8127
65.8127
65.8127
65.8127
65.8127
65.8127
65.8127
65.8127
65.8127
65.8127
65.8127
65.8127
65.8127
65.8127
65.8127
65.8127
65.8127
65.8127
65.8127
65.8127
65.8127
65.8127
65.8127
65.8127
65.8127
65.8127
65.8127
65.8127
65.8127
65.8127
65.8127
65.8127
65.8127
65.8127
65.8127
65.8127
65.8127
65.8127
65.8127
65.8127
65.8127
65.8127
65.8127
65.8127
65.8127
65.8127
65.8127
65.8127
65.8127
65.8127
65.8127
65.8127
65.8127
65.8127
65.8127
65.8127
65.8127
65.8127
65.8127
65.8127
65.8127
65.8127
65.8127
65.8127
65.8127
65.8127
65.8127
65.8127
65.8127
65.8127
65.8127
65.8127
65.8127
65.8127
65.8127
65.8127
65.8127
65.8127
65.8127
65.8127
65.8127
65.8127
65.8127
65.8127
65.8127
65.8127
65.8127
65.8127
65.8127
65.8127
65.8127
65.8127
65.8127
65.8127
65.8127
65.8127
65.8127
65.8127
65.8127
65.8127
65.8127
65.8127
65.8127
65.8127
65.8127
65.8127
65.8127
65.8127
65.8127
65.8127
65.8127
65.8127
65.8127
65.8127
65.8127
65.8127
65.8127
65.8127
65.8127
65.8127
65.8127
65.8127
65.8127
65.8127
65.8127
65.8127
65.8127
65.8127
65.8127
65.8127
65.8127
65.8127
65.8127
65.8127
65.8127
65.8127
65.8127
65.8127
65.8127
65.8127
65.8127
65.8127
65.8127
65.8127
65.8127
65.8127
65.8127
65.8127
65.8127
65.8127
65.8127
65.8127
65.8127
65.8127
65.8127
65.8127
65.8127
65.8127
65.8127
65.8127
65.8127
65.8127
65.8127
65.8127
65.8127
65.8127
65.8127
65.8127
65.8127
65.8127
65.8127
65.8127
65.8127
65.8127
65.8127
65.8127
65.8127
65.8127
65.8127
65.8127
65.8127
65.8127
65.8127
65.8127
65.8127
65.8127
65.8127
65.8127
65.8127
65.8127
65.8127
65.8127
65.8127
65.8127
65.8127
65.8127
65.8127
65.8127
65.8127
65.8127
65.8127
65.8127
65.8127
65.8127
65.8127
65.8127
65.8127
65.8127
65.8127
65.8127
65.8127
65.8127
65.8127
65.8127
65.8127
65.8127
65.8127
65.8127
65.8127
65.8127
65.8127
65.8127
65.8127
65.8127
65.8127
65.8127
65.8127
65.8127
65.8127
65.8127
65.8127
65.8127
65.8127
65.8127
65.8127
65.8127
65.8127
65.8127
65.8127
65.8127
65.8127
65.8127
65.8127
65.8127
65.8127
65.8127
65.8127
65.8127
65.8127
65.8127
65.8127
65.8127
65.8127
65.8127
65.8127
65.8127
65.8127
65.8127
65.8127
65.8127
65.8127
65.8127
65.8127
65.8127
65.8127
65.8127
65.8127
65.8127
65.8127
65.8127
65.8127
65.8127
65.8127
65.8127
65.8127
65.8127
65.8127
65.8127
65.8127
65.8127
65.8127
65.8127
65.8127
65.8127
65.8127
65.8127
65.8127
65.8127
65.8127
65.8127
65.8127
65.8127
65.8127
65.8127
65.8127
65.8127
65.8127
65.8127
65.8127
65.8127
65.8127
65.8127
65.8127
65.8127
65.8127
65.8127
65.8127
65.8127
65.8127
65.8127
65.8127
65.8127
65.8127
65.8127
65.8127
65.8127
65.8127
65.8127
65.8127
65.8127
65.8127
65.8127
65.8127
65.8127
65.8127
65.8127
65.8127
65.8127
65.8127
65.8127
65.8127
65.8127
65.8127
65.8127
65.8127
65.8127
65.8127
65.8127
65.8127
65.8127
65.8127
65.8127
65.8127
65.8127
65.8127
65.8127
65.8127
65.8127
65.8127
65.8127
65.8127
65.8127
65.8127
65.8127
65.8127
65.8127
65.8127
65.4397
65.4397
65.4397
65.4397
65.4397
65.4397
65.4397
65.4397
65.4397
65.4397
65.4397
65.4397
65.4397
65.4397
65.4397
65.4397
65.4397
65.4397
65.4397
65.4397
65.4397
65.4397
65.4397
65.4397
65.4397
65.4397
65.4397
65.4397
65.4397
65.4397
65.4397
65.4397
65.4397
65.4397
65.4397
65.4397
65.4397
65.4397
65.4397
65.4397
65.4397
65.4397
65.4397
65.4397
65.4397
65.4397
65.4397
65.4397
65.4397
65.4397
65.4397
65.4397
65.4397
65.4397
65.4397
65.4397
65.4397
65.4397
65.4397
65.4397
65.4397
65.4397
65.4397
65.4397
65.4397
65.4397
65.4397
65.4397
65.4397
65.4397
65.4397
65.4397
65.4397
65.4397
65.4397
65.4397
65.4397
65.4397
65.4397
65.4397
65.4397
65.4397
65.4397
65.4397
65.4397
65.4397
65.4397
65.4397
65.4397
65.4397
65.4397
65.4397
65.4397
65.4397
65.4397
65.4397
65.4397
65.4397
65.4397
65.4397
65.4397
65.4397
65.4397
65.4397
65.4397
65.4397
65.4397
65.4397
65.4397
65.4397
65.4397
65.4397
65.4397
65.4397
65.4397
65.4397
65.4397
65.4397
65.4397
65.4397
65.4397
65.4397
65.4397
65.4397
65.4397
65.4397
65.4397
65.4397
65.4397
65.4397
65.4397
65.4397
65.4397
65.4397
65.4397
65.4397
65.4397
65.4397
65.4397
65.4397
65.4397
65.4397
65.4397
65.4397
65.4397
65.4397
65.4397
65.4397
65.4397
65.4397
65.4397
65.4397
65.4397
65.4397
65.4397
65.4397
65.4397
65.4397
65.4397
65.4397
65.4397
65.4397
65.4397
65.4397
65.4397
65.4397
65.4397
65.4397
65.4397
65.4397
65.4397
65.4397
65.4397
65.4397
65.4397
65.4397
65.4397
65.4397
65.4397
65.4397
65.4397
65.4397
65.4397
65.4397
65.4397
65.4397
65.4397
65.4397
65.4397
65.4397
65.4397
65.4397
65.4397
65.4397
65.4397
65.4397
65.4397
65.4397
65.4397
65.4397
65.4397
65.4397
65.4397
65.4397
65.4397
65.4397
65.4397
65.4397
65.4397
65.4397
65.4397
65.4397
65.4397
65.4397
65.4397
65.4397
65.4397
65.4397
65.4397
65.4397
65.4397
65.4397
65.4397
65.4397
65.4397
65.4397
65.4397
65.4397
65.4397
65.4397
65.4397
65.4397
65.4397
65.4397
65.4397
65.4397
65.4397
65.4397
65.4397
65.4397
65.4397
65.4397
65.4397
65.4397
65.4397
65.4397
65.4397
65.4397
65.4397
65.4397
65.4397
65.4397
65.4397
65.4397
65.4397
65.4397
65.4397
65.4397
65.4397
65.4397
65.4397
65.4397
65.4397
65.4397
65.4397
65.4397
65.4397
65.4397
65.4397
65.4397
65.4397
65.4397
65.4397
65.4397
65.4397
65.4397
65.4397
65.4397
65.4397
65.4397
65.4397
65.4397
65.4397
65.4397
65.4397
65.4397
65.4397
65.4397
65.4397
65.4397
65.4397
65.4397
65.4397
65.4397
65.4397
65.4397
65.4397
65.4397
65.4397
65.4397
65.4397
65.4397
65.4397
65.4397
65.4397
65.4397
65.4397
65.4397
65.4397
65.4397
65.4397
65.4397
65.4397
65.4397
65.4397
65.4397
65.4397
65.4397
65.4397
65.4397
65.4397
65.4397
65.4397
65.4397
65.4397
65.4397
65.4397
65.4397
65.4397
65.4397
65.4397
65.4397
65.4397
65.4397
65.4397
65.4397
65.4397
65.4397
65.4397
65.4397
65.4397
65.4397
65.4397
65.4397
65.4397
65.4397
65.4397
65.4397
65.4397
65.4397
65.4397
65.4397
65.4397
65.4397
65.4397
65.4397
65.4397
65.4397
65.4397
65.4397
65.4397
65.4397
65.4397
65.4397
65.4397
65.4397
65.4397
65.4397
65.4397
65.4397
65.4397
65.4397
65.4397
65.4397
65.4397
65.4397
65.4397
65.4397
65.4397
65.4397
65.4397
65.4397
65.4397
65.4397
65.4397
65.4397
65.4397
65.4397
65.4397
65.4397
65.4397
65.4397
65.4397
65.4397
65.4397
65.4397
65.4397
65.4397
65.4397
65.4397
65.4397
65.4397
65.4397
65.4397
65.4397
65.4397
65.4397
65.4397
65.4397
65.4397
65.4397
65.4397
65.4397
65.4397
65.4397
65.4397
65.4397
65.4397
65.4397
65.4397
65.4397
65.4397
65.4397
65.4397
65.4397
65.4397
65.4397
65.4397
65.4397
65.4397
65.4397
65.4397
65.4397
65.4397
65.4397
65.4397
65.4397
65.4397
65.4397
65.4397
65.4397
65.4397
65.4397
65.4397
65.4397
65.4397
65.4397
65.4397
65.4397
65.4397
65.4397
65.4397
65.4397
65.4397
65.4397
65.4397
65.4397
65.4397
65.4397
65.4397
65.4397
65.4397
65.4397
65.4397
65.4397
65.4397
65.4397
65.4397
65.4397
65.4397
65.4397
65.4397
65.4397
65.4397
65.4397
65.4397
65.4397
65.4397
65.4397
65.4397
65.4397
65.4397
65.4397
65.4397
65.4397
65.4397
65.4397
65.4397
65.4397
65.4397
65.4397
65.4397
65.4397
65.4397
65.4397
65.4397
65.4397
65.4397
65.4397
65.4397
65.4397
65.4397
65.4397
65.4397
65.4397
65.4397
65.4397
65.4397
65.4397
65.4397
65.4397
65.4397
65.4397
65.4397
65.4397
65.4397
65.4397
65.4397
65.4397
65.4397
65.4397
65.4397
65.4397
65.4397
65.4397
65.4397
65.4397
65.4397
65.4397
65.4397
65.4397
65.4397
65.4397
65.4397
65.4397
65.4397
65.4397
65.4397
65.4397
65.4397
65.4397
65.4397
65.4397
65.4397
65.4397
65.4397
65.4397
65.4397
65.4397
65.4397
65.4397
65.4397
65.4397
65.4397
65.4397
65.4397
65.4397
65.4397
65.4397
65.4397
65.4397
65.4397
65.4397
65.4397
65.4397
65.4397
65.4397
65.4397
65.4397
65.4397
65.4397
65.4397
65.4397
65.4397
65.4397
65.4397
65.4397
65.4397
65.4397
65.4397
65.4397
65.4397
65.4397
65.4397
65.4397
65.4397
65.4397
65.4397
65.4397
65.4397
65.4397
65.4397
65.4397
65.4397
65.4397
65.4397
65.4397
65.4397
65.4397
65.4397
65.4397
65.4397
65.4397
65.4397
65.4397
65.4397
65.4397
65.4397
65.4397
65.4397
65.4397
65.4397
65.4397
65.4397
65.4397
65.4397
65.4397
65.4397
65.4397
65.4397
65.4397
65.4397
65.4397
65.4397
65.4397
65.4397
65.4397
65.4397
65.4397
65.4397
65.4397
65.4397
65.4397
65.4397
65.4397
65.4397
65.4397
65.4397
65.4397
65.4397
65.4397
65.4397
65.4397
65.4397
65.4397
65.4397
65.4397
65.4397
65.4397
65.4397
65.4397
65.4397
65.4397
65.4397
65.4397
65.4397
65.4397
65.4397
65.4397
65.4397
65.4397
65.4397
65.4397
65.4397
65.4397
65.4397
65.4397
65.4397
65.4397
65.4397
65.4397
65.4397
65.4397
65.4397
65.4397
65.4397
65.4397
65.4397
65.4397
65.4397
65.4397
65.4397
65.4397
65.4397
65.4397
65.4397
65.4397
65.4397
65.4397
65.4397
65.4397
65.4397
65.4397
65.4397
65.4397
65.4397
65.4397
65.4397
65.4397
65.4397
65.4397
65.4397
65.4397
65.4397
65.4397
65.4397
65.4397
65.4397
65.4397
65.4397
65.4397
65.4397
65.4397
65.4397
65.4397
65.4397
65.4397
65.4397
65.4397
65.4397
65.4397
65.4397
65.4397
65.4397
65.4397
65.4397
65.4397
65.4397
65.4397
65.4397
65.4397
65.4397
65.4397
65.4397
65.4397
65.4397
65.4397
65.4397
65.4397
65.4397
65.4397
65.4397
65.4397
65.4397
65.4397
65.4397
65.4397
65.4397
65.4397
65.4397
65.4397
65.4397
65.4397
65.4397
65.4397
65.4397
65.4397
65.4397
65.4397
65.4397
65.4397
65.4397
65.4397
65.4397
65.4397
65.4397
65.4397
65.4397
65.4397
65.4397
65.4397
65.4397
65.4397
65.4397
65.4397
65.4397
65.4397
65.4397
65.4397
65.4397
65.4397
65.4397
65.4397
65.4397
65.4397
65.4397
65.4397
65.4397
65.4397
65.4397
65.4397
65.4397
65.4397
65.4397
65.4397
65.4397
65.4397
65.4397
65.4397
65.4397
65.4397
65.4397
65.4397
65.4397
65.4397
65.4397
65.4397
65.4397
65.4397
65.4397
65.4397
65.4397
65.4397
65.4397
65.4397
65.4397
65.4397
65.4397
65.4397
65.4397
65.4397
65.4397
65.4397
65.4397
65.4397
65.4397
65.4397
65.4397
65.4397
65.4397
65.4397
65.4397
65.4397
65.4397
65.4397
65.4397
65.4397
65.4397
65.4397
65.4397
65.4397
65.4397
65.4397
65.4397
65.4397
65.4397
65.4397
65.4397
65.4397
65.4397
65.4397
65.4397
65.4397
65.4397
65.4397
65.4397
65.4397
65.4397
65.4397
65.4397
65.4397
65.4397
65.4397
65.4397
65.4397
65.4397
65.4397
65.4397
65.4397
65.4397
65.4397
65.4397
65.4397
65.4397
65.4397
65.4397
65.4397
65.4397
65.4397
65.4397
65.4397
65.4397
65.4397
65.4397
65.4397
65.4397
65.4397
65.4397
65.4397
65.4397
65.4397
65.4397
65.4397
65.4397
65.4397
65.4397
65.4397
65.4397
65.4397
65.4397
65.4397
65.4397
65.4397
65.4397
65.4397
65.4397
65.4397
65.4397
65.4397
65.4397
65.4397
65.4397
65.4397
65.4397
65.4397
65.4397
65.4397
65.4397
65.4397
65.4397
65.4397
65.4397
65.4397
65.4397
65.4397
65.4397
65.4397
65.4397
65.4397
65.4397
65.4397
65.4397
65.4397
65.4397
65.4397
65.4397
65.4397
65.4397
65.4397
65.4397
65.4397
65.4397
65.4397
65.4397
65.4397
65.4397
65.4397
65.4397
65.4397
65.4397
65.4397
65.4397
65.4397
65.4397
65.4397
65.4397
65.4397
65.4397
65.4397
65.4397
65.4397
65.4397
65.4397
65.4397
65.4397
65.4397
65.4397
65.4397
65.4397
65.4397
65.4397
65.4397
65.4397
65.4397
65.4397
65.4397
65.4397
65.4397
65.4397
65.4397
65.4397
65.4397
65.4397
65.4397
65.4397
65.4397
65.4397
65.4397
65.4397
65.4397
65.4397
65.4397
65.4397
65.4397
65.4397
65.4397
65.4397
65.4397
65.4397
65.4397
65.4397
65.4397
65.4397
65.4397
65.4397
65.4397
65.4397
65.4397
65.4397
65.4397
65.4397
65.4397
65.4397
65.4397
65.4397
65.4397
65.4397
65.4397
65.4397
65.4397
65.4397
65.4397
65.4397
65.4397
65.4397
65.4397
65.4397
65.4397
65.4397
65.4397
65.4397
65.4397
65.4397
65.4397
65.4397
65.4397
65.4397
65.4397
65.4397
65.4397
65.4397
65.4397
65.4397
65.4397
65.4397
65.4397
65.4397
65.4397
65.4397
65.4397
65.4397
65.4397
65.4397
65.4397
65.4397
65.4397
65.4397
65.4397
65.4397
65.4397
65.4397
65.4397
65.4397
65.4397
65.4397
65.4397
65.4397
65.4397
65.4397
65.4397
65.4397
65.4397
65.4397
65.4397
65.4397
65.4397
65.4397
65.4397
65.4397
65.4397
65.4397
65.4397
65.4397
65.4397
65.4397
65.4397
65.4397
65.4397
65.4397
65.4397
65.4397
65.4397
65.4397
65.4397
65.4397
65.4397
65.4397
65.4397
65.4397
65.4397
65.4397
65.4397
65.4397
65.4397
65.4397
65.4397
65.4397
65.4397
65.4397
65.4397
65.4397
65.4397
65.4397
65.4397
65.4397
65.4397
65.4397
65.4397
65.4397
65.4397
65.4397
65.4397
65.4397
65.4397
65.4397
65.4397
65.4397
65.4397
65.4397
65.4397
65.4397
65.4397
65.4397
65.4397
65.4397
65.4397
65.4397
65.4397
65.4397
65.4397
65.4397
65.4397
65.4397
65.4397
65.4397
65.4397
65.4397
65.4397
65.4397
65.4397
65.4397
65.4397
65.4397
65.4397
65.4397
65.4397
65.4397
65.4397
65.4397
65.4397
65.4397
65.4397
65.4397
65.4397
65.4397
65.4397
65.4397
65.4397
65.4397
65.4397
65.4397
65.4397
65.4397
65.4397
65.4397
65.4397
65.4397
65.4397
65.4397
65.4397
65.4397
65.4397
65.4397
65.4397
65.4397
65.4397
65.4397
65.4397
65.4397
65.4397
65.4397
65.4397
65.4397
65.4397
65.4397
65.4397
65.4397
65.4397
65.4397
65.4397
65.4397
65.4397
65.4397
65.4397
65.4397
65.4397
65.4397
65.4397
65.4397
65.4397
65.4397
65.4397
65.4397
65.4397
65.4397
65.4397
65.4397
65.4397
65.4397
65.4397
65.4397
65.4397
65.4397
65.4397
65.4397
65.4397
65.4397
65.4397
65.4397
65.4397
65.4397
65.4397
65.4397
65.4397
65.4397
65.4397
65.4397
65.4397
65.4397
65.4397
65.4397
65.4397
65.4397
65.4397
65.4397
65.4397
65.4397
65.4397
65.4397
65.4397
65.4397
65.4397
65.4397
65.4397
65.4397
65.4397
65.4397
65.4397
65.4397
65.4397
65.4397
65.4397
65.4397
65.4397
65.4397
65.4397
65.4397
65.4397
65.4397
65.4397
65.4397
65.4397
65.4397
65.4397
65.4397
65.4397
65.4397
65.4397
65.4397
65.4397
65.4397
65.4397
65.4397
65.4397
65.4397
65.4397
65.4397
65.4397
65.4397
65.4397
65.4397
65.4397
65.4397
65.4397
65.4397
65.4397
65.4397
65.4397
65.4397
65.4397
65.4397
65.4397
65.4397
65.4397
65.4397
65.4397
65.4397
65.4397
65.4397
65.4397
65.4397
65.4397
65.4397
65.4397
65.4397
65.4397
65.4397
65.4397
65.4397
65.4397
65.4397
65.4397
65.4397
65.4397
65.4397
65.4397
65.4397
65.4397
65.4397
65.4397
65.4397
65.4397
65.4397
65.4397
65.4397
65.4397
65.4397
65.4397
65.4397
65.4397
65.4397
65.4397
65.4397
65.4397
65.4397
65.4397
65.4397
65.4397
65.4397
65.4397
65.4397
65.4397
65.4397
65.4397
65.4397
65.4397
65.4397
65.4397
65.4397
65.4397
65.4397
65.4397
65.4397
65.4397
65.4397
65.4397
65.4397
65.4397
65.4397
65.4397
65.4397
65.4397
65.4397
65.4397
65.4397
65.4397
65.4397
65.4397
65.4397
65.4397
65.4397
65.4397
65.4397
65.4397
65.4397
65.4397
65.4397
65.4397
65.4397
65.4397
65.4397
65.4397
65.4397
65.4397
65.4397
65.4397
65.4397
65.4397
65.4397
65.4397
65.4397
65.4397
65.4397
65.4397
65.4397
65.4397
65.4397
65.4397
65.4397
65.4397
65.4397
65.4397
65.4397
65.4397
65.4397
65.4397
65.4397
65.4397
65.4397
65.4397
65.4397
65.4397
65.4397
65.4397
65.4397
65.4397
65.4397
65.4397
65.4397
65.4397
65.4397
65.4397
65.4397
65.4397
65.4397
65.4397
65.4397
65.4397
65.4397
65.4397
65.4397
65.4397
65.4397
65.4397
65.4397
65.4397
65.4397
65.4397
65.4397
65.4397
65.4397
65.4397
65.4397
65.4397
65.4397
65.4397
65.4397
65.4397
65.4397
65.4397
65.4397
65.4397
65.4397
65.4397
65.4397
65.4397
65.4397
65.4397
65.4397
65.4397
65.4397
65.4397
65.4397
65.4397
65.4397
65.4397
65.4397
65.4397
65.4397
65.4397
65.4397
65.4397
65.4397
65.4397
65.4397
65.4397
65.4397
65.4397
65.4397
65.4397
65.4397
65.4397
65.4397
65.4397
65.4397
65.4397
65.4397
65.4397
65.4397
65.4397
65.4397
65.4397
65.4397
65.4397
65.4397
65.4397
65.4397
65.4397
65.4397
65.4397
65.4397
65.4397
65.4397
65.4397
65.4397
65.4397
65.4397
65.4397
65.4397
65.4397
65.4397
65.4397
65.4397
65.4397
65.4397
65.4397
65.4397
65.4397
65.4397
65.4397
65.4397
65.4397
65.4397
65.4397
65.4397
65.4397
65.4397
65.4397
65.4397
65.4397
65.4397
65.4397
65.4397
65.4397
65.4397
65.4397
65.4397
65.4397
65.4397
65.4397
65.4397
65.4397
65.4397
65.4397
65.4397
65.4397
65.4397
65.4397
65.4397
65.4397
65.4397
65.4397
65.4397
65.4397
65.4397
65.4397
65.4397
65.4397
65.4397
65.4397
65.4397
65.4397
65.4397
65.4397
65.4397
65.4397
65.4397
65.4397
65.4397
65.4397
65.4397
65.4397
65.4397
65.4397
65.4397
65.4397
65.4397
65.4397
65.4397
65.4397
65.4397
65.4397
65.4397
65.4397
65.4397
65.4397
65.4397
65.4397
65.4397
65.4397
65.4397
65.4397
65.4397
65.4397
65.4397
65.4397
65.4397
65.4397
65.4397
65.4397
65.4397
65.4397
65.4397
65.4397
65.4397
65.4397
65.4397
65.4397
65.4397
65.4397
65.4397
65.4397
65.4397
65.4397
65.4397
65.4397
65.4397
65.4397
65.4397
65.4397
65.4397
65.4397
65.4397
65.4397
65.4397
65.4397
65.4397
65.4397
65.4397
65.4397
65.4397
65.4397
65.4397
65.4397
65.4397
65.4397
65.4397
65.4397
65.4397
65.4397
65.4397
65.4397
65.4397
65.4397
65.4397
65.4397
65.4397
65.4397
65.4397
65.4397
65.4397
65.4397
65.4397
65.4397
65.4397
65.4397
65.4397
65.4397
65.4397
65.4397
65.4397
65.4397
65.4397
65.4397
65.4397
65.4397
65.4397
65.4397
65.4397
65.4397
65.4397
65.4397
65.4397
65.4397
65.4397
65.4397
65.4397
65.4397
65.4397
65.4397
65.4397
65.4397
65.4397
65.4397
65.4397
65.4397
65.4397
65.4397
65.4397
65.4397
65.4397
65.4397
65.4397
65.4397
65.4397
65.4397
65.4397
65.4397
65.4397
65.4397
65.4397
65.4397
65.4397
65.4397
65.4397
65.4397
65.4397
65.4397
65.4397
65.4397
65.4397
65.4397
65.4397
65.4397
65.4397
65.4397
65.4397
65.4397
65.4397
65.4397
65.4397
65.4397
65.4397
65.4397
65.4397
65.4397
65.4397
65.4397
65.4397
65.4397
65.4397
65.4397
65.4397
65.4397
65.4397
65.4397
65.4397
65.4397
65.4397
65.4397
65.4397
65.4397
65.4397
65.4397
65.4397
65.4397
65.4397
65.4397
65.4397
65.4397
65.4397
65.4397
65.4397
65.4397
65.4397
65.4397
65.4397
65.4397
65.4397
65.4397
65.4397
65.4397
65.4397
65.4397
65.4397
65.4397
65.4397
65.4397
65.4397
65.4397
65.4397
65.4397
65.4397
65.4397
65.4397
65.4397
65.4397
65.4397
65.4397
65.4397
65.4397
65.4397
65.4397
65.4397
65.4397
65.4397
65.4397
65.4397
65.4397
65.4397
65.4397
65.4397
65.4397
65.4397
65.4397
65.4397
65.4397
65.4397
65.4397
65.4397
65.4397
65.4397
65.4397
65.4397
65.4397
65.4397
65.4397
65.4397
65.4397
65.4397
65.4397
65.4397
65.4397
65.4397
65.4397
65.4397
65.4397
65.4397
65.4397
65.4397
65.4397
65.4397
65.4397
65.4397
65.4397
65.4397
65.4397
65.4397
65.4397
65.4397
65.4397
65.4397
65.4397
65.4397
65.4397
65.4397
65.4397
65.4397
65.4397
65.4397
65.4397
65.4397
65.4397
65.4397
65.4397
65.4397
65.4397
65.4397
65.4397
65.4397
65.4397
65.4397
65.4397
65.4397
65.4397
65.4397
65.4397
65.4397
65.4397
65.4397
65.4397
65.4397
65.4397
65.4397
65.4397
65.4397
65.4397
65.4397
65.4397
65.4397
65.4397
65.4397
65.4397
65.4397
65.4397
65.4397
65.4397
65.4397
65.4397
65.4397
65.4397
65.4397
65.4397
65.4397
65.4397
65.4397
65.4397
65.4397
65.4397
65.4397
65.4397
65.4397
65.4397
65.4397
65.4397
65.4397
65.4397
65.4397
65.4397
65.4397
65.4397
65.4397
65.4397
65.4397
65.4397
65.4397
65.4397
65.4397
65.4397
65.4397
65.4397
65.4397
65.4397
65.4397
65.4397
65.4397
65.4397
65.4397
65.4397
65.4397
65.4397
65.4397
65.4397
65.4397
65.4397
65.4397
65.4397
65.4397
65.4397
65.4397
65.4397
65.4397
65.4397
65.4397
65.4397
65.4397
65.4397
65.4397
65.4397
65.4397
65.4397
65.4397
65.4397
65.4397
65.4397
65.4397
65.4397
65.4397
65.4397
65.4397
65.4397
65.4397
65.4397
65.4397
65.4397
65.4397
65.4397
65.4397
65.4397
65.4397
65.4397
65.4397
65.4397
65.4397
65.4397
65.4397
65.4397
65.4397
65.4397
65.4397
65.4397
65.4397
65.4397
65.4397
65.4397
65.4397
65.4397
65.4397
65.4397
65.4397
65.4397
65.4397
65.4397
65.4397
65.4397
65.4397
65.4397
65.4397
65.4397
65.4397
65.3812
65.3812
65.3812
65.3812
65.3812
65.3812
65.3812
65.3812
65.3812
65.3812
65.3812
65.3812
65.3812
65.3812
65.3812
65.3812
65.3812
65.3812
65.3812
65.3812
65.3812
65.3812
65.3812
65.3812
65.3812
65.3812
65.3812
65.3812
65.3812
65.3812
65.3812
65.3812
65.3812
65.3812
65.3812
65.3812
65.3812
65.3812
65.3812
65.3812
65.3812
65.3812
65.3812
65.3812
65.3812
65.3812
65.3812
65.3812
65.3812
65.3812
65.3812
65.3812
65.3812
65.3812
65.3812
65.3812
65.3812
65.3812
65.3812
65.3812
65.3812
65.3812
65.3812
65.3812
65.3812
65.3812
65.3812
65.3812
65.3812
65.3812
65.3812
65.3812
65.3812
65.3812
65.3812
65.3812
65.3812
65.3812
65.3812
65.3812
65.3812
65.3812
65.3812
65.3812
65.3812
65.3812
65.3812
65.3812
65.3812
65.3812
65.3812
65.3812
65.3812
65.3812
65.3812
65.3812
65.3812
65.3812
65.3812
65.3812
65.3812
65.3812
65.3812
65.3812
65.3812
65.3812
65.3812
65.3812
65.3812
65.3812
65.3812
65.3812
65.3812
65.3812
65.3812
65.3812
65.3812
65.3812
65.3812
65.3812
65.3812
65.3812
65.3812
65.3812
65.3812
65.3812
65.3812
65.3812
65.3812
65.3812
65.3812
65.3812
65.3812
65.3812
65.3812
65.3812
65.3812
65.3812
65.3812
65.3812
65.3812
65.3812
65.3812
65.3812
65.3812
65.3812
65.3812
65.3812
65.3812
65.3812
65.3812
65.3812
65.3812
65.3812
65.3812
65.3812
65.3812
65.3812
65.3812
65.3812
65.3812
65.3812
65.3812
65.3812
65.3812
65.3812
65.3812
65.3812
65.3812
65.3812
65.3812
65.3812
65.3812
65.3812
65.3812
65.3812
65.3812
65.3812
65.3812
65.3812
65.3812
65.3812
65.3812
65.3812
65.3812
65.3812
65.3812
65.3812
65.3812
65.3812
65.3812
65.3812
65.3812
65.3812
65.3812
65.3812
65.3812
65.3812
65.3812
65.3812
65.3812
65.3812
65.3812
65.3812
65.3812
65.3812
65.3812
65.3812
65.3812
65.3812
65.3812
65.3812
65.3812
65.3812
65.3812
65.3812
65.3812
65.3812
65.3812
65.3812
65.3812
65.3812
65.3812
65.3812
65.3812
65.3812
65.3812
65.3812
65.3812
65.3812
65.3812
65.3812
65.3812
65.3812
65.3812
65.3812
65.3812
65.3812
65.3812
65.3812
65.3812
65.3812
65.3812
65.3812
65.3812
65.3812
65.3812
65.3812
65.3812
65.3812
65.3812
65.3812
65.3812
65.3812
65.3812
65.3812
65.3812
65.3812
65.3812
65.3812
65.3812
65.3812
65.3812
65.3812
65.3812
65.3812
65.3812
65.3812
65.3812
65.3812
65.3812
65.3812
65.3812
65.3812
65.3812
65.3812
65.3812
65.3812
65.3812
65.3812
65.3812
65.3812
65.3812
65.3812
65.3812
65.3812
65.3812
65.3812
65.3812
65.3812
65.3812
65.3812
65.3812
65.3812
65.3812
65.3812
65.3812
65.3812
65.3812
65.3812
65.3812
65.3812
65.3812
65.3812
65.3812
65.3812
65.3812
65.3812
65.3812
65.3812
65.3812
65.3812
65.3812
65.3812
65.3812
65.3812
65.3812
65.3812
65.3812
65.3812
65.3812
65.3812
65.3812
65.3812
65.3812
65.3812
65.3812
65.3812
65.3812
65.3812
65.3812
65.3812
65.3812
65.3812
65.3812
65.3812
65.3812
65.3812
65.3812
65.3812
65.3812
65.3812
65.3812
65.3812
65.3812
65.3812
65.3812
65.3812
65.3812
65.3812
65.3812
65.3812
65.3812
65.3812
65.3812
65.3812
65.3812
65.3812
65.3812
65.3812
65.3812
65.3812
65.3812
65.3812
65.3812
65.3812
65.3812
65.3812
65.3812
65.3812
65.3812
65.3812
65.3812
65.3812
65.3812
65.3812
65.3812
65.3812
65.3812
65.3812
65.3812
65.3812
65.3812
65.3812
65.3812
65.3812
65.3812
65.3812
65.3812
65.3812
65.3812
65.3812
65.3812
65.3812
65.3812
65.3812
65.3812
65.3812
65.3812
65.3812
65.3812
65.3812
65.3812
65.3812
65.3812
65.3812
65.3812
65.3812
65.3812
65.3812
65.3812
65.3812
65.3812
65.3812
65.3812
65.3812
65.3812
65.3812
65.3812
65.3812
65.3812
65.3812
65.3812
65.3812
65.3812
65.3812
65.3812
65.3812
65.3812
65.3812
65.3812
65.3812
65.3812
65.3812
65.3812
65.3812
65.3812
65.3812
65.3812
65.3812
65.3812
65.3812
65.3812
65.3812
65.3812
65.3812
65.3812
65.3812
65.3812
65.3812
65.3812
65.3812
65.3812
65.3812
65.3812
65.3812
65.3812
65.3812
65.3812
65.3812
65.3812
65.3812
65.3812
65.3812
65.3812
65.3812
65.3812
65.3812
65.3812
65.3812
65.3812
65.3812
65.3812
65.3812
65.3812
65.3812
65.3812
65.3812
65.3812
65.3812
65.3812
65.3812
65.3812
65.3812
65.3812
65.3812
65.3812
65.3812
65.3812
65.3812
65.3812
65.3812
65.3812
65.3812
65.3812
65.3812
65.3812
65.3812
65.3812
65.3812
65.1253
65.1253
65.1253
65.1253
65.1253
65.1253
65.1253
65.1253
65.1253
65.1253
65.1253
65.1253
65.1253
65.1253
65.1253
65.1253
65.1253
65.1253
65.1253
65.1253
65.1253
65.1253
65.1253
65.1253
65.1253
65.1253
65.1253
65.1253
65.1253
65.1253
65.1253
65.1253
65.1253
65.1253
65.1253
65.1253
65.1253
65.1253
65.1253
65.1253
65.1253
65.1253
65.1253
65.1253
65.1253
65.1253
65.1253
65.1253
65.1253
65.1253
65.1253
65.1253
65.1253
65.1253
65.1253
65.1253
65.1253
65.1253
65.1253
65.1253
65.1253
65.1253
65.1253
65.1253
65.1253
65.1253
65.1253
65.1253
65.1253
65.1253
65.1253
65.1253
65.1253
65.1253
65.1253
65.1253
65.1253
65.1253
65.1253
65.1253
65.1253
65.1253
65.1253
65.1253
65.1253
65.1253
65.1253
65.1253
65.1253
65.1253
65.1253
65.1253
65.1253
65.1253
65.1253
65.1253
65.1253
65.1253
65.1253
65.1253
65.1253
65.1253
65.1253
65.1253
65.1253
65.1253
65.1253
65.1253
65.1253
65.1253
65.1253
65.1253
65.1253
65.1253
65.1253
65.1253
65.1253
65.1253
65.1253
65.1253
65.1253
65.1253
65.1253
65.1253
65.1253
65.1253
65.1253
65.1253
65.1253
65.1253
65.1253
65.1253
65.1253
65.1253
65.1253
65.1253
65.1253
65.1253
65.1253
65.1253
65.1253
65.1253
65.1253
65.1253
65.1253
65.1253
65.1253
65.1253
65.1253
65.1253
65.1253
65.1253
65.1253
65.1253
65.1253
65.1253
65.1253
65.1253
65.1253
65.1253
65.1253
65.1253
65.1253
65.1253
65.1253
65.1253
65.1253
65.1253
65.1253
65.1253
65.1253
65.1253
65.1253
65.1253
65.1253
65.1253
65.1253
65.1253
65.1253
65.1253
65.1253
65.1253
65.1253
65.1253
65.1253
65.1253
65.1253
65.1253
65.1253
65.1253
65.1253
65.1253
65.1253
65.1253
65.1253
65.1253
65.1253
65.1253
65.1253
65.1253
65.1253
65.1253
65.1253
65.1253
65.1253
65.1253
65.1253
65.1253
65.1253
65.1253
65.1253
65.1253
65.1253
65.1253
65.1253
65.1253
65.1253
65.1253
65.1253
65.1253
65.1253
65.1253
65.1253
65.1253
65.1253
65.1253
65.1253
65.1253
65.1253
65.1253
65.1253
65.1253
65.1253
65.1253
65.1253
65.1253
65.1253
65.1253
65.1253
65.1253
65.1253
65.1253
65.1253
65.1253
65.1253
65.1253
65.1253
65.1253
65.1253
65.1253
65.1253
65.1253
65.1253
65.1253
65.1253
65.1253
65.1253
65.1253
65.1253
65.1253
65.1253
65.1253
65.1253
65.1253
65.1253
65.1253
65.1253
65.1253
65.1253
65.1253
65.1253
65.1253
65.1253
65.1253
65.1253
65.1253
65.1253
65.1253
65.1253
65.1253
65.1253
65.1253
65.1253
65.1253
65.1253
65.1253
65.1253
65.1253
65.1253
65.1253
65.1253
65.1253
65.1253
65.1253
65.1253
65.1253
65.1253
65.1253
65.1253
65.1253
65.1253
65.1253
65.1253
65.1253
65.1253
65.1253
65.1253
65.1253
65.1253
65.1253
65.1253
65.1253
65.1253
65.1253
65.1253
65.1253
65.1253
65.1253
65.1253
65.1253
65.1253
65.1253
65.1253
65.1253
65.1253
65.1253
65.1253
65.1253
65.1253
65.1253
65.1253
65.1253
65.1253
65.1253
65.1253
65.1253
65.1253
65.1253
65.1253
65.1253
65.1253
65.1253
65.1253
65.1253
65.1253
65.1253
65.1253
65.1253
65.1253
65.1253
65.1253
65.1253
65.1253
65.1253
65.1253
65.1253
65.1253
65.1253
65.1253
65.1253
65.1253
65.1253
65.1253
65.1253
65.1253
65.1253
65.1253
65.1253
65.1253
65.1253
65.1253
65.1253
65.1253
65.1253
65.1253
65.1253
65.1253
65.1253
65.1253
65.1253
65.1253
65.1253
65.1253
65.1253
65.1253
65.1253
65.1253
65.1253
65.1253
65.1253
65.1253
65.1253
65.1253
65.1253
65.1253
65.1253
65.1253
65.1253
65.1253
65.1253
65.1253
65.1253
65.1253
65.1253
65.1253
65.1253
65.1253
65.1253
65.1253
65.1253
65.1253
65.1253
65.1253
65.1253
65.1253
65.1253
65.1253
65.1253
65.1253
65.1253
65.1253
65.1253
65.1253
65.1253
65.1253
65.1253
65.1253
65.1253
65.1253
65.1253
65.1253
65.1253
65.1253
65.1253
65.1253
65.1253
65.1253
65.1253
65.1253
65.1253
65.1253
65.1253
65.1253
65.1253
65.1253
65.1253
65.1253
65.1253
65.1253
65.1253
65.1253
65.1253
65.1253
65.1253
65.1253
65.1253
65.1253
65.1253
65.1253
65.1253
65.1253
65.1253
65.1253
65.1253
65.1253
65.1253
65.1253
65.1253
65.1253
65.1253
65.1253
65.1253
65.1253
65.1253
65.1253
65.1253
65.1253
65.1253
65.1253
65.1253
65.1253
65.1253
65.1253
65.1253
65.1253
65.1253
65.1253
65.1253
65.1253
65.1253
65.1253
65.1253
65.1253
65.1253
65.1253
65.1253
65.1253
65.1253
65.1253
65.1253
65.1253
65.1253
65.1253
65.1253
65.1253
65.1253
65.1253
65.1253
65.1253
65.1253
65.1253
65.1253
65.1253
65.1253
65.1253
65.1253
65.1253
65.1253
65.1253
65.1253
65.1253
65.1253
65.1253
65.1253
65.1253
65.1253
65.1253
65.1253
65.1253
65.1253
65.1253
65.1253
65.1253
65.1253
65.1253
65.1253
65.1253
65.1253
65.1253
65.1253
65.1253
65.1253
65.1253
65.1253
65.1253
65.1253
65.1253
65.1253
65.1253
65.1253
65.1253
65.1253
65.1253
65.1253
65.1253
65.1253
65.1253
65.1253
65.1253
65.1253
65.1253
65.1253
65.1253
65.1253
65.1253
65.1253
65.1253
65.1253
65.1253
65.1253
65.1253
65.1253
65.1253
65.1253
65.1253
65.1253
65.1253
65.1253
65.1253
65.1253
65.1253
65.1253
65.1253
65.1253
65.1253
65.1253
65.1253
65.1253
65.1253
65.1253
65.1253
65.1253
65.1253
65.1253
65.1253
65.1253
65.1253
65.1253
65.1253
65.1253
65.1253
65.1253
65.1253
65.1253
65.1253
65.1253
65.1253
65.1253
65.1253
65.1253
65.1253
65.1253
65.1253
65.1253
65.1253
65.1253
65.1253
65.1253
65.1253
65.1253
65.1253
65.1253
65.1253
65.1253
65.1253
65.1253
65.1253
65.1253
65.1253
65.1253
65.1253
65.1253
65.1253
65.1253
65.1253
65.1253
65.1253
65.1253
65.1253
65.1253
65.1253
65.1253
65.1253
65.1253
65.1253
65.1253
65.1253
65.1253
65.1253
65.1253
65.1253
65.1253
65.1253
65.1253
65.1253
65.1253
65.1253
65.1253
65.1253
65.1253
65.1253
65.1253
65.1253
65.1253
65.1253
65.1253
65.1253
65.1253
65.1253
65.1253
65.1253
65.1253
65.1253
65.1253
65.1253
65.1253
65.1253
65.1253
65.1253
65.1253
65.1253
65.1253
65.1253
65.1253
65.1253
65.1253
65.1253
65.1253
65.1253
65.1253
65.1253
65.1253
65.1253
65.1253
65.1253
65.1253
65.1253
65.1253
65.1253
65.1253
65.1253
65.1253
65.1253
65.1253
65.1253
65.1253
65.1253
65.1253
65.1253
65.1253
65.1253
65.1253
65.1253
65.1253
65.1253
65.1253
65.1253
65.1253
65.1253
65.1253
65.1253
65.1253
65.1253
65.1253
65.1253
65.1253
65.1253
65.1253
65.1253
65.1253
65.1253
65.1253
65.1253
65.1253
65.1253
65.1253
65.1253
65.1253
65.1253
65.1253
65.1253
65.1253
65.1253
65.1253
65.1253
65.1253
65.1253
65.1253
65.1253
65.1253
65.1253
65.1253
65.1253
65.1253
65.1253
65.1253
65.1253
65.1253
65.1253
65.1253
65.1253
65.1253
65.1253
65.1253
65.1253
65.1253
65.1253
65.1253
65.1253
65.1253
65.1253
65.1253
65.1253
65.1253
65.1253
65.1253
65.1253
65.1253
65.1253
65.1253
65.1253
65.1253
65.1253
65.1253
65.1253
65.1253
65.1253
65.1253
65.1253
65.1253
65.1253
65.1253
65.1253
65.1253
65.1253
65.1253
65.1253
65.1253
65.1253
65.1253
65.1253
65.1253
65.1253
65.1253
65.1253
65.1253
65.1253
65.1253
65.1253
65.1253
65.1253
65.1253
65.1253
65.1253
65.1253
65.1253
65.1253
65.1253
65.1253
65.1253
65.1253
65.1253
65.1253
65.1253
65.1253
65.1253
65.1253
65.1253
65.1253
65.1253
65.1253
65.1253
65.1253
65.1253
65.1253
65.1253
65.1253
65.1253
65.1253
65.1253
65.1253
65.1253
65.1253
65.1253
65.1253
65.1253
65.1253
65.1253
65.1253
65.1253
65.1253
65.1253
65.1253
65.1253
65.1253
65.1253
65.1253
65.1253
65.1253
65.1253
65.1253
65.1253
65.1253
65.1253
65.1253
65.1253
65.1253
65.1253
65.1253
65.1253
65.1253
65.1253
65.1253
65.1253
65.1253
65.1253
65.1253
65.1253
65.1253
65.1253
65.1253
65.1253
65.1253
65.1253
65.1253
65.1253
65.1253
65.1253
65.1253
65.1253
65.1253
65.1253
65.1253
65.1253
65.1253
65.1253
65.1253
65.1253
65.1253
65.1253
65.1253
65.1253
65.1253
65.1253
65.1253
65.1253
65.1253
65.1253
65.1253
65.1253
65.1253
65.1253
65.1253
65.1253
65.1253
65.1253
65.1253
65.1253
65.1253
65.1253
65.1253
65.1253
65.1253
65.1253
65.1253
65.1253
65.1253
65.1253
65.1253
65.1253
65.1253
65.1253
65.1253
65.1253
65.1253
65.1253
65.1253
65.1253
65.1253
65.1253
65.1253
65.1253
65.1253
65.1253
65.1253
65.1253
65.1253
65.1253
65.1253
65.1253
65.1253
65.1253
65.1253
65.1253
65.1253
65.1253
65.1253
65.1253
65.1253
65.1253
65.1253
65.1253
65.1253
65.1253
65.1253
65.1253
65.1253
65.1253
65.1253
65.1253
65.1253
65.1253
65.1253
65.1253
65.1253
65.1253
65.1253
65.1253
65.1253
65.1253
65.1253
65.1253
65.1253
65.1253
65.1253
65.1253
65.1253
65.1253
65.1253
65.1253
65.1253
65.1253
65.1253
65.1253
65.1253
65.1253
65.1253
65.1253
65.1253
65.1253
65.1253
65.1253
65.1253
65.1253
65.1253
65.1253
65.1253
65.1253
65.1253
65.1253
65.1253
65.1253
65.1253
65.1253
65.1253
65.1253
65.1253
65.1253
65.1253
65.1253
65.1253
65.1253
65.1253
65.1253
65.1253
65.1253
65.1253
65.1253
65.1253
65.1253
65.1253
65.1253
65.1253
65.1253
65.1253
65.1253
65.1253
65.1253
65.1253
65.1253
65.1253
65.1253
65.1253
65.1253
65.1253
65.1253
65.1253
65.1253
65.1253
65.1253
65.1253
65.1253
65.1253
65.1253
65.1253
65.1253
65.1253
65.1253
65.1253
65.1253
65.1253
65.1253
65.1253
65.1253
65.1253
65.1253
65.1253
65.1253
65.1253
65.1253
65.1253
65.1253
65.1253
65.1253
65.1253
65.1253
65.1253
65.1253
65.1253
65.1253
65.1253
65.1253
65.1253
65.1253
65.1253
65.1253
65.1253
65.1253
65.1253
65.1253
65.1253
65.1253
65.1253
65.1253
65.1253
65.1253
65.1253
65.1253
65.1253
65.1253
65.1253
65.1253
65.1253
65.1253
65.1253
65.1253
65.1253
65.1253
65.1253
65.1253
65.1253
65.1253
65.1253
65.1253
65.1253
65.1253
65.1253
65.1253
65.1253
65.1253
65.1253
65.1253
65.1253
65.1253
65.1253
65.1253
65.1253
65.1253
65.1253
65.1253
65.1253
65.1253
65.1253
65.1253
65.1253
65.1253
65.1253
65.1253
65.1253
65.1253
65.1253
65.1253
65.1253
65.1253
65.1253
65.1253
65.1253
65.1253
65.1253
65.1253
65.1253
65.1253
65.1253
65.1253
65.1253
65.1253
65.1253
65.1253
65.1253
65.1253
65.1253
65.1253
65.1253
65.1253
65.1253
65.1253
65.1253
65.1253
65.1253
65.1253
65.1253
65.1253
65.1253
65.1253
65.1253
65.1253
65.1253
65.1253
65.1253
65.1253
65.1253
65.1253
65.1253
65.1253
65.1253
65.1253
65.1253
65.1253
65.1253
65.1253
65.1253
65.1253
65.1253
65.1253
65.1253
65.1253
65.1253
65.1253
65.1253
65.1253
65.1253
65.1253
65.1253
65.1253
65.1253
65.1253
65.1253
65.1253
65.1253
65.1253
65.1253
65.1253
65.1253
65.1253
65.1253
65.1253
65.1253
65.1253
65.1253
65.1253
65.1253
65.1253
65.1253
65.1253
65.1253
65.1253
65.1253
65.1253
65.1253
65.1253
65.1253
65.1253
65.1253
65.1253
65.1253
65.1253
65.1253
65.1253
65.1253
65.1253
65.1253
65.1253
65.1253
65.1253
65.1253
65.1253
65.1253
65.1253
65.1253
65.1253
65.1253
65.1253
65.1253
65.1253
65.1253
65.1253
65.1253
65.1253
65.1253
65.1253
65.1253
65.1253
65.1253
65.1253
65.1253
65.1253
65.1253
65.1253
65.1253
65.1253
65.1253
65.1253
65.1253
65.1253
65.1253
65.1253
65.1253
65.1253
65.1253
65.1253
65.1253
65.1253
65.1253
65.1253
65.1253
65.1253
65.1253
65.1253
65.1253
65.1253
65.1253
65.1253
65.1253
65.1253
65.1253
65.1253
65.1253
65.1253
65.1253
65.1253
65.1253
65.1253
65.1253
65.1253
65.1253
65.1253
65.1253
65.1253
65.1253
65.1253
65.1253
65.1253
65.1253
65.1253
65.1253
65.1253
65.1253
65.1253
65.1253
65.1253
65.1253
65.1253
65.1253
65.1253
65.1253
65.1253
65.1253
65.1253
65.1253
65.1253
65.1253
65.1253
65.1253
65.1253
65.1253
65.1253
65.1253
65.1253
65.1253
65.1253
65.1253
65.1253
65.1253
65.1253
65.1253
65.1253
65.1253
65.1253
65.1253
65.1253
65.1253
65.1253
65.1253
65.1253
65.1253
65.1253
65.1253
65.1253
65.1253
65.1253
65.1253
65.1253
65.1253
65.1253
65.1253
65.1253
65.1253
65.1253
65.1253
65.1253
65.1253
65.1253
65.1253
65.1253
65.1253
65.1253
65.1253
65.1253
65.1253
65.1253
65.1253
65.1253
65.1253
65.1253
65.1253
65.1253
65.1253
65.1253
65.1253
65.1253
65.1253
65.1253
65.1253
65.1253
65.1253
65.1253
65.1253
65.1253
65.1253
65.1253
65.1253
65.1253
65.1253
65.1253
65.1253
65.1253
65.1253
65.1253
65.1253
65.1253
65.1253
65.1253
65.1253
65.1253
65.1253
65.1253
65.1253
65.1253
65.1253
65.1253
65.1253
65.1253
65.1253
65.1253
65.1253
65.1253
65.1253
65.1253
65.1253
65.1253
65.1253
65.1253
65.1253
65.1253
65.1253
65.1253
65.1253
65.1253
65.1253
65.1253
65.1253
65.1253
65.1253
65.1253
65.1253
65.1253
65.1253
65.1253
65.1253
65.1253
65.1253
65.1253
65.1253
65.1253
65.1253
65.1253
65.1253
65.1253
65.1253
65.1253
65.1253
65.1253
65.1253
65.1253
65.1253
65.1253
65.1253
65.1253
65.1253
65.1253
65.1253
65.1253
65.1253
65.1253
65.1253
65.1253
65.1253
65.1253
65.1253
65.1253
65.1253
65.1253
65.1253
65.1253
65.1253
65.1253
65.1253
65.1253
65.1253
65.1253
65.1253
65.1253
65.1253
65.1253
65.1253
65.1253
65.1253
65.1253
65.1253
65.1253
65.1253
65.1253
65.1253
65.1253
65.1253
65.1253
65.1253
65.1253
65.1253
65.1253
65.1253
65.1253
65.1253
65.1253
65.1253
65.1253
65.1253
65.1253
65.1253
65.1253
65.1253
65.1253
65.1253
65.1253
65.1253
65.1253
65.1253
65.1253
65.1253
65.1253
65.1253
65.1253
65.1253
65.1253
65.1253
65.1253
65.1253
65.1253
65.1253
65.1253
65.1253
65.1253
65.1253
65.1253
65.1253
65.1253
65.1253
65.1253
65.1253
65.1253
65.1253
65.1253
65.1253
65.1253
65.1253
65.1253
65.1253
65.1253
65.1253
65.1253
65.1253
65.1253
65.1253
65.1253
65.1253
65.1253
65.1253
65.1253
65.1253
65.1253
65.1253
65.1253
65.1253
65.1253
65.1253
65.1253
65.1253
65.1253
65.1253
65.1253
65.1253
65.1253
65.1253
65.1253
65.1253
65.1253
65.1253
65.1253
65.1253
65.1253
65.1253
65.1253
65.1253
65.1253
65.1253
65.1253
65.1253
65.1253
65.1253
65.1253
65.1253
65.1253
65.1253
65.1253
65.1253
65.1253
65.1253
65.1253
65.1253
65.1253
65.1253
65.1253
65.1253
65.1253
65.1253
65.1253
65.1253
65.1253
65.1253
65.1253
65.1253
65.1253
65.1253
65.1253
65.1253
65.1253
65.1253
65.1253
65.1253
65.1253
65.1253
65.1253
65.1253
65.1253
65.1253
65.1253
65.1253
65.1253
65.1253
65.1253
65.1253
65.1253
65.1253
65.1253
65.1253
65.1253
65.1253
65.1253
65.1253
65.1253
65.1253
65.1253
65.1253
65.1253
65.1253
65.1253
65.1253
65.1253
65.1253
65.1253
65.1253
65.1253
65.1253
65.1253
65.1253
65.1253
65.1253
65.1253
65.1253
65.1253
65.1253
65.1253
65.1253
65.1253
65.1253
65.1253
65.1253
65.1253
65.1253
65.1253
65.1253
65.1253
65.1253
65.1253
65.1253
65.1253
65.1253
65.1253
65.1253
65.1253
65.1253
65.1253
65.1253
65.1253
65.1253
65.1253
65.1253
65.1253
65.1253
65.1253
65.1253
65.1253
65.1253
65.1253
65.1253
65.1253
65.1253
65.1253
65.1253
65.1253
65.1253
65.1253
65.1253
65.1253
65.1253
65.1253
65.1253
65.1253
65.1253
65.1253
65.1253
65.1253
65.1253
65.1253
65.1253
65.1253
65.1253
65.1253
65.1253
65.1253
65.1253
65.1253
65.1253
65.1253
65.1253
65.1253
65.1253
65.1253
65.1253
65.1253
65.1253
65.1253
65.1253
65.1253
65.1253
65.1253
65.1253
65.1253
65.1253
65.1253
65.1253
65.1253
65.1253
65.1253
65.1253
65.1253
65.1253
65.1253
65.1253
65.1253
65.1253
65.1253
65.1253
65.1253
65.1253
65.1253
65.1253
65.1253
65.1253
65.1253
65.1253
65.1253
65.1253
65.1253
65.1253
65.1253
65.1253
65.1253
65.1253
65.1253
65.1253
65.1253
65.1253
65.1253
65.1253
65.1253
65.1253
65.1253
65.1253
65.1253
65.1253
65.1253
65.1253
65.1253
65.1253
65.1253
65.1253
65.1253
65.1253
65.1253
65.1253
65.1253
65.1253
65.1253
65.1253
65.1253
65.1253
65.1253
65.1253
65.1253
65.1253
65.1253
65.1253
65.1253
65.1253
65.1253
65.1253
65.1253
65.1253
65.1253
65.1253
65.1253
65.1253
65.1253
65.1253
65.1253
65.1253
65.1253
65.1253
65.1253
65.1253
65.1253
65.1253
65.1253
65.1253
65.1253
65.1253
65.1253
65.1253
65.1253
65.1253
65.1253
65.1253
65.1253
65.1253
65.1253
65.1253
65.1253
65.1253
65.1253
65.1253
65.1253
65.1253
65.1253
65.1253
65.1253
65.1253
65.1253
65.1253
65.1253
65.1253
65.1253
65.1253
65.1253
65.1253
65.1253
65.1253
65.1253
65.1253
65.1253
65.1253
65.1253
65.1253
65.1253
65.1253
65.1253
65.1253
65.1253
65.1253
65.1253
65.1253
65.1253
65.1253
65.1253
65.1253
65.1253
65.1253
65.1253
65.1253
65.1253
65.1253
65.1253
65.1253
65.1253
65.1253
65.1253
65.1253
65.1253
65.1253
65.1253
65.1253
65.1253
65.1253
65.1253
65.1253
65.1253
65.1253
65.1253
65.1253
65.1253
65.1253
65.1253
65.1253
65.1253
65.1253
65.1253
65.1253
65.1253
65.1253
65.1253
65.1253
65.1253
65.1253
65.1253
65.1253
65.1253
65.1253
65.1253
65.1253
65.1253
65.1253
65.1253
65.1253
65.1253
65.1253
65.1253
65.1253
65.1253
65.1253
65.1253
65.1253
65.1253
65.1253
65.1253
65.1253
65.1253
65.1253
65.1253
65.1253
65.1253
65.1253
65.1253
65.1253
65.1253
65.1253
65.1253
65.1253
65.1253
65.1253
65.1253
65.1253
65.1253
65.1253
65.1253
65.1253
65.1253
65.1253
65.1253
65.1253
65.1253
65.1253
65.1253
65.1253
65.1253
65.1253
65.1253
65.1253
65.1253
65.1253
65.1253
65.1253
65.1253
65.1253
65.1253
65.1253
65.1253
65.1253
65.1253
65.1253
65.1253
65.1253
65.1253
65.1253
65.1253
65.1253
65.1253
65.1253
65.1253
65.1253
65.1253
65.1253
65.1253
65.1253
65.1253
65.1253
65.1253
65.1253
65.1253
65.1253
65.1253
65.1253
65.1253
65.1253
65.1253
65.1253
65.1253
65.1253
65.1253
65.1253
65.1253
65.1253
65.1253
65.1253
65.1253
65.1253
65.1253
65.1253
65.1253
65.1253
65.1253
65.1253
65.1253
65.1253
65.1253
65.1253
65.1253
65.1253
65.1253
65.1253
65.1253
65.1253
65.1253
65.1253
65.1253
65.1253
65.1253
65.1253
65.1253
65.1253
65.1253
65.1253
65.1253
65.1253
65.1253
65.1253
65.1253
65.1253
65.1253
65.1253
65.1253
65.1253
65.1253
65.1253
65.1253
65.1253
65.1253
65.1253
65.1253
65.1253
65.1253
65.1253
65.1253
65.1253
65.1253
65.1253
65.1253
65.1253
65.1253
65.1253
65.1253
65.1253
65.1253
65.1253
65.1253
65.1253
65.1253
65.1253
65.1253
65.1253
65.1253
65.1253
65.1253
65.1253
65.1253
65.1253
65.1253
65.1253
65.1253
65.1253
65.1253
65.1253
65.1253
65.1253
65.1253
65.1253
65.1253
65.1253
65.1253
65.1253
65.1253
65.1253
65.1253
65.1253
65.1253
65.1253
65.1253
65.1253
65.1253
65.1253
65.1253
65.1253
65.1253
65.1253
65.1253
65.1253
65.1253
65.1253
65.1253
65.1253
65.1253
65.1253
65.1253
65.1253
65.1253
65.1253
65.1253
65.1253
65.1253
65.1253
65.1253
65.1253
65.1253
65.1253
65.1253
65.1253
65.1253
65.1253
65.1253
65.1253
65.1253
65.1253
65.1253
65.1253
65.1253
65.1253
65.1253
65.1253
65.1253
65.1253
65.1253
65.1253
65.1253
65.1253
65.1253
65.1253
65.1253
65.1253
65.1253
65.1253
65.1253
65.1253
65.1253
65.1253
65.1253
65.1253
65.1253
65.1253
65.1253
65.1253
65.1253
65.1253
65.1253
65.1253
65.1253
65.1253
65.1253
65.1253
65.1253
65.1253
65.1253
65.1253
65.1253
65.1253
65.1253
65.1253
65.1253
65.1253
65.1253
65.1253
65.1253
65.1253
65.1253
65.1253
65.1253
65.1253
65.1253
65.1253
65.1253
65.1253
65.1253
65.1253
65.1253
65.1253
65.1253
65.1253
65.1253
65.1253
65.1253
65.1253
65.1253
65.1253
65.1253
65.1253
65.1253
65.1253
65.1253
65.1253
65.1253
65.1253
65.1253
65.1253
65.1253
65.1253
65.1253
65.1253
65.1253
65.1253
65.1253
65.1253
65.1253
65.1253
65.1253
65.1253
65.1253
65.1253
65.1253
65.1253
65.1253
65.1253
65.1253
65.1253
65.1253
65.1253
65.1253
65.1253
65.1253
65.1253
65.1253
65.1253
65.1253
65.1253
65.1253
65.1253
65.1253
65.1253
65.1253
65.1253
65.1253
65.1253
65.1253
65.1253
65.1253
65.1253
65.1253
65.1253
65.1253
65.1253
65.1253
65.1253
65.1253
65.1253
65.1253
65.1253
65.1253
65.1253
65.1253
65.1253
65.1253
65.1253
65.1253
65.1253
65.1253
65.1253
65.1253
65.1253
65.1253
65.1253
65.1253
65.1253
65.1253
65.1253
65.1253
65.1253
65.1253
65.1253
65.1253
65.1253
65.1253
65.1253
65.1253
65.1253
65.1253
65.1253
65.1253
65.1253
65.1253
65.1253
65.1253
65.1253
65.1253
65.1253
65.1253
65.1253
65.1253
65.1253
65.1253
65.1253
65.1253
65.1253
65.1253
65.1253
65.1253
65.1253
65.1253
65.1253
65.1253
65.1253
65.1253
65.1253
65.1253
65.1253
65.1253
65.1253
65.1253
65.1253
65.1253
65.1253
65.1253
65.1253
65.1253
65.1253
65.1253
65.1253
65.1253
65.1253
65.1253
65.1253
65.1253
65.1253
65.1253
65.1253
65.1253
65.1253
65.1253
65.1253
65.1253
65.1253
65.1253
65.1253
65.1253
65.1253
65.1253
65.1253
65.1253
65.1253
65.1253
65.1253
65.1253
65.1253
65.1253
65.1253
65.1253
65.1253
65.1253
65.1253
65.1253
65.1253
65.1253
65.1253
65.1253
65.1253
65.1253
65.1253
65.1253
65.1253
65.1253
65.1253
65.1253
65.1253
65.1253
65.1253
65.1253
65.1253
65.1253
65.1253
65.1253
65.1253
65.1253
65.1253
65.1253
65.1253
65.1253
65.1253
65.1253
65.1253
65.1253
65.1253
65.1253
65.1253
65.1253
65.1253
65.1253
65.1253
65.1253
65.1253
65.1253
65.1253
65.1253
65.1253
65.1253
65.1253
65.1253
65.1253
65.1253
65.1253
65.1253
65.1253
65.1253
65.1253
65.1253
65.1253
65.1253
65.1253
65.1253
65.1253
65.1253
65.1253
65.1253
65.1253
65.1253
65.1253
65.1253
65.1253
65.1253
65.1253
65.1253
65.1253
65.1253
65.1253
65.1253
65.1253
65.1253
65.1253
65.1253
65.1253
65.1253
65.1253
65.1253
65.1253
65.1253
65.1253
65.1253
65.1253
65.1253
65.1253
65.1253
65.1253
65.1253
65.1253
65.1253
65.1253
65.1253
65.1253
65.1253
65.1253
65.1253
65.1253
65.1253
65.1253
65.1253
65.1253
65.1253
65.1253
65.1253
65.1253
65.1253
65.1253
65.1253
65.1253
65.1253
