448.988
448.988
429.605
415.367
409.773
400.359
393.009
393.009
389.613
388.253
388.253
385.545
373.714
373.714
367.886
367.784
350.554
346.915
346.915
344.117
344.107
343.713
341.58
337.528
337.528
333.297
332.916
322.722
322.446
321.329
318.912
304.425
304.425
304.425
298.304
297.965
297.965
296.332
291.879
291.879
291.879
288.105
288.105
286.471
286.471
286.086
285.946
283.583
283.44
276.335
273.529
270.35
270.35
266.293
266.293
258.523
258.523
258.523
258.456
251.424
251.424
251.182
248.05
243.979
243.979
243.552
242.38
240.605
240.605
240.065
235.876
235.876
235.876
235.654
234.925
230.303
230.303
228.445
228.266
225.508
225.508
225.508
225.508
224.096
223.455
222.394
222.199
216.166
216.166
216.166
215.573
215.492
213.402
213.402
211.933
211.856
211.856
210.705
208.732
208.732
208.732
208.732
208.732
208.732
205.657
205.051
204.428
200.842
200.842
200.842
200.786
200.585
200.585
199.436
199.436
199.436
196.447
196.447
196.447
195.759
194.984
194.984
194.853
194.853
194.853
193.017
193.017
192.886
189.213
189.213
189.213
189.213
188.475
188.143
188.143
187.737
180.671
180.671
180.671
180.671
180.671
179.681
179.681
179.681
179.681
178.734
178.734
178.734
177.831
176.894
176.894
176.894
176.894
176.894
174.136
174.136
174.136
173.685
173.685
173.685
173.675
173.423
173.423
172.552
172.552
172.551
169.564
169.564
169.564
169.564
169.14
168.485
167.981
167.981
167.981
167.975
167.339
167.339
166.686
166.686
165.907
165.893
165.803
165.803
165.366
164.931
164.931
164.702
164.239
164.239
164.239
164.239
164.239
163.921
163.921
162.625
161.194
161.194
161.178
160.552
160.552
159.342
159.342
159.342
159.342
158.585
158.585
157.095
157.095
157.095
156.402
156.402
156.094
153.433
153.433
153.433
153.433
153.433
153.333
153.333
153.269
153.269
152.302
152.302
152.302
151.812
151.812
151.812
151.66
151.417
151.417
150.312
150.312
150.312
145.904
145.904
145.904
145.811
145.811
145.811
145.811
144.354
144.354
144.354
144.354
144.344
143.414
142.548
142.548
142.548
142.548
142.548
142.386
142.339
140.087
140.087
139.878
139.878
138.394
138.394
138.299
138.299
138.299
138.299
138.263
138.263
137.262
137.159
137.159
137.159
137.053
137.053
136.568
134.137
134.137
134.137
134.137
134.137
133.674
133.674
132.74
132.74
132.74
132.74
131.949
131.949
131.589
131.589
131.398
131.398
131.398
131.398
131.381
131.381
131.381
131.381
131.381
131.038
131.038
131.038
130.391
130.374
130.374
130.004
129.783
129.783
129.783
129.783
129.783
129.783
128.926
128.926
128.926
128.803
128.803
128.803
128.803
128.372
128.372
128.372
128.367
124.045
124.045
124.045
124.045
124.045
124.045
124.045
124.045
124.045
124.045
124.045
124.045
124.026
123.873
123.609
122.517
122.517
122.517
122.517
122.517
122.517
122.517
122.073
121.453
121.453
119.738
119.738
119.738
119.738
119.047
119.047
119.047
119.047
119.047
119.047
119.029
119.029
118.707
118.639
118.639
117.878
117.878
117.878
117.878
117.878
117.878
117.878
117.859
117.273
117.273
116.792
116.792
116.792
116.792
116.792
116.792
116.792
116.792
116.792
116.792
115.901
115.901
115.901
115.901
115.782
115.782
115.782
114.59
114.59
114.282
114.282
114.282
114.282
114.282
114.282
114.282
114.282
114.169
114.169
112.47
112.47
112.47
112.434
111.123
111.123
111.123
111.123
111.01
111.01
110.625
110.625
110.467
110.467
110.467
109.93
109.93
109.93
109.93
109.93
109.924
109.066
109.066
109.066
109.066
109.055
108.227
107.15
107.15
107.15
107.15
107.15
106.311
106.311
106.311
106.311
106.311
106.311
106.311
105.696
105.696
105.696
105.696
105.189
105.189
105.189
105.189
105.189
105.189
105.091
103.653
103.653
103.653
103.653
103.563
103.563
103.563
103.224
103.035
103.035
102.481
102.481
102.481
102.481
102.481
102.481
102.481
102.481
102.481
101.414
101.143
101.143
101.143
101.143
101.143
101.143
100.714
100.714
100.714
100.714
100.714
100.714
99.1887
99.1887
99.1887
99.1887
99.0765
99.0765
98.6753
98.6753
98.6753
98.6753
98.6753
98.0964
98.0964
98.0964
98.0964
97.4912
97.4912
97.4912
97.4912
97.4912
97.4912
97.4912
97.4912
97.1046
97.1046
97.1046
96.8952
96.8952
96.8952
96.8952
96.8952
96.8952
96.8952
96.8952
96.8952
96.8952
96.8952
96.8952
96.8952
96.8952
96.8952
96.7831
96.7831
96.7776
96.7776
96.7776
96.7776
96.7776
96.7776
96.7776
96.7776
96.7776
96.7776
96.7776
96.7776
96.7776
96.7776
96.7776
96.7776
96.7776
96.7776
96.7776
96.7776
96.7776
96.7776
96.7776
96.7776
96.7776
96.7776
96.7776
96.6055
96.6055
96.6055
96.6055
96.6055
96.6055
96.6055
96.6055
96.6055
96.6055
96.5156
96.5156
96.3416
96.3416
96.1674
96.1674
96.1674
96.0774
96.0774
96.0774
96.0774
96.0774
96.0774
95.9539
95.9539
95.192
95.192
95.192
95.19
94.4736
94.4736
94.4736
94.4736
94.4736
94.4736
94.4736
94.4736
94.4736
94.2413
94.2413
94.2413
94.2413
94.2413
94.2413
94.1089
94.1089
94.1089
94.1089
94.1089
94.1089
94.1089
94.1089
94.1089
93.8766
93.8766
93.8766
93.8766
93.8407
93.8407
93.8407
93.8407
93.8407
93.8407
93.8407
93.8407
93.8407
93.8407
93.8407
93.8407
93.8407
93.8407
93.8407
93.8407
93.8407
93.8407
93.8407
93.6678
93.6678
92.6903
92.6903
92.6903
92.6903
92.6903
92.6903
92.6903
92.6903
92.6903
92.6903
92.6903
92.6903
92.6903
92.1406
92.1406
92.1406
92.1406
92.1406
92.1406
92.1406
92.1406
92.1386
92.1386
92.1386
92.1386
92.1386
92.1386
91.6661
91.6661
91.6661
91.6661
91.6661
90.9738
90.6809
90.6809
90.6809
89.9798
89.9798
89.9798
89.9798
89.9798
89.9798
89.5402
89.5402
89.5238
89.3107
89.3107
89.3107
89.3107
89.0935
89.0935
89.0935
89.0935
89.0935
89.0935
89.0052
88.6378
87.8022
87.8022
87.8022
87.8022
87.8022
87.8022
87.8022
87.7858
87.3458
87.3458
87.3458
87.3458
87.3458
87.1063
87.1063
87.1063
87.1063
87.1063
87.1063
87.1063
87.1063
87.1063
87.1063
87.0882
87.0882
86.9408
86.9408
86.9408
86.9408
86.9408
86.9389
86.9389
86.9389
86.9389
86.9389
86.9389
86.9389
86.9389
86.9389
86.9389
86.9389
86.9389
86.1375
86.1375
86.1375
86.1375
86.1375
86.1375
86.1375
85.0103
85.0103
85.0103
85.0103
85.0103
85.0103
84.5988
84.5988
84.5988
84.5988
84.5988
84.5988
84.5988
84.5988
84.5988
84.5988
84.5988
84.3879
84.3879
84.3879
84.3879
84.3879
84.3879
84.3879
84.3879
84.3879
84.1665
84.1665
84.1665
84.1665
84.1665
84.1665
84.1665
84.1665
84.1665
84.1665
84.1665
84.1665
84.161
84.161
84.161
84.161
84.161
84.161
84.161
84.161
84.161
84.161
84.161
84.161
84.161
84.161
84.161
84.161
84.161
84.161
84.161
84.161
84.161
84.161
84.161
84.161
84.161
84.161
84.1429
84.1429
84.1429
84.1429
84.1429
84.1429
84.1429
84.1429
84.1429
84.1429
84.1429
84.1429
84.1429
84.1429
84.1429
84.1429
84.1429
84.1429
84.1429
84.1429
84.1429
84.1046
84.1046
84.1046
84.1046
84.1046
84.1046
84.1046
84.1046
84.1046
83.6314
83.6314
83.6314
83.6314
83.6314
83.6314
83.6314
83.6314
83.5865
83.5865
83.5865
83.5865
83.5865
83.5865
83.5865
83.5865
83.5865
83.5865
83.5865
83.5865
83.5865
83.5865
83.5865
83.5865
83.5865
83.5865
83.5865
83.5865
83.5865
83.5865
83.0204
83.0204
83.0204
83.0204
83.0204
83.0204
83.0204
83.0204
83.0204
83.0204
83.0204
83.0204
82.2982
82.2982
82.2982
82.2982
82.2982
82.2982
82.2982
82.2982
82.2982
82.2982
82.2982
82.2982
82.2982
82.2982
82.2982
82.2982
82.2982
82.2982
82.2982
82.2982
82.2982
82.2982
82.2982
82.2982
82.2982
81.9709
81.9709
81.9709
81.0186
81.0186
81.0186
81.0186
81.0186
81.0186
80.5799
80.1382
80.1382
80.1382
80.1382
80.1382
80.1382
80.1382
80.1382
80.1382
80.1382
79.9286
79.9286
79.9286
79.9286
79.536
79.536
79.536
79.536
79.536
79.536
79.536
79.536
79.536
78.7281
78.7281
78.7281
78.7281
78.7281
78.7281
78.7281
78.7281
78.7281
78.7281
78.7281
78.7281
78.5565
78.5565
78.5565
78.5565
78.2417
78.2417
78.0915
78.0915
78.0915
78.0915
78.0915
78.0915
78.0915
78.0915
78.0915
78.0915
78.0915
78.0915
78.0915
78.0915
78.0915
78.0915
78.0915
78.0915
78.0915
78.0915
78.0915
78.0915
78.0915
78.0915
78.0915
78.0915
78.0915
78.0915
78.0915
78.0915
78.0915
77.9505
77.9505
77.9505
77.9505
77.9505
77.9505
77.9505
77.9505
77.9505
77.9505
77.9505
77.9505
77.9053
77.9053
77.9053
77.9053
77.9053
77.9053
77.9053
77.9053
77.9053
77.6652
75.8392
75.8392
75.6997
75.6997
75.6997
75.6997
75.6997
75.6997
75.6997
75.6997
75.6997
75.6997
75.6997
75.3768
75.3768
75.3768
75.3768
75.3768
75.3768
75.3768
75.3768
75.3768
75.3768
75.3768
75.3768
75.3469
75.3469
75.3469
75.3469
75.3469
75.3469
75.3469
75.3374
75.3374
75.3374
75.3374
75.3374
75.3374
75.3374
75.3374
75.3374
75.3374
75.3374
75.3374
75.3374
75.3374
75.3374
75.3374
75.3374
75.3374
75.3374
75.3374
75.3374
75.3374
75.3374
75.3374
75.3374
75.3374
75.3374
75.3374
75.3374
75.3374
75.3374
75.3374
75.3374
75.3374
75.3374
75.3374
75.3374
75.3374
75.3374
75.0994
75.0994
75.0994
75.0994
75.0994
75.0994
75.0994
75.0994
75.0994
75.0994
75.0994
75.0994
75.0994
75.0994
75.0994
75.0994
75.0994
75.0994
75.0994
75.0994
75.0994
75.0994
75.0994
75.0994
75.0994
75.0994
75.0994
75.0994
75.0994
75.0994
75.0994
75.0994
75.0994
75.0994
75.0994
75.0994
75.0994
75.0994
75.0994
75.0994
75.0994
75.0994
75.0994
75.0994
75.0994
75.0994
75.0994
75.0994
75.0994
75.0994
75.0994
75.0994
75.0994
75.0994
75.0994
75.0994
75.0994
75.0994
75.0994
75.0994
75.0994
75.0994
75.0994
75.0994
75.0994
75.0994
75.0994
75.0994
75.0994
75.0994
75.0994
75.0994
75.0994
75.0994
75.0994
75.0994
75.0994
75.0994
75.0994
75.0994
75.0994
75.0994
75.0994
75.0994
75.0994
75.0994
75.0994
75.0994
75.0994
75.0994
75.0994
75.0994
75.0994
75.0994
75.0994
75.0994
75.0994
75.0994
75.0994
75.0994
75.0994
75.0994
75.0994
75.0994
75.0994
75.0994
75.0994
75.0994
75.0994
75.0994
75.0994
75.0994
75.0994
75.0994
75.0994
75.0994
75.0994
75.0994
75.0994
75.0994
75.0994
75.0994
75.0994
75.0994
75.0994
75.0994
75.0994
75.0994
75.0994
75.0994
75.0994
75.0994
75.0994
75.0994
75.0994
75.0994
75.0994
75.0994
75.0994
75.0994
75.0994
75.0994
74.9507
74.9507
74.9507
74.9507
74.9507
74.9507
74.9507
74.9507
74.9119
74.9119
74.9119
74.9119
74.9119
74.9119
74.9119
74.9119
74.9119
74.9119
74.9119
74.9119
74.9119
74.9119
74.9119
74.9119
74.9119
74.9119
74.9119
74.9119
74.9119
74.9119
74.9119
74.9119
74.9119
74.9119
74.9119
74.9119
74.9119
74.9119
74.9119
74.9119
74.9119
74.9119
74.9119
74.9119
74.9119
74.9119
74.9119
74.9119
74.9119
74.9119
74.9119
74.9119
74.9119
74.9119
74.9119
74.9119
74.9119
74.9119
74.9119
74.9119
74.9119
74.9119
74.9119
74.9119
74.9119
74.9119
74.9119
74.9119
74.9119
74.9119
74.9119
74.9119
74.9119
74.9119
74.9119
74.9119
74.9119
74.9119
74.9119
74.9119
74.9119
74.9119
74.9119
74.9119
74.9119
74.9119
74.9119
74.9119
74.9119
74.9119
74.9119
74.9119
74.9119
74.9119
74.9119
74.9119
74.9119
74.9119
74.9119
74.9119
74.9119
74.9119
74.9119
74.9119
74.9119
74.9119
74.9119
74.9119
74.9119
74.9119
74.9119
74.9119
74.9119
74.9119
74.9119
74.9119
74.9119
74.9119
74.9119
74.9119
74.546
74.546
74.546
74.546
74.546
74.546
74.546
74.546
74.546
74.546
74.546
74.546
74.546
74.546
74.546
74.546
74.546
74.546
74.546
74.546
74.546
74.546
74.546
73.9347
73.9347
73.9347
73.9347
73.9347
73.9347
73.9347
73.9347
73.9347
73.9347
73.9347
73.9347
73.731
73.731
73.731
73.731
73.731
73.731
73.731
73.731
73.731
73.731
73.731
73.731
73.4983
73.4983
73.4983
73.4983
73.4983
73.4983
73.4983
73.4983
73.4983
73.4983
73.4983
73.4983
73.4983
73.4983
73.4983
73.4983
73.4983
73.4983
73.4983
73.4983
73.4983
73.4983
73.4983
73.4983
73.4983
73.4983
73.4983
73.4983
73.4983
73.4983
73.4983
73.4983
73.4983
73.4983
73.4983
73.4983
73.4983
73.4983
73.4983
73.4983
73.4983
73.4983
73.4983
73.4983
73.4983
73.4983
73.4983
73.4983
73.4983
73.4983
73.4983
73.4983
73.4983
73.4983
73.4983
73.4983
73.4983
73.4983
73.4983
73.4983
73.4983
73.4983
73.4983
73.4983
73.4983
73.4983
73.4983
73.4983
73.4983
73.4983
73.4983
73.4983
73.4983
73.4983
73.4983
73.4983
73.4983
73.4983
73.4983
73.4983
73.4983
73.4983
73.4983
73.4983
73.4983
73.4983
73.4983
73.4983
73.4983
73.4983
73.4983
73.4983
73.4983
73.4983
73.4983
73.4983
73.4983
73.4983
73.4983
73.4983
73.4983
73.4983
73.4983
73.4983
73.4983
73.4983
73.4983
73.4983
73.4983
73.4983
73.4983
73.4983
73.4983
73.4983
73.4983
73.4983
73.4983
73.4983
73.4983
73.4983
73.4983
73.4983
73.4983
73.4983
73.4983
73.4983
73.4983
73.4983
73.4983
73.4983
73.4983
73.4983
73.4983
73.4983
73.4983
73.4983
73.4983
73.4983
73.4983
73.4983
73.4983
73.4174
73.4174
73.4174
73.4174
73.4174
73.4174
73.4174
73.4174
73.4174
73.4174
73.4174
73.4174
73.4174
73.4174
73.4174
73.4174
73.4174
73.4174
73.4174
73.4174
73.4174
73.4174
73.4174
73.4174
73.4174
73.4174
73.4174
73.4174
73.4174
73.4174
73.4174
73.4174
73.4174
73.4174
73.4174
73.4174
73.4174
73.4174
73.4174
73.4174
73.4174
73.4174
73.4174
73.4174
73.4174
73.4174
73.4174
73.4174
73.4174
73.4174
73.4174
73.4174
73.4174
73.4174
73.4174
73.4174
73.4174
73.4174
73.4174
73.4174
73.4174
73.4174
73.4174
73.4174
73.4174
73.4174
73.4174
73.4174
73.4174
73.4174
73.4174
73.4174
73.4174
73.4174
73.4174
73.4174
73.4174
73.4174
73.4174
73.4174
73.4174
73.4174
73.4174
73.4174
73.4174
73.4174
73.4174
73.4174
73.4174
73.4174
73.4174
73.1307
73.1307
73.1307
73.1307
73.1307
73.1307
72.8235
72.8235
72.8235
72.8235
72.8235
72.8235
72.8235
72.8235
72.8235
72.8235
72.8235
72.8235
72.8235
72.8235
72.8235
72.8235
72.8235
72.8235
72.8235
72.8235
72.8235
72.8235
72.8235
72.8235
72.8235
72.8235
72.8235
72.8235
72.8235
72.8235
72.8235
72.8235
72.8235
72.8235
72.8235
72.8235
72.8235
72.8235
72.8235
72.8235
72.8235
72.8235
72.8235
72.8235
72.8235
72.8235
72.8235
72.8235
72.8235
72.8235
72.8235
72.8235
72.8235
72.8235
72.8235
72.8235
72.8235
72.8235
72.8235
72.8235
72.8235
72.8235
72.8235
72.8235
72.8235
72.8235
72.8235
72.8235
72.8235
72.8235
72.8235
72.8235
72.8235
72.8235
72.8235
72.8235
72.8235
72.8235
72.8235
72.8235
72.8235
72.8235
72.8235
72.8235
72.8235
72.8235
72.8235
72.8235
72.8235
72.8235
72.8235
72.8235
72.8235
72.8235
72.8235
72.8235
72.8235
72.8235
72.8235
72.8235
72.8235
72.8235
72.8235
72.8235
72.8235
72.8235
72.8235
72.8235
72.8235
72.8235
72.7575
72.7575
72.7575
72.7575
72.7575
72.7575
72.7575
72.7575
72.7575
72.7575
72.7575
72.7575
72.7575
72.7575
72.7575
72.7575
72.7575
72.7575
72.7575
72.7575
72.7575
72.7575
72.7575
72.7575
72.7575
72.7575
72.7575
72.7575
72.7575
72.7575
72.7575
72.7575
72.7575
72.6492
72.6492
72.6492
72.6492
72.6492
72.6492
72.6492
72.6492
72.6492
72.6492
72.6492
72.6492
72.6492
72.6492
72.6492
72.6492
72.6492
72.6492
72.6492
72.6492
72.6492
72.6492
72.6492
72.6492
72.6492
72.6492
72.6492
72.6492
72.6492
72.6492
72.6492
72.6492
72.6492
72.6492
72.6492
72.6492
72.6492
72.6492
72.6492
72.6492
72.6492
72.6492
72.6492
72.6492
72.6492
72.6492
72.6492
72.6492
72.6492
72.6492
72.6492
72.6492
72.6492
72.6492
72.6492
72.6492
72.642
72.642
72.642
72.642
72.642
72.642
72.642
72.642
72.642
72.642
72.642
72.642
72.642
72.642
72.642
72.642
72.642
72.642
72.642
72.642
72.642
72.642
72.4431
72.4431
72.4431
72.4431
72.4431
72.4431
72.4431
72.4431
72.4431
72.2159
72.2159
72.2159
72.2159
72.2159
72.2159
72.2159
72.2159
72.2159
72.2159
72.2159
72.2159
72.2159
72.2159
72.2159
72.2159
72.2159
72.2159
72.2159
72.2159
72.2159
72.2159
72.2159
72.2159
72.2159
72.2159
72.2159
72.2159
72.2159
72.2159
72.2159
72.2159
72.2159
72.2159
72.2159
72.2159
72.2159
72.2159
72.2159
72.2159
72.2159
72.2159
72.2159
71.7786
71.7786
71.7786
71.7786
71.7786
71.7786
71.7786
71.7786
71.7786
71.7786
71.7786
71.7786
71.7786
71.7786
71.7786
71.7786
71.7786
71.7786
71.7786
71.7786
71.7786
71.7786
71.7786
71.7786
71.7786
71.7786
71.7786
71.7786
71.7786
71.7786
71.5888
71.5888
71.5888
71.5888
71.5888
71.5888
71.5888
71.5888
71.5888
71.5888
71.5888
71.5888
71.5888
71.5888
71.5888
71.5888
71.5888
71.5888
71.5888
71.5888
71.5888
71.5888
71.5888
71.5888
71.5888
71.5888
71.5888
71.5888
71.5888
71.5888
71.5888
71.5888
71.5888
71.0454
71.0454
71.0454
71.0454
71.0454
71.0454
71.0454
71.0454
71.0454
71.0454
71.0454
71.0454
71.0454
71.0454
71.0454
71.0454
71.0454
71.0454
71.0454
71.0454
71.0454
71.0454
71.0454
71.0454
71.0454
71.0454
71.0454
71.0454
71.0454
71.0454
71.0454
71.0454
71.0454
71.0454
71.0454
71.0454
71.0454
71.0454
71.0454
71.0454
71.0454
71.0454
71.0454
71.0454
71.0454
69.2628
69.2628
69.2628
69.2628
69.2628
69
69
69
69
69
69
69
69
69
69
69
69
69
69
69
69
68.8856
68.8856
68.8856
68.8856
68.8856
68.8856
68.8856
68.8856
68.8856
68.8856
68.8856
68.8856
68.8856
68.8856
68.8856
68.8856
68.8856
68.8856
68.8856
68.8856
68.8856
68.8856
68.8856
68.8856
68.8856
68.8856
68.8856
68.8856
68.8856
68.8856
68.8856
68.8856
68.8856
68.8856
68.8856
68.8856
68.8856
68.8856
68.8856
68.8856
68.8856
68.8856
68.8856
68.8856
68.8856
68.8856
68.8856
68.8856
68.8856
68.8856
68.8856
68.8856
68.8856
68.8856
68.8856
68.8856
68.8856
68.8856
68.8856
68.8856
68.8856
68.8856
68.8856
68.8856
68.8856
68.8856
68.8856
68.8856
68.8856
68.8856
68.8856
68.8856
68.8856
68.8856
68.8856
68.8856
68.8856
68.8856
68.8856
68.8856
68.8856
68.8856
68.8856
68.6441
68.6441
68.6441
68.6441
68.6441
68.6441
68.6441
68.6441
68.6441
68.6441
68.6441
68.6441
68.6441
68.6441
68.6441
68.6441
68.6441
68.6441
68.6441
68.6441
68.6441
68.6441
68.6441
68.6441
68.6441
68.6441
68.6441
68.6441
68.6441
68.6441
68.6441
68.6441
68.6441
68.6441
68.6441
68.6441
68.6441
68.6441
68.6441
68.6441
68.6441
68.6441
68.6441
68.6441
68.6441
68.6441
68.6441
68.6441
68.6441
68.6441
68.6441
68.6441
68.6441
68.6441
68.6441
68.6441
68.6441
68.6441
68.6441
68.6441
68.6441
68.6441
68.6441
68.6441
68.6441
68.6441
68.6441
68.6441
68.6441
68.6441
68.6441
68.6441
68.6441
68.6441
68.6441
68.6441
68.6441
68.6441
68.6441
68.6441
68.6441
68.6441
68.6441
68.6441
68.6441
68.6441
68.6441
68.6441
68.6441
68.6441
68.6441
68.6441
68.6441
68.6441
68.6441
68.6441
68.6441
68.6441
68.6441
68.6441
68.6441
68.6441
68.6441
68.6441
68.6441
68.6441
68.6441
68.6441
68.6441
68.6441
68.6441
68.6441
68.6441
68.6441
68.6441
68.6441
68.6441
68.6441
68.6441
68.6441
68.6441
68.6441
68.6441
68.6441
68.6441
68.6441
68.6441
68.6441
68.6441
68.6441
68.6441
68.6441
68.6441
68.6441
68.6441
68.6441
68.6441
68.6441
68.6441
68.6441
68.6441
68.6441
68.6441
68.6441
68.5372
68.5372
68.5372
68.5372
68.2889
68.2889
68.2889
68.2889
68.2889
68.2889
68.2889
68.2889
68.2889
68.2889
68.2889
68.2889
68.2889
68.2889
68.2889
68.2889
68.2889
68.2889
68.2889
68.2889
68.2889
68.2889
68.2889
68.2889
68.2889
68.2889
68.2889
68.2889
68.2889
68.2889
68.2889
68.2889
68.2889
68.2889
68.2889
68.2889
68.2889
68.2889
68.2889
68.2889
68.2889
68.2889
68.2889
68.2889
68.2889
68.2889
68.2889
68.2889
68.2889
68.2889
68.2889
68.2889
68.2889
68.2889
68.2889
68.2889
68.2889
68.2889
68.2889
68.2889
68.2889
68.2889
68.2889
68.2889
68.2889
68.2889
68.2889
68.2889
68.2889
68.2889
68.2889
68.2889
68.2889
68.2889
68.2889
68.2889
68.2889
68.2889
68.2889
68.2889
68.2889
68.2889
68.2889
68.2889
68.2889
68.2889
68.2889
68.2889
68.2889
68.2889
68.2889
68.2889
68.2889
68.2889
68.2889
68.2889
68.2889
68.2889
68.2889
68.2889
68.2889
68.2889
68.2889
68.2889
68.2889
68.2889
68.2889
68.2889
68.2889
68.2889
68.2889
68.2889
68.2889
68.2889
68.2889
68.2889
68.2889
68.2889
68.2889
68.2889
68.2889
68.2889
68.2889
68.2889
68.2889
68.2889
68.2889
68.2889
68.2889
68.2889
68.2889
68.2889
68.2889
68.2889
68.2889
68.2889
68.2889
68.2889
68.2889
68.2889
68.2889
68.2889
68.2889
68.2889
68.2889
68.2889
68.2889
68.2889
68.2889
68.2889
68.2889
68.2889
68.2889
68.2889
68.2889
68.2889
68.2889
68.2889
68.2889
68.2889
68.2889
68.2889
68.2889
68.2889
68.2889
68.2889
68.2889
68.2889
68.2889
68.2889
68.2889
68.2889
68.2889
68.2889
68.2889
68.2889
68.2889
68.2889
68.2889
68.2889
68.2889
68.2889
68.2889
68.2889
68.2889
68.2889
68.2889
68.2889
68.2889
68.2889
68.2889
68.2889
68.2889
68.2889
68.2889
68.2889
68.2889
68.2889
68.2889
68.2889
68.2889
68.2889
68.2889
68.2889
68.2889
68.2889
68.2889
68.2889
68.2889
68.2889
68.2889
68.2889
68.2889
68.2889
68.2889
68.2889
68.2889
68.2889
68.2889
68.2889
68.2889
68.2889
68.2889
68.2889
68.2889
68.2889
68.2889
68.2889
68.2889
68.2889
68.2889
68.2889
68.2889
68.2889
68.2889
68.2889
68.2889
68.2889
68.2889
68.2889
68.2889
68.2889
68.2889
68.2889
68.2889
68.2889
68.2
68.2
68.2889
68.2889
68.2889
68.2889
68.2889
68.2889
68.2889
68.2889
68.2889
68.2889
68.2889
68.2889
68.2889
68.2889
68.2889
68.2889
68.2889
68.2889
68.2889
68.2889
68.2889
68.2889
68.2889
68.2889
68.2889
68.2889
68.2889
68.2889
68.2889
68.2889
68.2889
68.2889
68.2889
68.2889
68.2889
68.2889
68.2889
68.2889
68.2889
68.2889
68.2889
68.2889
68.2889
68.2889
68.2889
68.2889
68.2889
68.2889
68.2889
68.2889
68.2889
68.2889
68.2889
68.2889
68.2889
68.2889
68.2889
68.2889
68.2889
68.2889
68.2889
68.2889
68.2889
68.2889
68.2889
68.2889
68.2889
68.2889
68.2889
68.2889
68.2889
68.2889
68.2889
68.2889
68.2889
68.2889
68.2889
68.2889
68.2889
68.2889
68.2889
68.2889
68.2889
68.2889
68.2889
68.2889
68.2889
68.2889
68.2889
68.2889
68.2889
68.2889
68.2889
68.2889
68.2889
68.2889
68.2889
68.2889
68.2889
68.2889
68.2889
68.2889
68.2889
68.2889
68.2889
68.2889
68.2889
68.2889
68.2889
68.2889
68.2889
68.2889
68.2889
68.2889
68.2889
68.2889
68.2889
68.2889
68.2889
68.2889
68.2889
68.2889
68.2889
68.2889
68.2889
68.2889
68.2889
68.2889
68.2889
68.2889
68.2889
68.2889
68.2889
68.2889
68.2889
68.2889
68.2889
68.2889
68.2889
68.2889
68.2889
68.2889
68.2889
68.2889
68.2889
68.2889
68.2889
68.2889
68.2889
68.2889
68.2889
68.2889
68.2889
68.2889
68.2889
68.2889
68.2889
68.2889
68.2889
68.2889
68.2889
68.2889
68.2889
68.2889
68.2889
68.2889
68.2889
68.2889
68.2889
68.2889
68.2889
68.2889
68.2889
68.2889
68.2889
68.2889
68.2889
68.2889
68.2889
68.2889
68.2889
68.2889
68.2889
68.2889
68.2889
68.2889
68.2889
68.2889
68.2889
68.2889
68.2889
68.2889
68.2889
68.2889
68.2889
68.2889
68.2889
68.2889
68.2889
68.2889
68.2889
68.2889
68.2889
68.2889
68.2889
68.2889
68.2889
68.2889
68.2889
68.2889
68.2889
68.2889
68.2889
68.2889
68.2889
68.2889
68.2889
68.2889
68.2889
68.2889
68.2889
68.2889
68.2889
68.2889
68.2889
68.2889
68.2889
68.2889
68.2889
68.2889
68.2889
68.2889
68.2889
68.2889
68.2889
68.2889
68.2889
68.2889
68.2889
68.2889
68.2889
68.2889
68.2889
68.2889
68.2889
68.2889
68.2889
68.2889
68.2889
68.2889
68.2889
68.2889
68.2889
68.2889
68.2889
68.2889
68.2889
68.2889
68.2889
68.2889
68.2889
68.2889
68.2889
68.2889
68.2889
68.2889
68.2889
68.2889
68.2889
68.2889
68.2889
68.2889
68.2889
68.2889
68.2889
68.2889
68.2889
68.2889
68.2889
68.2889
68.2889
68.2889
68.2889
68.2889
68.2889
68.2889
68.2889
68.2889
68.2889
68.2889
68.2889
68.2889
68.2889
68.2889
68.2889
68.2889
68.2889
68.2889
68.2889
68.2889
68.2889
68.2889
68.2889
68.2889
68.2889
68.2889
68.2889
68.2889
68.2889
68.2889
68.2889
68.2889
68.2889
68.2889
68.2889
68.2889
68.2889
68.2889
68.2889
68.2889
68.2889
68.2889
68.2889
68.2889
68.2889
68.2889
68.2889
68.2889
68.2889
68.2889
68.2889
68.2889
68.2889
68.2889
68.2889
68.2889
68.2889
68.2889
68.2889
68.2889
68.2889
68.2889
68.2889
68.2889
68.2889
68.2889
68.2889
68.2889
68.2889
68.2889
68.2889
68.2889
68.2889
68.2889
68.2889
68.2889
68.2889
68.2889
68.2889
68.2889
68.2889
68.2889
68.2889
68.2889
68.2889
68.2889
68.2889
68.2889
68.2889
68.2889
68.2889
68.2889
68.2889
68.2889
68.2889
68.2889
68.2889
68.2889
68.2889
68.2889
68.2889
68.2889
68.2889
68.2889
68.2889
68.2889
68.2889
68.2889
68.2889
68.2889
68.2889
68.2889
68.2889
68.2889
68.2889
68.2889
68.2889
68.2889
68.2889
68.2889
68.2889
68.2889
68.2889
68.2889
68.2889
68.2889
68.2889
68.2889
68.2889
68.2889
68.2889
68.2889
68.2889
68.2889
68.2889
68.2889
68.2889
68.2889
68.2889
68.2889
68.2889
68.2889
68.2889
68.2889
68.2889
68.2889
68.2889
68.2889
68.2889
68.2889
68.2889
68.2889
68.2889
68.2889
68.2889
68.2889
68.2889
68.2889
68.2889
68.2889
68.2889
68.2889
68.2889
68.2889
68.2889
68.2889
68.2889
68.2889
68.2889
68.2889
68.2889
68.2889
68.2889
68.2889
68.2889
68.2889
68.2889
68.2889
68.2889
68.2889
68.2889
68.2889
68.2889
68.2889
68.2889
68.2889
68.2889
68.2889
68.2889
68.2889
68.2889
68.2889
68.2889
68.2889
68.2889
68.2889
68.2889
68.2889
68.2889
68.2889
68.2889
68.2889
68.2889
68.2889
68.2889
68.2889
68.2889
68.2889
68.2889
68.2889
68.2889
68.2889
68.2889
68.2889
68.2889
68.2889
68.2889
68.2889
68.2889
68.2889
68.2731
68.2731
68.2731
68.2731
68.2731
68.2731
68.2731
68.2731
68.2731
68.2731
68.2731
68.2731
67.9837
67.9837
67.9837
67.9837
67.9837
67.9837
67.9837
67.9837
67.5031
67.5031
67.5031
67.5031
67.5031
67.5031
67.5031
67.5031
67.5031
67.5031
67.5031
67.5031
67.5031
67.5031
67.5031
67.5031
67.5031
67.5031
67.5031
67.5031
67.5031
67.5031
67.5031
67.5031
67.5031
67.5031
67.5031
67.5031
67.5031
67.5031
67.5031
67.5031
67.5031
67.5031
67.5031
67.5031
67.5031
67.5031
67.5031
67.5031
67.5031
67.5031
67.5031
67.5031
67.5031
67.5031
67.5031
67.5031
67.5031
67.5031
67.5031
67.5031
67.5031
67.5031
67.5031
67.5031
67.5031
67.5031
67.5031
67.5031
67.5031
67.5031
67.5031
67.5031
67.5031
67.5031
67.5031
67.5031
67.5031
67.5031
67.5031
67.5031
67.5031
67.5031
67.5031
67.5031
67.5031
67.5031
67.5031
67.5031
67.5031
67.5031
67.5031
67.5031
67.5031
67.5031
67.5031
67.5031
67.5031
67.5031
67.5031
67.5031
67.5031
67.5031
67.5031
67.5031
67.5031
67.5031
67.5031
67.5031
67.5031
67.5031
67.5031
67.5031
67.5031
67.5031
67.5031
67.5031
67.5031
67.5031
67.5031
67.5031
67.5031
67.5031
67.5031
67.5031
67.5031
67.5031
67.5031
67.5031
67.5031
67.5031
67.5031
67.5031
67.5031
67.5031
67.5031
67.5031
67.5031
67.5031
67.5031
67.5031
67.5031
67.5031
67.5031
67.5031
67.5031
67.5031
67.5031
67.5031
67.5031
67.5031
67.5031
67.5031
67.5031
67.5031
67.5031
67.5031
67.5031
67.5031
67.5031
67.5031
67.5031
67.5031
67.5031
67.5031
67.5031
67.5031
67.5031
67.5031
67.5031
67.5031
67.5031
67.5031
67.5031
67.5031
67.5031
67.5031
67.5031
67.5031
67.5031
67.5031
67.5031
67.5031
67.5031
67.5031
67.5031
67.5031
67.5031
67.5031
67.5031
67.5031
67.5031
67.5031
67.5031
67.5031
67.5031
67.5031
67.5031
67.5031
67.5031
67.5031
67.5031
67.5031
67.5031
67.5031
67.5031
67.5031
67.5031
67.5031
67.5031
67.5031
67.5031
67.5031
67.5031
67.5031
67.5031
67.5031
67.5031
67.5031
67.5031
67.5031
67.5031
67.5031
67.5031
67.5031
67.5031
67.5031
67.5031
67.5031
67.5031
67.5031
67.5031
67.5031
67.5031
67.5031
67.5031
67.5031
67.5031
67.5031
67.5031
67.5031
67.5031
67.5031
67.5031
67.5031
67.5031
67.5031
67.5031
67.5031
67.5031
67.5031
67.5031
67.5031
67.5031
67.5031
67.5031
67.5031
67.5031
67.5031
67.5031
67.5031
67.5031
67.5031
67.5031
67.5031
67.5031
67.5031
67.5031
67.5031
67.5031
67.5031
67.5031
67.5031
67.5031
67.5031
67.5031
67.5031
67.5031
67.5031
67.5031
67.5031
67.5031
67.5031
67.5031
67.5031
67.5031
67.5031
67.5031
67.5031
67.5031
67.5031
67.5031
67.5031
67.5031
67.5031
67.5031
67.5031
67.5031
67.5031
67.5031
67.5031
67.5031
67.5031
67.5031
67.5031
67.5031
67.5031
67.5031
67.5031
67.5031
67.5031
67.5031
67.5031
67.5031
67.5031
67.5031
67.5031
67.5031
67.5031
67.5031
67.5031
67.5031
67.5031
67.5031
67.5031
67.5031
67.5031
67.5031
67.5031
67.5031
67.5031
67.5031
67.5031
67.5031
67.5031
67.5031
67.5031
67.5031
67.5031
67.5031
67.5031
67.5031
67.5031
67.5031
67.5031
67.5031
67.5031
67.5031
67.5031
67.5031
67.5031
67.5031
67.5031
67.5031
67.5031
67.5031
67.5031
67.5031
67.5031
67.5031
67.5031
67.5031
67.5031
67.5031
67.5031
67.5031
67.5031
67.5031
67.5031
67.5031
67.5031
67.5031
67.5031
67.5031
67.5031
67.5031
67.5031
67.5031
67.5031
67.5031
67.5031
67.5031
67.5031
67.5031
67.5031
67.5031
67.5031
67.5031
67.5031
67.5031
67.5031
67.5031
67.5031
67.5031
67.5031
67.5031
67.5031
67.5031
67.5031
67.5031
67.5031
67.5031
67.5031
67.5031
67.5031
67.5031
67.5031
67.5031
67.5031
67.5031
67.5031
67.5031
67.5031
67.5031
67.5031
67.5031
67.5031
67.5031
67.5031
67.5031
67.5031
67.5031
67.5031
67.5031
67.5031
67.5031
67.5031
67.5031
67.5031
67.5031
67.5031
67.5031
67.5031
67.5031
67.5031
67.5031
67.5031
67.5031
67.5031
67.5031
67.5031
67.5031
67.5031
67.5031
67.5031
67.5031
67.5031
67.5031
67.5031
67.5031
67.5031
67.5031
67.5031
67.5031
67.5031
67.5031
67.5031
67.5031
67.5031
67.5031
67.5031
67.5031
67.5031
67.5031
67.5031
67.5031
67.5031
67.5031
67.5031
67.5031
67.5031
67.5031
67.5031
67.5031
67.5031
67.5031
67.5031
67.5031
67.5031
67.5031
67.5031
67.5031
67.5031
67.5031
67.5031
67.5031
67.5031
67.5031
67.5031
67.5031
67.5031
67.5031
67.5031
67.5031
67.5031
67.5031
67.5031
67.5031
67.5031
67.5031
67.5031
67.5031
67.5031
67.5031
67.5031
67.5031
67.5031
67.5031
67.5031
67.5031
67.5031
67.5031
67.5031
67.5031
67.5031
67.5031
67.5031
67.5031
67.5031
67.5031
67.5031
67.5031
67.5031
67.5031
67.5031
67.5031
67.5031
67.5031
67.5031
67.5031
67.5031
67.5031
67.5031
67.5031
67.5031
67.5031
67.5031
67.5031
67.5031
67.5031
67.5031
67.5031
67.5031
67.5031
67.5031
67.5031
67.5031
67.5031
67.5031
67.5031
67.5031
67.5031
67.5031
67.5031
67.5031
67.5031
67.5031
67.5031
67.5031
67.5031
67.5031
67.5031
67.5031
67.5031
67.5031
67.5031
67.5031
67.5031
67.5031
67.5031
67.5031
67.5031
67.5031
67.5031
67.5031
67.5031
67.5031
67.5031
67.5031
67.5031
67.5031
67.5031
67.5031
67.5031
67.5031
67.5031
67.5031
67.5031
67.5031
67.5031
67.5031
67.5031
67.5031
67.5031
67.5031
67.5031
67.5031
67.5031
67.5031
67.5031
67.5031
67.5031
67.5031
67.5031
67.5031
67.5031
67.5031
67.5031
67.5031
67.5031
67.5031
67.5031
67.5031
67.5031
67.5031
67.5031
67.5031
67.5031
67.5031
67.5031
67.5031
67.5031
67.5031
67.5031
67.5031
67.5031
67.5031
67.5031
67.5031
67.5031
67.5031
67.5031
67.5031
67.5031
67.5031
67.5031
67.5031
67.5031
67.5031
67.5031
67.5031
67.5031
67.5031
67.5031
67.5031
67.5031
67.5031
67.5031
67.5031
67.5031
67.5031
67.5031
67.5031
67.5031
67.5031
67.5031
67.5031
67.5031
67.5031
67.5031
67.5031
67.5031
67.5031
67.5031
67.5031
67.5031
67.5031
67.5031
67.5031
67.5031
67.5031
67.5031
67.5031
67.5031
67.5031
67.5031
67.5031
67.5031
67.5031
67.5031
67.5031
67.5031
67.5031
67.5031
67.5031
67.5031
67.5031
67.5031
67.5031
67.5031
67.5031
67.5031
67.5031
67.5031
67.5031
67.5031
67.5031
67.5031
67.5031
67.5031
67.5031
67.5031
67.5031
67.5031
67.5031
67.5031
67.5031
67.5031
67.5031
67.5031
67.5031
67.5031
67.5031
67.5031
67.5031
67.5031
67.5031
67.5031
67.5031
67.5031
67.5031
67.5031
67.5031
67.5031
67.5031
67.5031
67.5031
67.5031
67.5031
67.5031
67.5031
67.5031
67.5031
67.5031
67.5031
67.5031
67.5031
67.5031
67.5031
67.5031
67.5031
67.5031
67.5031
67.5031
67.5031
67.5031
67.5031
67.5031
67.5031
67.5031
67.5031
67.5031
67.5031
67.5031
67.5031
67.5031
67.5031
67.5031
67.5031
67.5031
67.5031
67.5031
67.5031
67.5031
67.5031
67.5031
67.5031
67.5031
67.5031
67.5031
67.5031
67.5031
67.5031
67.5031
67.5031
67.5031
67.5031
67.5031
67.5031
67.5031
67.5031
67.5031
67.5031
67.5031
67.5031
67.5031
67.5031
67.5031
67.5031
67.5031
67.5031
67.5031
67.5031
67.5031
67.5031
67.5031
67.5031
67.5031
67.5031
67.5031
67.5031
67.5031
67.5031
67.5031
67.5031
67.5031
67.5031
67.5031
67.5031
67.5031
67.5031
67.5031
67.5031
67.5031
67.5031
67.5031
67.5031
67.5031
67.5031
67.5031
67.5031
67.5031
67.5031
67.5031
67.5031
67.5031
67.5031
67.5031
67.5031
67.5031
67.5031
67.5031
67.5031
67.5031
67.5031
67.5031
67.5031
67.5031
67.5031
67.5031
67.5031
67.5031
67.5031
67.5031
67.5031
67.5031
67.5031
67.5031
67.5031
67.5031
67.5031
67.5031
67.5031
67.5031
67.5031
67.5031
67.5031
67.5031
67.5031
67.5031
67.5031
67.5031
67.5031
67.5031
67.5031
67.5031
67.5031
67.5031
67.5031
67.5031
67.5031
67.5031
67.5031
67.5031
67.5031
67.5031
67.5031
67.5031
67.5031
67.5031
67.5031
67.5031
67.5031
67.5031
67.5031
67.5031
67.5031
67.5031
67.5031
67.5031
67.5031
67.5031
67.5031
67.5031
67.5031
67.5031
67.5031
67.5031
67.5031
67.5031
67.5031
67.5031
67.5031
67.5031
67.5031
67.5031
67.5031
67.5031
67.5031
67.5031
67.5031
67.5031
67.5031
67.5031
67.5031
67.5031
67.5031
67.5031
67.5031
67.5031
67.5031
67.5031
67.5031
67.5031
67.5031
67.5031
67.5031
67.5031
67.5031
67.5031
67.5031
67.5031
67.5031
67.5031
67.5031
67.5031
67.5031
67.5031
67.5031
67.5031
67.5031
67.5031
67.5031
67.5031
67.5031
67.5031
67.5031
67.5031
67.5031
67.5031
67.5031
67.5031
67.5031
67.5031
67.5031
67.5031
67.5031
67.5031
67.5031
67.5031
67.5031
67.5031
67.5031
67.5031
67.5031
67.5031
67.5031
67.5031
67.5031
67.5031
67.5031
67.5031
67.5031
67.5031
67.5031
67.5031
67.5031
67.5031
67.5031
67.5031
67.5031
67.5031
67.5031
67.5031
67.5031
67.5031
67.5031
67.5031
67.5031
67.5031
67.5031
67.5031
67.5031
67.5031
67.5031
67.5031
67.5031
67.5031
67.5031
67.5031
67.5031
67.5031
67.5031
67.5031
67.5031
67.5031
67.5031
67.5031
67.5031
67.5031
67.5031
67.5031
67.5031
67.5031
67.5031
67.5031
67.5031
67.5031
67.5031
67.5031
67.5031
67.5031
67.5031
67.5031
67.5031
67.5031
67.5031
67.5031
67.5031
67.5031
67.5031
67.5031
67.5031
67.5031
67.5031
67.5031
67.5031
67.5031
67.5031
67.5031
67.5031
67.5031
67.5031
67.5031
67.5031
67.5031
67.5031
67.5031
67.5031
67.5031
67.5031
67.5031
67.5031
67.5031
67.5031
67.5031
67.5031
67.5031
67.5031
67.5031
67.5031
67.5031
67.5031
67.5031
67.5031
67.5031
67.5031
67.5031
67.5031
67.5031
67.5031
67.5031
67.5031
67.5031
67.5031
67.5031
67.5031
67.5031
67.5031
67.5031
67.5031
67.5031
67.5031
67.5031
67.5031
67.5031
67.5031
67.5031
67.5031
67.5031
67.5031
67.5031
67.5031
67.5031
67.5031
67.5031
67.5031
67.5031
67.5031
67.5031
67.5031
67.5031
67.5031
67.5031
67.5031
67.5031
67.5031
67.5031
67.5031
67.5031
67.5031
67.5031
67.5031
67.5031
67.5031
67.5031
67.5031
67.5031
67.5031
67.5031
67.5031
67.5031
67.5031
67.5031
67.5031
67.5031
67.5031
67.5031
67.5031
67.5031
67.5031
67.5031
67.5031
67.5031
67.5031
67.5031
67.5031
67.5031
67.5031
67.5031
67.5031
67.5031
67.5031
67.5031
67.5031
67.5031
67.5031
67.5031
67.5031
67.5031
67.5031
67.5031
67.5031
67.5031
67.5031
67.5031
67.5031
67.5031
67.5031
67.5031
67.5031
67.5031
67.5031
67.5031
67.5031
67.5031
67.5031
67.5031
67.5031
67.5031
67.5031
67.5031
67.5031
67.5031
67.5031
67.5031
67.5031
67.5031
67.5031
67.5031
67.5031
67.5031
67.5031
67.5031
67.5031
67.5031
67.5031
67.5031
67.5031
67.5031
67.5031
67.5031
67.5031
67.5031
67.5031
67.5031
67.5031
67.5031
67.5031
67.5031
67.5031
67.5031
67.5031
67.5031
67.5031
67.5031
67.5031
67.5031
67.5031
67.5031
67.5031
67.5031
67.5031
67.5031
67.5031
67.5031
67.5031
67.5031
67.5031
67.5031
67.5031
67.5031
67.5031
67.5031
67.5031
67.5031
67.5031
67.5031
67.5031
67.5031
67.5031
67.5031
67.5031
67.5031
67.5031
67.5031
67.5031
67.5031
67.5031
67.5031
67.5031
67.5031
67.5031
67.5031
67.5031
67.5031
67.5031
67.5031
67.5031
67.5031
67.5031
67.5031
67.5031
67.5031
67.5031
67.5031
67.5031
67.5031
67.5031
67.5031
67.5031
67.5031
67.5031
67.5031
67.5031
67.5031
67.5031
67.5031
67.5031
67.5031
67.5031
67.5031
67.5031
67.5031
67.5031
67.5031
67.5031
67.5031
67.5031
67.5031
67.5031
67.5031
67.5031
67.5031
67.5031
67.5031
67.5031
67.5031
67.5031
67.5031
67.5031
67.5031
67.5031
67.5031
67.5031
67.5031
67.5031
67.5031
67.5031
67.5031
67.5031
67.5031
67.5031
67.5031
67.5031
67.5031
67.5031
67.5031
67.5031
67.5031
67.5031
67.5031
67.5031
67.5031
67.5031
67.5031
67.5031
67.5031
67.5031
67.5031
67.5031
67.4954
67.4954
67.4954
67.4954
67.4954
67.4954
67.4954
67.4954
67.4954
67.4954
67.4954
67.4954
67.4954
67.4954
67.4954
67.4954
67.4954
67.4954
67.4954
67.4954
67.4954
67.4954
67.4954
67.4954
67.4954
67.4954
67.4954
67.4954
67.4954
67.4954
67.4954
67.4954
67.4954
67.4954
67.4954
67.4954
67.4954
67.4954
67.4954
67.4954
67.4954
67.4954
67.4954
67.4954
67.4954
67.2898
67.2898
67.2898
67.2898
67.2898
67.2898
67.2898
67.2898
67.2898
67.2898
67.2898
67.2898
67.2898
67.2898
67.2898
67.2898
67.2898
67.2898
67.2898
67.2898
67.2898
67.2898
67.2898
67.2898
67.2898
67.2898
67.2898
67.2898
67.2898
67.2898
67.2898
67.2898
67.2898
67.2898
67.2898
67.2898
67.2898
67.2898
67.2898
67.2898
67.2898
67.2898
67.2898
67.2898
67.2898
67.2898
67.2898
67.2898
67.2898
67.2898
67.2898
67.2898
67.2898
67.2898
67.2898
67.2898
67.2898
67.2898
67.2898
67.2898
67.2898
67.2898
67.2898
67.2898
67.2898
67.2898
67.2898
67.2898
67.2898
67.2898
67.2898
67.2898
67.2898
67.2898
67.2898
67.2898
67.2898
67.2898
67.2898
67.2898
67.2898
67.2898
67.2898
67.2898
67.2898
67.2898
67.2898
67.2898
67.2898
67.2898
67.2898
67.2898
67.2898
67.2898
67.2898
67.2898
67.2898
67.2898
67.2898
67.2898
67.2898
67.2898
67.2898
67.2898
67.2898
67.2898
67.2898
67.2898
67.2898
67.2898
67.2898
67.2898
67.2898
67.2898
67.2898
67.2898
67.2898
67.2898
67.2898
67.2898
67.2898
67.2898
67.2898
66.3236
66.3236
66.3236
66.3236
66.3236
66.3236
66.3236
66.3236
66.3236
66.3236
66.3236
66.3236
66.3236
66.3236
66.3236
66.3236
66.3236
66.3236
66.3236
66.3236
66.3236
66.3236
66.3236
66.3236
66.3236
66.3236
66.3236
66.1088
66.1088
66.1088
66.1088
66.1088
66.1088
66.1088
66.1088
66.1088
66.1088
66.1088
66.1088
66.1088
66.1088
66.1088
66.1088
66.1088
66.1088
66.1088
66.1088
66.1088
66.1088
66.1088
66.1088
66.1088
66.1088
66.1088
66.1088
66.1088
66.1088
66.1088
66.1088
66.1088
66.1088
66.1088
66.1088
66.1088
66.1088
66.1088
66.1088
66.1088
66.1088
66.1088
66.1088
66.1088
66.1088
66.1088
66.1088
66.1088
66.1088
66.1088
66.1088
66.1088
66.1088
66.1088
66.1088
66.1088
66.1088
66.1088
66.1088
66.1088
66.1088
66.1088
66.1088
66.1088
66.1088
66.1088
66.1088
65.5714
65.5714
65.5714
65.5714
65.5714
65.5714
65.5714
65.5714
65.5714
65.5714
65.5714
65.5714
65.5714
65.5714
65.5714
65.5714
65.5714
65.5714
65.5714
65.5714
65.5714
65.5714
65.5714
65.5714
65.5714
65.5714
65.5714
65.5714
65.5714
65.5714
65.5714
65.5714
65.5714
65.5714
65.5714
65.5714
65.5714
65.5714
65.5714
65.5714
65.5714
65.5714
65.5714
65.5714
65.5714
65.5714
65.5714
65.5714
65.5714
65.5714
65.5714
65.5714
65.5714
65.5714
65.5714
65.5714
65.5714
65.5714
65.5714
65.5714
65.5714
65.5714
65.5714
65.5714
65.5714
65.5714
65.5714
65.5714
65.5714
65.5714
65.5714
65.5714
65.5714
65.5714
65.5714
65.5714
65.5714
65.5714
65.5714
65.5714
65.5714
65.5714
65.5714
65.5714
65.5714
65.5714
65.5714
65.5714
65.5714
65.5714
65.5714
65.5714
65.5714
65.5714
65.5714
65.5714
65.5714
65.5714
65.5714
65.5714
65.5714
65.5714
65.5714
65.5714
65.5714
65.5714
65.5714
65.5714
65.5714
65.5714
65.5714
65.5714
65.5714
65.5714
65.5714
65.5714
65.5714
65.5714
65.5714
65.5714
65.5714
65.5714
65.5714
65.5714
65.5714
65.5714
65.5714
65.5714
65.5714
65.5714
65.5714
65.5714
65.5714
65.5714
65.5714
65.5714
65.5714
65.5714
65.5714
65.5714
65.5714
65.5714
65.5714
65.5714
65.5714
65.5714
65.5714
65.5714
65.5714
65.5714
65.5714
65.5714
65.5714
65.5714
65.5714
65.5714
65.5714
65.5714
65.5714
65.5714
65.5714
65.5714
65.5714
65.5714
65.5714
65.5714
65.5714
65.5714
65.5714
65.5714
65.5714
65.5714
65.5714
65.5714
65.5714
65.5714
65.5714
65.5714
65.5714
65.5714
65.5714
65.5714
65.5714
65.5714
65.5714
65.5714
65.5714
65.5714
65.5714
65.5714
65.5714
65.5714
65.5714
65.5714
65.5714
65.5714
65.5714
65.5714
65.5714
65.5714
65.5714
65.5714
65.5714
65.5714
65.5714
65.5714
65.5714
65.5714
65.5714
65.5714
65.5714
65.5714
65.5714
65.5714
65.5714
65.5714
65.5714
65.5714
65.5714
65.5714
65.5714
65.5714
65.5714
65.5714
65.5714
65.5714
65.5714
65.5714
65.5714
65.5714
65.5714
65.5714
65.5714
65.5714
65.5714
65.5714
65.5714
65.5714
65.5714
65.5714
65.5714
65.5714
65.5714
65.5714
65.5714
65.5714
65.5714
65.5714
65.5714
65.5714
65.5714
65.5714
65.5714
65.5714
65.5714
65.5714
65.5714
65.5714
65.5714
65.5714
65.5714
65.5714
65.5714
65.5714
65.5714
65.5714
65.5714
65.5714
65.5714
65.5714
65.5714
65.5714
65.5714
65.5714
65.5714
65.5714
65.5714
65.5714
65.5714
65.5714
65.5714
65.5714
65.5714
65.5714
65.5714
65.5714
65.5714
65.5714
65.5714
65.5714
65.5714
65.5714
65.5714
65.5714
65.5714
65.5714
65.5714
65.5714
65.5714
65.5714
65.5714
65.5714
65.5714
65.5714
65.5714
65.5714
65.5714
65.5714
65.5714
65.5714
65.5714
65.5714
65.5714
65.5714
65.5714
65.5714
65.5714
65.5714
65.5714
65.5714
65.5714
65.5714
65.5714
65.5714
65.5714
65.5714
65.5714
65.5714
65.5714
65.5714
65.5714
65.5714
65.5714
65.5714
65.5714
65.5714
65.5714
65.5714
65.5714
65.5714
65.5714
65.5714
65.5714
65.5714
65.5714
65.5714
65.5714
65.5714
65.5714
65.5714
65.5714
65.5714
65.5714
65.5714
65.5714
65.5714
65.5714
65.5714
65.5714
65.5714
65.5714
65.5714
65.5714
65.5714
65.5714
65.5714
65.5714
65.5714
65.5714
65.5714
65.5714
65.5714
65.5714
65.5714
65.5714
65.5714
65.5714
65.5714
65.5714
65.5714
65.5714
65.5714
65.5714
65.5714
65.5714
65.5714
65.5714
65.5714
65.5714
65.5714
65.5714
65.5714
65.5714
65.5714
65.5714
65.5714
65.5714
65.5714
65.5714
65.5714
65.5714
65.5714
65.5714
65.5714
65.5714
65.5714
65.5714
65.5714
65.5714
65.5714
65.5714
65.5714
65.5714
65.5714
65.5714
65.5714
65.5714
65.5714
65.5714
65.5714
65.5714
65.5714
65.5714
65.5714
65.5714
65.5714
65.5714
65.5714
65.5714
65.5714
65.5714
65.5714
65.5714
65.5714
65.5714
65.5714
65.5714
65.5714
65.5714
65.5714
65.5714
65.5714
65.5714
65.5714
65.5714
65.5714
65.5714
65.5714
65.5714
65.5714
65.5714
65.5714
65.5714
65.5714
65.5714
65.5714
65.5714
65.5714
65.5714
65.5714
65.5714
65.5714
65.5714
65.5714
65.5714
65.5714
65.5714
65.5714
65.5714
65.5714
65.5714
65.5714
65.5714
65.5714
65.5714
65.5714
65.5714
65.5714
65.5714
65.5714
65.5714
65.5714
65.5714
65.5714
65.5714
65.5714
65.5714
65.5714
65.5714
65.5714
65.5714
65.5714
65.5714
65.5714
65.5714
65.5714
65.5714
65.5714
65.5714
65.5714
65.5714
65.5714
65.5714
65.5714
65.5714
65.5714
65.5714
65.5714
65.5714
65.5714
65.5714
65.5714
65.5714
65.5714
65.5714
65.5714
65.5714
65.5714
65.5714
65.5714
65.5714
65.5714
65.5714
65.5714
65.5714
65.5714
65.5714
65.5714
65.5714
65.5714
65.5714
65.5714
65.5714
65.5714
65.5714
65.5714
65.5714
65.5714
65.5714
65.5714
65.5714
65.5714
65.5714
65.5714
65.5714
65.5714
65.5714
65.5714
65.5714
65.5714
65.5714
65.5714
65.5714
65.5714
65.5714
65.5714
65.5714
65.5714
65.5714
65.5714
65.5714
65.5714
65.5714
65.5714
65.5714
65.5714
65.5714
65.5714
65.5714
65.5714
65.5714
65.5714
65.5714
65.5714
65.5714
65.5714
65.5714
65.5714
65.5714
65.5714
65.5714
65.5714
65.5714
65.5714
65.5714
65.5714
65.5714
65.5714
65.5714
65.5714
65.5714
65.5714
65.5714
65.5714
65.5714
65.5714
65.5714
65.5714
65.5714
65.5714
65.5714
65.5714
65.5714
65.5714
65.5714
65.5714
65.5714
65.5714
65.5714
65.5714
65.5714
65.5714
65.5714
65.5714
65.5714
65.5714
65.5714
65.5714
65.5714
65.5714
65.5714
65.5714
65.5714
65.5714
65.5714
65.5714
65.5714
65.5714
65.5714
65.5714
65.5714
65.5714
65.5714
65.5714
65.5714
65.5714
65.5714
65.5714
65.5714
65.5714
65.5714
65.5714
65.5714
65.5714
65.5714
65.5714
65.5714
65.5714
65.5714
65.5714
65.5714
65.5714
65.5714
65.5714
65.5714
65.5714
65.5714
65.5714
65.5714
65.5714
65.5714
65.5714
65.5714
65.5714
65.5714
65.5714
65.5714
65.5714
65.5714
65.5714
65.5714
65.5714
65.5714
65.5714
65.5714
65.5714
65.5714
65.5714
65.5714
65.5714
65.5714
65.5714
65.5714
65.5714
65.5714
65.5714
65.5714
65.5714
65.5714
65.5714
65.5714
65.5714
65.5714
65.5714
65.5714
65.5714
65.5714
65.5714
65.5714
65.5714
65.5714
65.5714
65.5714
65.5714
65.5714
65.5714
65.5714
65.5714
65.5714
65.5714
65.5714
65.5714
65.5714
65.5714
65.5714
65.5714
65.5714
65.5714
65.5714
65.5714
65.5714
65.5714
65.5714
65.5714
65.5714
65.5714
65.5714
65.5714
65.5714
65.5714
65.5714
65.5714
65.5714
65.5714
65.5714
65.5714
65.5714
65.5714
65.5714
65.5714
65.5714
65.5714
65.5714
65.5714
65.5714
65.5714
65.5714
65.5714
65.5714
65.5714
65.5714
65.5714
65.5714
65.5714
65.5714
65.5714
65.5714
65.5714
65.5714
65.5714
65.5714
65.5714
65.5714
65.5714
65.5714
65.5714
65.5714
65.5714
65.5714
65.5714
65.5714
65.5714
65.5714
65.5714
65.5714
65.5714
65.5714
65.5714
65.5714
65.5714
65.5714
65.5714
65.5714
65.5714
65.5714
65.5714
65.5714
65.5714
65.5714
65.5714
65.5714
65.5714
65.5714
65.5714
65.5714
65.5714
65.5714
65.5714
65.5714
65.5714
65.5714
65.5714
65.5714
65.5714
65.5714
65.5714
65.5714
65.5714
65.5714
65.5714
65.5714
65.5714
65.5714
65.5714
65.5714
65.5714
65.5714
65.5714
65.5714
65.5714
65.5714
65.5714
65.5714
65.5714
65.5714
65.5714
65.5714
65.5714
65.5714
65.5714
65.5714
65.5714
65.5714
65.5714
65.5714
65.5714
65.5714
65.5714
65.5714
65.5714
65.5714
65.5714
65.5714
65.5714
65.5714
65.5714
65.5714
65.5714
65.5714
65.5714
65.5714
65.5714
65.5714
65.5714
65.5714
65.5714
65.5714
65.5714
65.5714
65.5714
65.5714
65.5714
65.5714
65.5714
65.5714
65.5714
65.5714
65.5714
65.5714
65.5714
65.5714
65.5714
65.5714
65.5714
65.5714
65.5714
65.5714
65.5714
65.5714
65.5714
65.5714
65.5714
65.5714
65.5714
65.5714
65.5714
65.5714
65.5714
65.5714
65.5714
65.5714
65.5714
65.5714
65.5714
65.5714
65.5714
65.5714
65.5714
65.5714
65.5714
65.5714
65.5714
65.5714
65.5714
65.5714
65.5714
65.5714
65.5714
65.5714
65.5714
65.5714
65.5714
65.5714
65.5714
65.5714
65.5714
65.5714
65.5714
65.5714
65.5714
65.5714
65.5714
65.5714
65.5714
65.5714
65.5714
65.5714
65.5714
65.5714
65.5714
65.5714
65.5714
65.5714
65.5714
65.5714
65.5714
65.5714
65.5714
65.5714
65.5714
65.5714
65.5714
65.5714
65.5714
65.5714
65.5714
65.5714
65.5714
65.5714
65.5714
65.5714
65.5714
65.5714
65.5714
65.5714
65.5714
65.5714
65.5714
65.5714
65.5714
65.5714
65.5714
65.5714
65.5714
65.5714
65.5714
65.5714
65.5714
65.5714
65.5714
65.5714
65.5714
65.5714
65.5714
65.5714
65.5714
65.5714
65.5714
65.5714
65.5714
65.5714
65.5714
65.5714
65.5714
65.5714
65.5714
65.5714
65.5714
65.5714
65.5714
65.5714
65.5714
65.5714
65.5714
65.5714
65.5714
65.5714
65.5714
65.5714
65.5714
65.5714
65.5714
65.5714
65.5714
65.5714
65.5714
65.5714
65.5714
65.5714
65.5714
65.5714
65.5714
65.5714
65.5714
65.5714
65.5714
65.5714
65.5714
65.5714
65.5714
65.5714
65.5714
65.5714
65.5714
65.5714
65.5714
65.5714
65.5714
65.5714
65.5714
65.5714
65.5714
65.5714
65.5714
65.5714
65.5714
65.5714
65.5714
65.5714
65.5714
65.5714
65.5714
65.5714
65.5714
65.5714
65.5714
65.5714
65.5714
65.5714
65.5714
65.5714
65.5714
65.5714
65.5714
65.5714
65.5714
65.5714
65.5714
65.5714
65.5714
65.5714
65.5714
65.5714
65.5714
65.5714
65.5714
65.5714
65.5714
65.5714
65.5714
65.5714
65.5714
65.5714
65.5714
65.5714
65.5714
65.5714
65.5714
65.5714
65.5714
65.5714
65.5714
65.5714
65.5714
65.5714
65.5714
65.5714
65.5714
65.5714
65.5714
65.5714
65.5714
65.5714
65.5714
65.5714
65.5714
65.5714
65.5714
65.5714
65.5714
65.5714
65.5714
65.5714
65.5714
65.5714
65.5714
65.5714
65.5714
65.5714
65.5714
65.5714
65.5714
65.5714
65.5714
65.5714
65.5714
65.5714
65.5714
65.5714
65.5714
65.5714
65.5714
65.5714
65.5714
65.5714
65.5714
65.5714
65.5714
65.5714
65.5714
65.5714
65.5714
65.5714
65.5714
65.5714
65.5714
65.5714
65.5714
65.5714
65.5714
65.5714
65.5714
65.5714
65.5714
65.5714
65.5714
65.5714
65.5714
65.5714
65.5714
65.5714
65.5714
65.5714
65.5714
65.5714
65.5714
65.5714
65.5714
65.5714
65.5714
65.5714
65.5714
65.5714
65.5714
65.5714
65.5714
65.5714
65.5714
65.5714
65.5714
65.5714
65.5714
65.5714
65.5714
65.5714
65.5714
65.5714
65.5714
65.5714
65.5714
65.5714
65.5714
65.5714
65.5714
65.5714
65.5714
65.5714
65.5714
65.5714
65.5714
65.5714
65.5714
65.5714
65.5714
65.5714
65.5714
65.5714
65.5714
65.5714
65.5714
65.5714
65.5714
65.5714
65.5714
65.5714
65.5714
65.5714
65.5714
65.5714
65.5714
65.5714
65.5714
65.5714
65.5714
65.5714
65.5714
65.5714
65.5714
65.5714
65.5714
65.5714
65.5714
65.5714
65.5714
65.5714
65.5714
65.5714
65.5714
65.5714
65.5714
65.5714
65.5714
65.5714
65.5714
65.5714
65.5714
65.5714
65.5714
65.5714
65.5714
65.5714
65.5714
65.5714
65.5714
65.5714
65.5714
65.5714
65.5714
65.5714
65.5714
65.5714
65.5714
65.5714
65.5714
65.5714
65.5714
65.5714
65.5714
65.5714
65.5714
65.5714
65.5714
65.5714
65.5714
65.5714
65.5714
65.5714
65.5714
65.5714
65.5714
65.5714
65.5714
65.5714
65.5714
65.5714
65.5714
65.5714
65.5714
65.5714
65.5714
65.5714
65.5714
65.5714
65.5714
65.5714
65.5714
65.5714
65.5714
65.5714
65.5714
65.5714
65.5714
65.5714
65.5714
65.5714
65.5714
65.5714
65.5714
65.5714
65.5714
65.5714
65.5714
65.5714
65.5714
65.5714
65.5714
65.5714
65.5714
65.5714
65.5714
65.5714
65.5714
65.5714
65.5714
65.5714
65.5714
65.5714
65.5714
65.5714
65.5714
65.5714
65.5714
65.5714
65.5714
65.5714
65.5714
65.5714
65.5714
65.5714
65.5714
65.5714
65.5714
65.5714
65.5714
65.5714
65.5714
65.5714
65.5714
65.5714
65.5714
65.5714
65.5714
65.5714
65.5714
65.5714
65.5714
65.5714
65.5714
65.5714
65.5714
65.5714
65.5714
65.5714
65.5714
65.5714
65.5714
65.5714
65.5714
65.5714
65.5714
65.5714
65.5714
65.5714
65.5714
65.5714
65.5714
65.5714
65.5714
65.5714
65.5714
65.5714
65.5714
65.5714
65.5714
65.5714
65.5714
65.5714
65.5714
65.5714
65.5714
65.5714
65.5714
65.5714
65.5714
65.5714
65.5714
65.5714
65.5714
65.5714
65.5714
65.5714
65.5714
65.5714
65.5714
65.5714
65.5714
65.5714
65.5714
65.5714
65.5714
65.5714
65.5714
65.5714
65.5714
65.5714
65.5714
65.5714
65.5714
65.5714
65.5714
65.5714
65.5714
65.5714
65.5714
65.5714
65.5714
65.5714
65.5714
65.5714
65.5714
65.5714
65.5714
65.5714
65.5714
65.5714
65.5714
65.5714
65.5714
65.5714
65.5714
65.5714
65.5714
65.5714
65.5714
65.5714
65.5714
65.5714
65.5714
65.5714
65.5714
65.5714
65.5714
65.5714
65.5714
65.5714
65.5714
65.5714
65.5714
65.5714
65.5714
65.5714
65.5714
65.5714
65.5714
65.5714
65.5714
65.5714
65.5714
65.5714
65.5714
65.5714
65.5714
65.5714
65.5714
65.5714
65.5714
65.5714
65.5714
65.5714
65.5714
65.5714
65.5714
65.5714
65.5714
65.5714
65.5714
65.5714
65.5714
65.5714
65.5714
65.5714
65.5714
65.5714
65.5714
65.5714
65.5714
65.5714
65.5714
65.5714
65.5714
65.5714
65.5714
65.5714
65.5714
65.5714
65.5714
65.5714
65.5714
65.5714
65.5714
65.5714
65.5714
65.5714
65.5714
65.5714
65.5714
65.5714
65.5714
65.5714
65.5714
65.5714
65.5714
65.5714
65.5714
65.5714
65.5714
65.5714
65.5714
65.5714
65.5714
65.5714
65.5714
65.5714
65.5714
65.5714
65.5714
65.5714
65.5714
65.5714
65.5714
65.5714
65.5714
65.5714
65.5714
65.5714
65.5714
65.5714
65.5714
65.5714
65.5714
65.5714
65.5714
65.5714
65.5714
65.5714
65.5714
65.5714
65.5714
65.5714
65.5714
65.5714
65.5714
65.5714
65.5714
65.5714
65.5714
65.5714
65.5714
65.5714
65.5714
65.5714
65.5714
65.5714
65.5714
65.5714
65.5714
65.5714
65.5714
65.5714
65.5714
65.5714
65.5714
65.5714
65.5714
65.5714
65.5714
65.5714
65.5714
65.5714
65.5714
65.5714
65.5714
65.5714
65.5714
65.5714
65.5714
65.5714
65.5714
65.5714
65.5714
65.5714
65.5714
65.5714
65.5714
65.5714
65.5714
65.5714
65.5714
65.5714
65.5714
65.5714
65.5714
65.5714
65.5714
65.5714
65.5714
65.5714
65.5714
65.5714
65.5714
65.5714
65.5714
65.5714
65.5714
65.5714
65.5714
65.5714
65.5714
65.5714
65.5714
65.5714
65.5714
65.5714
65.5714
65.5714
65.5714
65.5714
65.5714
65.5714
65.5714
65.5714
65.5714
65.5714
65.5714
65.5714
65.5714
65.5714
65.5714
65.5714
65.5714
65.5714
65.5714
65.5714
65.5714
65.5714
65.5714
65.5714
65.5714
65.5714
65.5714
65.5714
65.5714
65.5714
65.5714
65.5714
65.5714
65.5714
65.5714
65.5714
65.5714
65.5714
65.5714
65.5714
65.5714
65.5714
65.5714
65.5714
65.5714
65.5714
65.5714
65.5714
65.5714
65.5714
65.5714
65.5714
65.5714
65.5714
65.5714
65.5714
65.5714
65.5714
65.5714
65.5714
65.5714
65.5714
65.5714
65.5714
65.5714
65.5714
65.5714
65.5714
65.5714
65.5714
65.5714
65.5714
65.5714
65.5714
65.5714
65.5714
65.5714
65.5714
65.5714
65.5714
65.5714
65.5714
65.5714
65.5714
65.5714
65.5714
65.5714
65.5714
65.5714
65.5714
65.5714
65.5714
65.5714
65.5714
65.5714
65.5714
65.5714
65.5714
65.5714
65.5714
65.5714
65.5714
65.5714
65.5714
65.5714
65.5714
65.5714
65.5714
65.5714
65.5714
65.5714
65.5714
65.5714
65.5714
65.5714
65.5714
65.5714
65.5714
65.5714
65.5714
65.5714
65.5714
65.5714
65.5714
65.5714
65.5714
65.5714
65.5714
65.5714
65.5714
65.5714
65.5714
65.5714
65.5714
65.5714
65.5714
65.5714
65.5714
65.5714
65.5714
65.5714
65.5714
65.5714
65.5714
65.5714
65.5714
65.5714
65.5714
65.5714
65.5714
65.5714
65.5714
65.5714
65.5714
65.5714
65.5714
65.5714
65.5714
65.5714
65.5714
65.5714
65.5714
65.5714
65.5714
65.5714
65.5714
65.5714
65.5714
65.5714
65.5714
65.5714
65.5714
65.5714
65.5714
65.5714
65.5714
65.5714
65.5714
65.5714
65.5714
65.5714
65.5714
65.5714
65.5714
65.5714
65.5714
65.5714
65.5714
65.5714
65.5714
65.5714
65.5714
65.5714
65.5714
65.5714
65.5714
65.5714
65.5714
65.5714
65.5714
65.5714
65.5714
65.5714
65.5714
65.5714
65.5714
65.5714
65.5714
65.5714
65.5714
65.5714
65.5714
65.5714
65.5714
65.5714
65.5714
65.5714
65.5714
65.5714
65.5714
65.5714
65.5714
65.5714
65.5714
65.5714
65.5714
65.5714
65.5714
65.5714
65.5714
65.5714
65.5714
65.5714
65.5714
65.5714
65.5714
65.5714
65.5714
65.5714
65.5714
65.5714
65.5714
65.5714
65.5714
65.5714
65.5714
65.5714
65.5714
65.5714
65.5714
65.5714
65.5714
65.5714
65.5714
65.5714
65.5714
65.5714
65.5714
65.5714
65.5714
65.5714
65.5714
65.5714
65.5714
65.5714
65.5714
65.5714
65.5714
65.5714
65.5714
65.5714
65.5714
65.5714
65.5714
65.5714
65.5714
65.5714
65.5714
65.5714
65.5714
65.5714
65.5714
65.4397
65.4397
65.4397
65.4397
65.3812
65.3812
65.3812
65.3812
65.3812
65.3812
65.3812
65.3812
65.3812
65.3812
65.3812
65.3812
65.3812
65.3812
65.3812
65.3812
65.3812
65.3812
65.3812
65.3812
65.3812
65.3812
65.3812
65.3812
65.3812
65.3812
65.3812
65.3812
65.3812
65.3812
65.3812
65.3812
65.3812
65.3812
65.3812
65.3812
65.3812
65.3812
65.3812
65.3812
65.3812
65.3812
65.3812
65.3812
65.3812
65.3812
65.3812
65.3812
65.3812
65.3812
65.3812
65.3812
65.3812
65.3812
65.3812
65.3812
65.3812
65.3812
65.3812
65.3812
65.3812
65.3812
65.3812
65.3812
65.3812
65.3812
65.3812
65.3812
65.3812
65.3812
65.3812
65.3812
65.3812
65.3812
65.3812
65.3812
65.3812
65.3812
65.3812
65.3812
65.3812
65.3812
65.3812
65.3812
65.3812
65.3812
65.3812
65.3812
65.3812
65.3812
65.3812
65.3812
65.3812
65.3812
65.3812
65.3812
65.3812
65.3812
65.3812
65.3812
65.3812
65.3812
65.3812
65.3812
65.3812
65.3812
65.3812
65.3812
65.3812
65.3812
65.3812
65.3812
65.3812
65.3812
65.3812
65.3812
65.3812
65.3812
65.3812
65.3812
65.3812
65.3812
65.3812
65.3812
65.3812
65.3812
65.3812
65.3812
65.3812
65.3812
65.3812
65.3812
65.3812
65.3812
65.3812
65.3812
65.3812
65.3812
65.3812
65.3812
65.3812
65.3812
65.3812
65.3812
65.3812
65.3812
65.3812
65.3812
65.3812
65.3812
65.3812
65.3812
65.3812
65.3812
65.3812
65.3812
65.3812
65.3812
65.3812
65.3812
65.3812
65.3812
65.3812
65.3812
65.3812
65.3812
65.3812
65.3812
65.3812
65.3812
65.3812
65.3812
65.3812
65.3812
65.3812
65.3812
65.3812
65.3812
65.3812
65.3812
65.3812
65.3812
65.3812
65.3812
65.3812
65.3812
65.3812
65.3812
65.3812
65.3812
65.3812
65.3812
65.3812
65.3812
65.3812
65.3812
65.3812
65.3812
65.3812
65.3812
65.3812
65.3812
65.3812
65.3812
65.3812
65.3812
65.3812
65.3812
65.3812
65.3812
65.3812
65.3812
65.3812
65.3812
65.3812
65.3812
65.3812
65.3812
65.3812
65.3812
65.3812
65.3812
65.3812
65.3812
65.3812
65.3812
65.3812
65.3812
65.3812
65.3812
65.3812
65.3812
65.3812
65.3812
65.3812
65.3812
65.3812
65.3812
65.3812
65.3812
65.3812
65.3812
65.3812
65.3812
65.3812
65.3812
65.3812
65.3812
65.3812
65.3812
65.3812
65.3812
65.3812
65.3812
65.3812
65.3812
65.3812
65.3812
65.3812
65.3812
65.3812
65.3812
65.3812
65.3812
65.3812
65.3812
65.3812
65.3812
65.3812
65.3812
65.3812
65.3812
65.3812
65.3812
65.3812
65.3812
65.3812
65.3812
65.3812
65.3812
65.3812
65.3812
65.3812
65.3812
65.3812
65.3812
65.3812
65.3812
65.3812
65.3812
65.3812
65.3812
65.3812
65.3812
65.3812
65.3812
65.3812
65.3812
65.3812
65.3812
65.3812
65.3812
65.3812
65.3812
65.3812
65.3812
65.3812
65.3812
65.3812
65.3812
65.3812
65.3812
65.3812
65.3812
65.3812
65.3812
65.3812
65.3812
65.3812
65.3812
65.3812
65.3812
65.3812
65.3812
65.3812
65.3812
65.3812
65.3812
65.3812
65.3812
65.3812
65.3812
65.3812
65.3812
65.3812
65.3812
65.3812
65.3812
65.3812
65.3812
65.3812
65.3812
65.3812
65.3812
65.3812
65.3812
65.3812
65.3812
65.3812
65.3812
65.3812
65.3812
65.3812
65.3812
65.3812
65.3812
65.3812
65.3812
65.3812
65.3812
65.3812
65.3812
65.3812
65.3812
65.3812
65.3812
65.3812
65.3812
65.3812
65.3812
65.3812
65.3812
65.3812
65.3812
65.3812
65.3812
65.3812
65.3812
65.3812
65.3812
65.3812
65.3812
65.3812
65.3812
65.3812
65.3812
65.3812
65.3812
65.3812
65.3812
65.3812
65.3812
65.3812
65.3812
65.3812
65.3812
65.3812
65.3812
65.3812
65.3812
65.3812
65.3812
65.3812
65.3812
65.3812
65.3812
65.3812
65.3812
65.3812
65.3812
65.3812
65.3812
65.3812
65.3812
65.3812
65.3812
65.3812
65.3812
65.3812
65.3812
65.3812
65.3812
65.3812
65.3812
65.3812
65.3812
65.3812
65.3812
65.3812
65.3812
65.3812
65.3812
65.3812
65.3812
65.3812
65.3812
65.3812
65.3812
65.3812
65.3812
65.3812
65.3812
65.3812
65.3812
65.3812
65.3812
65.3812
65.3812
65.3812
65.3812
65.3812
65.3812
65.3812
65.3812
65.3812
65.3812
65.3812
65.3812
65.3812
65.3812
65.3812
65.3812
65.3812
65.3812
65.3812
65.3812
65.3812
65.3812
65.3812
65.3812
65.3812
65.3812
65.3812
65.3812
65.3812
65.3812
65.3812
65.3812
65.3812
65.3812
65.3812
65.3812
65.3812
65.3812
65.3812
65.3812
65.3812
65.3812
65.3812
65.3812
65.3812
65.3812
65.3812
65.3812
65.3812
65.3812
65.1253
65.1253
65.1253
65.1253
65.1253
65.1253
65.1253
65.1253
65.1253
65.1253
65.1253
65.1253
65.1253
65.1253
65.1253
65.1253
65.1253
65.1253
65.1253
65.1253
65.1253
65.1253
65.1253
65.1253
65.1253
65.1253
65.1253
65.1253
65.1253
65.1253
65.1253
65.1253
65.1253
65.1253
65.1253
65.1253
65.1253
65.1253
65.1253
65.1253
65.1253
65.1253
65.1253
65.1253
65.1253
65.1253
65.1253
65.1253
65.1253
65.1253
65.1253
65.1253
65.1253
65.1253
65.1253
65.1253
65.1253
65.1253
65.1253
65.1253
65.1253
65.1253
65.1253
65.1253
65.1253
65.1253
65.1253
65.1253
65.1253
65.1253
65.1253
65.1253
65.1253
65.1253
65.1253
65.1253
65.1253
65.1253
65.1253
65.1253
65.1253
65.1253
65.1253
65.1253
65.1253
65.1253
65.1253
65.1253
65.1253
65.1253
65.1253
65.1253
65.1253
65.1253
65.1253
65.1253
65.1253
65.1253
65.1253
65.1253
65.1253
65.1253
65.1253
65.1253
65.1253
65.1253
65.1253
65.1253
65.1253
65.1253
65.1253
65.1253
65.1253
65.1253
65.1253
65.1253
65.1253
65.1253
65.1253
65.1253
65.1253
65.1253
65.1253
65.1253
65.1253
65.1253
65.1253
65.1253
65.1253
65.1253
65.1253
65.1253
65.1253
65.1253
65.1253
65.1253
65.1253
65.1253
65.1253
65.1253
65.1253
65.1253
65.1253
65.1253
65.1253
65.1253
65.1253
65.1253
65.1253
65.1253
65.1253
65.1253
65.1253
65.1253
65.1253
65.1253
65.1253
65.1253
65.1253
65.1253
65.1253
65.1253
65.1253
65.1253
65.1253
65.1253
65.1253
65.1253
65.1253
65.1253
65.1253
65.1253
65.1253
65.1253
65.1253
65.1253
65.1253
65.1253
65.1253
65.1253
65.1253
65.1253
65.1253
65.1253
65.1253
65.1253
65.1253
65.1253
65.1253
65.1253
65.1253
65.1253
65.1253
65.1253
65.1253
65.1253
65.1253
65.1253
65.1253
65.1253
65.1253
65.1253
65.1253
65.1253
65.1253
65.1253
65.1253
65.1253
65.1253
65.1253
65.1253
65.1253
65.1253
65.1253
65.1253
65.1253
65.1253
65.1253
65.1253
65.1253
65.1253
65.1253
65.1253
65.1253
65.1253
65.1253
65.1253
65.1253
65.1253
65.1253
65.1253
65.1253
65.1253
65.1253
65.1253
65.1253
65.1253
65.1253
65.1253
65.1253
65.1253
65.1253
65.1253
65.1253
65.1253
65.1253
65.1253
65.1253
65.1253
65.1253
65.1253
65.1253
65.1253
65.1253
65.1253
65.1253
65.1253
65.1253
65.1253
65.1253
65.1253
65.1253
65.1253
65.1253
65.1253
65.1253
65.1253
65.1253
65.1253
65.1253
65.1253
65.1253
65.1253
65.1253
65.1253
65.1253
65.1253
65.1253
65.1253
65.1253
65.1253
65.1253
65.1253
65.1253
65.1253
65.1253
65.1253
65.1253
65.1253
65.1253
65.1253
65.1253
65.1253
65.1253
65.1253
65.1253
65.1253
65.1253
65.1253
65.1253
65.1253
65.1253
65.1253
65.1253
65.1253
65.1253
65.1253
65.1253
65.1253
65.1253
65.1253
65.1253
65.1253
65.1253
65.1253
65.1253
65.1253
65.1253
65.1253
65.1253
65.1253
65.1253
65.1253
65.1253
65.1253
65.1253
65.1253
65.1253
65.1253
65.1253
65.1253
65.1253
65.1253
65.1253
65.1253
65.1253
65.1253
65.1253
65.1253
65.1253
65.1253
65.1253
65.1253
65.1253
65.1253
65.1253
65.1253
65.1253
65.1253
65.1253
65.1253
65.1253
65.1253
65.1253
65.1253
65.1253
65.1253
65.1253
65.1253
65.1253
65.1253
65.1253
65.1253
65.1253
65.1253
65.1253
65.1253
65.1253
65.1253
65.1253
65.1253
65.1253
65.1253
65.1253
65.1253
65.1253
65.1253
65.1253
65.1253
65.1253
65.1253
65.1253
65.1253
65.1253
65.1253
65.1253
65.1253
65.1253
65.1253
65.1253
65.1253
65.1253
65.1253
65.1253
65.1253
65.1253
65.1253
65.1253
65.1253
65.1253
65.1253
65.1253
65.1253
65.1253
65.1253
65.1253
65.1253
65.1253
65.1253
65.1253
65.1253
65.1253
65.1253
65.1253
65.1253
65.1253
65.1253
65.1253
65.1253
65.1253
65.1253
65.1253
65.1253
65.1253
65.1253
65.1253
65.1253
65.1253
65.1253
65.1253
65.1253
65.1253
65.1253
65.1253
65.1253
65.1253
65.1253
65.1253
65.1253
65.1253
65.1253
65.1253
65.1253
65.1253
65.1253
65.1253
65.1253
65.1253
65.1253
65.1253
65.1253
65.1253
65.1253
65.1253
65.1253
65.1253
65.1253
65.1253
65.1253
65.1253
65.1253
65.1253
65.1253
65.1253
65.1253
65.1253
65.1253
65.1253
65.1253
65.1253
65.1253
65.1253
65.1253
65.1253
65.1253
65.1253
65.1253
65.1253
65.1253
65.1253
65.1253
65.1253
65.1253
65.1253
65.1253
65.1253
65.1253
65.1253
65.1253
65.1253
65.1253
65.1253
65.1253
65.1253
65.1253
65.1253
65.1253
65.1253
65.1253
65.1253
65.1253
65.1253
65.1253
65.1253
65.1253
65.1253
65.1253
65.1253
65.1253
65.1253
65.1253
65.1253
65.1253
65.1253
65.1253
65.1253
65.1253
65.1253
65.1253
65.1253
65.1253
65.1253
65.1253
65.1253
65.1253
65.1253
65.1253
65.1253
65.1253
65.1253
65.1253
65.1253
65.1253
65.1253
65.1253
65.1253
65.1253
65.1253
65.1253
65.1253
65.1253
65.1253
65.1253
65.1253
65.1253
65.1253
65.1253
65.1253
65.1253
65.1253
65.1253
65.1253
65.1253
65.1253
65.1253
65.1253
65.1253
65.1253
65.1253
65.1253
65.1253
65.1253
65.1253
65.1253
65.1253
65.1253
65.1253
65.1253
65.1253
65.1253
65.1253
65.1253
65.1253
65.1253
65.1253
65.1253
65.1253
65.1253
65.1253
65.1253
65.1253
65.1253
65.1253
65.1253
65.1253
65.1253
65.1253
65.1253
65.1253
65.1253
65.1253
65.1253
65.1253
65.1253
65.1253
65.1253
65.1253
65.1253
65.1253
65.1253
65.1253
65.1253
65.1253
65.1253
65.1253
65.1253
65.1253
65.1253
65.1253
65.1253
65.1253
65.1253
65.1253
65.1253
65.1253
65.1253
65.1253
65.1253
65.1253
65.1253
65.1253
65.1253
65.1253
65.1253
65.1253
65.1253
65.1253
65.1253
65.1253
65.1253
65.1253
65.1253
65.1253
65.1253
65.1253
65.1253
65.1253
65.1253
65.1253
65.1253
65.1253
65.1253
65.1253
65.1253
65.1253
65.1253
65.1253
65.1253
65.1253
65.1253
65.1253
65.1253
65.1253
65.1253
65.1253
65.1253
65.1253
65.1253
65.1253
65.1253
65.1253
65.1253
65.1253
65.1253
65.1253
65.1253
65.1253
65.1253
65.1253
65.1253
65.1253
65.1253
65.1253
65.1253
65.1253
65.1253
65.1253
65.1253
65.1253
65.1253
65.1253
65.1253
65.1253
65.1253
65.1253
65.1253
65.1253
65.1253
65.1253
65.1253
65.1253
65.1253
65.1253
65.1253
65.1253
65.1253
65.1253
65.1253
65.1253
65.1253
65.1253
65.1253
65.1253
65.1253
65.1253
65.1253
65.1253
65.1253
65.1253
65.1253
65.1253
65.1253
65.1253
65.1253
65.1253
65.1253
65.1253
65.1253
65.1253
65.1253
65.1253
65.1253
65.1253
65.1253
65.1253
65.1253
65.1253
65.1253
65.1253
65.1253
65.1253
65.1253
65.1253
65.1253
65.1253
65.1253
65.1253
65.1253
65.1253
65.1253
65.1253
65.1253
65.1253
65.1253
65.1253
65.1253
65.1253
65.1253
65.1253
65.1253
65.1253
65.1253
65.1253
65.1253
65.1253
65.1253
65.1253
65.1253
65.1253
65.1253
65.1253
65.1253
65.1253
65.1253
65.1253
65.1253
65.1253
65.1253
65.1253
65.1253
65.1253
65.1253
65.1253
65.1253
65.1253
65.1253
65.1253
65.1253
65.1253
65.1253
65.1253
65.1253
65.1253
65.1253
65.1253
65.1253
65.1253
65.1253
65.1253
65.1253
65.1253
65.1253
65.1253
65.1253
65.1253
65.1253
65.1253
65.1253
65.1253
65.1253
65.1253
65.1253
65.1253
65.1253
65.1253
65.1253
65.1253
65.1253
65.1253
65.1253
65.1253
65.1253
65.1253
65.1253
65.1253
65.1253
65.1253
65.1253
65.1253
65.1253
65.1253
65.1253
65.1253
65.1253
65.1253
65.1253
65.1253
65.1253
65.1253
65.1253
65.1253
65.1253
65.1253
65.1253
65.1253
65.1253
65.1253
65.1253
65.1253
65.1253
65.1253
65.1253
65.1253
65.1253
65.1253
65.1253
65.1253
65.1253
65.1253
65.1253
65.1253
65.1253
65.1253
65.1253
65.1253
65.1253
65.1253
65.1253
65.1253
65.1253
65.1253
65.1253
65.1253
65.1253
65.1253
65.1253
65.1253
65.1253
65.1253
65.1253
65.1253
65.1253
65.1253
65.1253
65.1253
65.1253
65.1253
65.1253
65.1253
65.1253
65.1253
65.1253
65.1253
65.1253
65.1253
65.1253
65.1253
65.1253
65.1253
65.1253
65.1253
65.1253
65.1253
65.1253
65.1253
65.1253
65.1253
65.1253
65.1253
65.1253
65.1253
65.1253
65.1253
65.1253
65.1253
65.1253
65.1253
65.1253
65.1253
65.1253
65.1253
65.1253
65.1253
65.1253
65.1253
65.1253
65.1253
65.1253
65.1253
65.1253
65.1253
65.1253
65.1253
65.1253
65.1253
65.1253
65.1253
65.1253
65.1253
65.1253
65.1253
65.1253
65.1253
65.1253
65.1253
65.1253
65.1253
65.1253
65.1253
65.1253
65.1253
65.1253
65.1253
65.1253
65.1253
65.1253
65.1253
65.1253
65.1253
65.1253
65.1253
65.1253
65.1253
65.1253
65.1253
65.1253
65.1253
65.1253
65.1253
65.1253
65.1253
65.1253
65.1253
65.1253
65.1253
65.1253
65.1253
65.1253
65.1253
65.1253
65.1253
65.1253
65.1253
65.1253
65.1253
65.1253
65.1253
65.1253
65.1253
65.1253
65.1253
65.1253
65.1253
65.1253
65.1253
65.1253
65.1253
65.1253
65.1253
65.1253
65.1253
65.1253
65.1253
65.1253
65.1253
65.1253
65.1253
65.1253
65.1253
65.1253
65.1253
65.1253
65.1253
65.1253
65.1253
65.1253
65.1253
65.1253
65.1253
65.1253
65.1253
65.1253
65.1253
65.1253
65.1253
65.1253
65.1253
65.1253
65.1253
65.1253
65.1253
65.1253
65.1253
65.1253
65.1253
65.1253
65.1253
65.1253
65.1253
65.1253
65.1253
65.1253
65.1253
65.1253
65.1253
65.1253
65.1253
65.1253
65.1253
65.1253
65.1253
65.1253
65.1253
65.1253
65.1253
65.1253
65.1253
65.1253
65.1253
65.1253
65.1253
65.1253
65.1253
65.1253
65.1253
65.1253
65.1253
65.1253
65.1253
65.1253
65.1253
65.1253
65.1253
65.1253
65.1253
65.1253
65.1253
65.1253
65.1253
65.1253
65.1253
65.1253
65.1253
65.1253
65.1253
65.1253
65.1253
65.1253
65.1253
65.1253
65.1253
65.1253
65.1253
65.1253
65.1253
65.1253
65.1253
65.1253
65.1253
65.1253
65.1253
65.1253
65.1253
65.1253
65.1253
65.1253
65.1253
65.1253
65.1253
65.1253
65.1253
65.1253
65.1253
65.1253
65.1253
65.1253
65.1253
65.1253
65.1253
65.1253
65.1253
65.1253
65.1253
65.1253
65.1253
65.1253
65.1253
65.1253
65.1253
65.1253
65.1253
65.1253
65.1253
65.1253
65.1253
65.1253
65.1253
65.1253
65.1253
65.1253
65.1253
65.1253
65.1253
65.1253
65.1253
65.1253
65.1253
65.1253
65.1253
65.1253
65.1253
65.1253
65.1253
65.1253
65.1253
65.1253
65.1253
65.1253
65.1253
65.1253
65.1253
65.1253
65.1253
65.1253
65.1253
65.1253
65.1253
65.1253
65.1253
65.1253
65.1253
65.1253
65.1253
65.1253
65.1253
65.1253
65.1253
65.1253
65.1253
65.1253
65.1253
65.1253
65.1253
65.1253
65.1253
65.1253
65.1253
65.1253
65.1253
65.1253
65.1253
65.1253
65.1253
65.1253
65.1253
65.1253
65.1253
65.1253
65.1253
65.1253
65.1253
65.1253
65.1253
65.1253
65.1253
65.1253
65.1253
65.1253
65.1253
65.1253
65.1253
65.1253
65.1253
65.1253
65.1253
65.1253
65.1253
65.1253
65.1253
65.1253
65.1253
65.1253
65.1253
65.1253
65.1253
65.1253
65.1253
65.1253
65.1253
65.1253
65.1253
65.1253
65.1253
65.1253
65.1253
65.1253
65.1253
65.1253
65.1253
65.1253
65.1253
65.1253
65.1253
65.1253
65.1253
65.1253
65.1253
65.1253
65.1253
65.1253
65.1253
65.1253
65.1253
65.1253
65.1253
65.1253
65.1253
65.1253
65.1253
65.1253
65.1253
65.1253
65.1253
65.1253
65.1253
65.1253
65.1253
65.1253
65.1253
65.1253
65.1253
65.1253
65.1253
65.1253
65.1253
65.1253
65.1253
65.1253
65.1253
65.1253
65.1253
65.1253
65.1253
65.1253
65.1253
65.1253
65.1253
65.1253
65.1253
65.1253
65.1253
65.1253
65.1253
65.1253
65.1253
65.1253
65.1253
65.1253
65.1253
65.1253
65.1253
65.1253
65.1253
65.1253
65.1253
65.1253
65.1253
65.1253
65.1253
65.1253
65.1253
65.1253
65.1253
65.1253
65.1253
65.1253
65.1253
65.1253
65.1253
65.1253
65.1253
65.1253
65.1253
65.1253
65.1253
65.1253
65.1253
65.1253
65.1253
65.1253
65.1253
65.1253
65.1253
65.1253
65.1253
65.1253
65.1253
65.1253
65.1253
65.1253
65.1253
65.1253
65.1253
65.1253
65.1253
65.1253
65.1253
65.1253
65.1253
65.1253
65.1253
65.1253
65.1253
65.1253
65.1253
65.1253
65.1253
65.1253
65.1253
65.1253
65.1253
65.1253
65.1253
65.1253
65.1253
65.1253
65.1253
65.1253
65.1253
65.1253
65.1253
65.1253
65.1253
65.1253
65.1253
65.1253
65.1253
65.1253
65.1253
65.1253
65.1253
65.1253
65.1253
65.1253
65.1253
65.1253
65.1253
65.1253
65.1253
65.1253
65.1253
65.1253
65.1253
65.1253
65.1253
65.1253
65.1253
65.1253
65.1253
65.1253
65.1253
65.1253
65.1253
65.1253
65.1253
65.1253
65.1253
65.1253
65.1253
65.1253
65.1253
65.1253
65.1253
65.1253
65.1253
65.1253
65.1253
65.1253
65.1253
65.1253
65.1253
65.1253
65.1253
65.1253
65.1253
65.1253
65.1253
65.1253
65.1253
65.1253
65.1253
65.1253
65.1253
65.1253
65.1253
65.1253
65.1253
65.1253
65.1253
65.1253
65.1253
65.1253
65.1253
65.1253
65.1253
65.1253
65.1253
65.1253
65.1253
65.1253
65.1253
65.1253
65.1253
65.1253
65.1253
65.1253
65.1253
65.1253
65.1253
65.1253
65.1253
65.1253
65.1253
65.1253
65.1253
65.1253
65.1253
65.1253
65.1253
65.1253
65.1253
65.1253
65.1253
65.1253
65.1253
65.1253
65.1253
65.1253
65.1253
65.1253
65.1253
65.1253
65.1253
65.1253
65.1253
65.1253
65.1253
65.1253
65.1253
65.1253
65.1253
65.1253
65.1253
65.1253
65.1253
65.1253
65.1253
65.1253
65.1253
65.1253
65.1253
65.1253
65.1253
65.1253
65.1253
65.1253
65.1253
65.1253
65.1253
65.1253
65.1253
65.1253
65.1253
65.1253
65.1253
65.1253
65.1253
65.1253
65.1253
65.1253
65.1253
65.1253
65.1253
65.1253
65.1253
65.1253
65.1253
65.1253
65.1253
65.1253
65.1253
65.1253
65.1253
65.1253
65.1253
65.1253
65.1253
65.1253
65.1253
65.1253
65.1253
65.1253
65.1253
65.1253
65.1253
65.1253
65.1253
65.1253
65.1253
65.1253
65.1253
65.1253
65.1253
65.1253
65.1253
65.1253
65.1253
65.1253
65.1253
65.1253
65.1253
65.1253
65.1253
65.1253
65.1253
65.1253
65.1253
65.1253
65.1253
65.1253
65.1253
65.1253
65.1253
65.1253
65.1253
65.1253
65.1253
65.1253
65.1253
65.1253
65.1253
65.1253
65.1253
65.1253
65.1253
65.1253
65.1253
65.1253
65.1253
65.1253
65.1253
65.1253
65.1253
65.1253
65.1253
65.1253
65.1253
65.1253
65.1253
65.1253
65.1253
65.1253
65.1253
65.1253
65.1253
65.1253
65.1253
65.1253
65.1253
65.1253
65.1253
65.1253
65.1253
65.1253
65.1253
65.1253
65.1253
65.1253
65.1253
65.1253
65.1253
65.1253
65.1253
65.1253
65.1253
65.1253
65.1253
65.1253
65.1253
65.1253
65.1253
65.1253
65.1253
65.1253
65.1253
65.1253
65.1253
65.1253
65.1253
65.1253
65.1253
65.1253
65.1253
65.1253
65.1253
65.1253
65.1253
65.1253
65.1253
65.1253
65.1253
65.1253
65.1253
65.1253
65.1253
65.1253
65.1253
65.1253
65.1253
65.1253
65.1253
65.1253
65.1253
65.1253
65.1253
65.1253
65.1253
65.1253
65.1253
65.1253
65.1253
65.1253
65.1253
65.1253
65.1253
65.1253
65.1253
65.1253
65.1253
65.1253
65.1253
65.1253
65.1253
65.1253
65.1253
65.1253
65.1253
65.1253
65.1253
65.1253
65.1253
65.1253
65.1253
65.1253
65.1253
65.1253
65.1253
65.1253
65.1253
65.1253
65.1253
65.1253
65.1253
65.1253
65.1253
65.1253
65.1253
65.1253
65.1253
65.1253
65.1253
65.1253
65.1253
65.1253
65.1253
65.1253
65.1253
65.1253
65.1253
65.1253
65.1253
65.1253
65.1253
65.1253
65.1253
65.1253
65.1253
65.1253
65.1253
65.1253
65.1253
65.1253
65.1253
65.1253
65.1253
65.1253
65.1253
65.1253
65.1253
65.1253
65.1253
65.1253
65.1253
65.1253
65.1253
65.1253
65.1253
65.1253
65.1253
65.1253
65.1253
65.1253
65.1253
65.1253
65.1253
65.1253
65.1253
65.1253
65.1253
65.1253
65.1253
65.1253
65.1253
65.1253
65.1253
65.1253
65.1253
65.1253
65.1253
65.1253
65.1253
65.1253
65.1253
65.1253
65.1253
65.1253
65.1253
65.1253
65.1253
65.1253
65.1253
65.1253
65.1253
65.1253
65.1253
65.1253
65.1253
65.1253
65.1253
65.1253
65.1253
65.1253
65.1253
65.1253
65.1253
65.1253
65.1253
65.1253
65.1253
65.1253
65.1253
65.1253
65.1253
65.1253
65.1253
65.1253
65.1253
65.1253
65.1253
65.1253
65.1253
65.1253
65.1253
65.1253
65.1253
65.1253
65.1253
65.1253
65.1253
65.1253
65.1253
65.1253
65.1253
65.1253
65.1253
65.1253
65.1253
65.1253
65.1253
65.1253
65.1253
65.1253
65.1253
65.1253
65.1253
65.1253
65.1253
65.1253
65.1253
65.1253
65.1253
65.1253
65.1253
65.1253
65.1253
65.1253
65.1253
65.1253
65.1253
65.1253
65.1253
65.1253
65.1253
65.1253
65.1253
65.1253
65.1253
65.1253
65.1253
65.1253
65.1253
65.1253
65.1253
65.1253
65.1253
65.1253
65.1253
65.1253
65.1253
65.1253
65.1253
65.1253
65.1253
65.1253
65.1253
65.1253
65.1253
65.1253
65.1253
65.1253
65.1253
65.1253
65.1253
65.1253
65.1253
65.1253
65.1253
65.1253
65.1253
65.1253
65.1253
65.1253
65.1253
65.1253
65.1253
65.1253
65.1253
65.1253
65.1253
65.1253
65.1253
65.1253
65.1253
65.1253
65.1253
65.1253
65.1253
65.1253
65.1253
65.1253
65.1253
65.1253
65.1253
65.1253
65.1253
65.1253
65.1253
65.1253
65.1253
65.1253
65.1253
65.1253
65.1253
65.1253
65.1253
65.1253
65.1253
65.1253
65.1253
65.1253
65.1253
65.1253
65.1253
65.1253
65.1253
65.1253
65.1253
65.1253
65.1253
65.1253
65.1253
65.1253
65.1253
65.1253
65.1253
65.1253
65.1253
65.1253
65.1253
65.1253
65.1253
65.1253
65.1253
65.1253
65.1253
65.1253
65.1253
65.1253
65.1253
65.1253
65.1253
65.1253
65.1253
65.1253
65.1253
65.1253
65.1253
65.1253
65.1253
65.1253
65.1253
65.1253
65.1253
65.1253
65.1253
65.1253
65.1253
65.1253
65.1253
65.1253
65.1253
65.1253
65.1253
65.1253
65.1253
65.1253
65.1253
65.1253
65.1253
65.1253
65.1253
65.1253
65.1253
65.1253
65.1253
65.1253
65.1253
65.1253
65.1253
65.1253
65.1253
65.1253
65.1253
65.1253
65.1253
65.1253
65.1253
65.1253
65.1253
65.1253
65.1253
65.1253
65.1253
65.1253
65.1253
65.1253
65.1253
65.1253
65.1253
65.1253
65.1253
65.1253
65.1253
65.1253
65.1253
65.1253
65.1253
65.1253
65.1253
65.1253
65.1253
65.1253
65.1253
65.1253
65.1253
65.1253
65.1253
65.1253
65.1253
65.1253
65.1253
65.1253
65.1253
65.1253
65.1253
65.1253
65.1253
65.1253
65.1253
65.1253
65.1253
65.1253
65.1253
65.1253
65.1253
65.1253
65.1253
65.1253
65.1253
65.1253
65.1253
65.1253
65.1253
65.1253
65.1253
65.1253
65.1253
65.1253
65.1253
65.1253
65.1253
65.1253
65.1253
65.1253
65.1253
65.1253
65.1253
65.1253
65.1253
65.1253
65.1253
65.1253
65.1253
65.1253
65.1253
65.1253
65.1253
65.1253
65.1253
65.1253
65.1253
65.1253
65.1253
65.1253
65.1253
65.1253
65.1253
65.1253
65.1253
65.1253
65.1253
65.1253
65.1253
65.1253
65.1253
65.1253
65.1253
65.1253
65.1253
65.1253
65.1253
65.1253
65.1253
65.1253
65.1253
65.1253
65.1253
65.1253
65.1253
65.1253
65.1253
65.1253
65.1253
65.1253
65.1253
65.1253
65.1253
65.1253
65.1253
65.1253
65.1253
65.1253
65.1253
65.1253
65.1253
65.1253
65.1253
65.1253
65.1253
65.1253
65.1253
65.1253
65.1253
65.1253
65.1253
65.1253
65.1253
65.1253
65.1253
65.1253
65.1253
65.1253
65.1253
65.1253
65.1253
65.1253
65.1253
65.1253
65.1253
65.1253
65.1253
65.1253
65.1253
65.1253
65.1253
65.1253
65.1253
65.1253
65.1253
65.1253
65.1253
65.1253
65.1253
65.1253
65.1253
65.1253
65.1253
65.1253
65.1253
65.1253
65.1253
65.1253
65.1253
65.1253
65.1253
65.1253
65.1253
65.1253
65.1253
65.1253
65.1253
65.1253
65.1253
65.1253
65.1253
65.1253
65.1253
65.1253
65.1253
65.1253
65.1253
65.1253
65.1253
65.1253
65.1253
65.1253
65.1253
65.1253
65.1253
65.1253
65.1253
65.1253
65.1253
65.1253
65.1253
65.1253
65.1253
65.1253
65.1253
65.1253
65.1253
65.1253
65.1253
65.1253
65.1253
65.1253
65.1253
65.1253
65.1253
65.1253
65.1253
65.1253
65.1253
65.1253
65.1253
65.1253
65.1253
65.1253
65.1253
65.1253
65.1253
65.1253
65.1253
65.1253
65.1253
65.1253
65.1253
65.1253
65.1253
65.1253
65.1253
65.1253
65.1253
65.1253
65.1253
65.1253
65.1253
65.1253
65.1253
65.1253
65.1253
65.1253
65.1253
65.1253
65.1253
65.1253
65.1253
65.1253
65.1253
65.1253
65.1253
65.1253
65.1253
65.1253
65.1253
65.1253
65.1253
65.1253
65.1253
65.1253
65.1253
65.1253
65.1253
65.1253
65.1253
65.1253
65.1253
65.1253
65.1253
65.1253
65.1253
65.1253
65.1253
65.1253
65.1253
65.1253
65.1253
65.1253
65.1253
65.1253
65.1253
65.1253
65.1253
65.1253
65.1253
65.1253
65.1253
65.1253
65.1253
65.1253
65.1253
65.1253
65.1253
65.1253
65.1253
65.1253
65.1253
65.1253
65.1253
65.1253
65.1253
65.1253
65.1253
65.1253
65.1253
65.1253
65.1253
65.1253
65.1253
65.1253
65.1253
65.1253
65.1253
65.1253
65.1253
65.1253
65.1253
65.1253
65.1253
65.1253
65.1253
65.1253
65.1253
65.1253
65.1253
65.1253
65.1253
65.1253
65.1253
65.1253
65.1253
65.1253
65.1253
65.1253
65.1253
65.1253
65.1253
65.1253
65.1253
65.1253
65.1253
65.1253
65.1253
65.1253
65.1253
65.1253
65.1253
65.1253
65.1253
65.1253
65.1253
65.1253
65.1253
65.1253
65.1253
65.1253
65.1253
65.1253
65.1253
65.1253
65.1253
65.1253
65.1253
65.1253
65.1253
65.1253
65.1253
65.1253
65.1253
65.1253
65.1253
65.1253
65.1253
65.1253
65.1253
65.1253
65.1253
65.1253
65.1253
65.1253
65.1253
65.1253
65.1253
65.1253
65.1253
65.1253
65.1253
65.1253
65.1253
65.1253
65.1253
65.1253
65.1253
65.1253
65.1253
65.1253
65.1253
65.1253
65.1253
65.1253
65.1253
65.1253
65.1253
65.1253
65.1253
65.1253
65.1253
65.1253
65.1253
65.1253
65.1253
65.1253
65.1253
65.1253
65.1253
65.1253
65.1253
65.1253
65.1253
65.1253
65.1253
65.1253
65.1253
65.1253
65.1253
65.1253
65.1253
65.1253
65.1253
65.1253
65.1253
65.1253
65.1253
65.1253
65.1253
65.1253
65.1253
65.1253
65.1253
65.1253
65.1253
65.1253
65.1253
65.1253
65.1253
65.1253
65.1253
65.1253
65.1253
65.1253
65.1253
65.1253
65.1253
65.1253
65.1253
65.1253
65.1253
65.1253
65.1253
65.1253
65.1253
65.1253
65.1253
65.1253
65.1253
65.1253
65.1253
65.1253
65.1253
65.1253
65.1253
65.1253
65.1253
65.1253
65.1253
65.1253
65.1253
65.1253
65.1253
65.1253
65.1253
65.1253
65.1253
65.1253
65.1253
65.1253
65.1253
65.1253
65.1253
65.1253
65.1253
65.1253
65.1253
65.1253
65.1253
65.1253
65.1253
65.1253
65.1253
65.1253
65.1253
65.1253
65.1253
65.1253
65.1253
65.1253
65.1253
65.1253
65.1253
65.1253
65.1253
65.1253
65.1253
65.1253
65.1253
65.1253
65.1253
65.1253
65.1253
65.1253
65.1253
65.1253
65.1253
65.1253
65.1253
65.1253
65.1253
65.1253
65.1253
65.1253
65.1253
65.1253
65.1253
65.1253
65.1253
65.1253
65.1253
65.1253
65.1253
65.1253
65.1253
65.1253
65.1253
65.1253
65.1253
65.1253
65.1253
65.1253
65.1253
65.1253
65.1253
65.1253
65.1253
65.1253
65.1253
65.1253
65.1253
65.1253
65.1253
65.1253
65.1253
65.1253
65.1253
65.1253
65.1253
65.1253
65.1253
65.1253
65.1253
65.1253
65.1253
65.1253
65.1253
65.1253
65.1253
65.1253
65.1253
65.1253
65.1253
65.1253
65.1253
65.1253
65.1253
65.1253
65.1253
65.1253
65.1253
65.1253
65.1253
65.1253
65.1253
65.1253
65.1253
65.1253
65.1253
65.1253
65.1253
65.1253
65.1253
65.1253
65.1253
65.1253
65.1253
65.1253
65.1253
65.1253
65.1253
65.1253
65.1253
65.1253
65.1253
65.1253
65.1253
65.1253
65.1253
65.1253
65.1253
65.1253
65.1253
65.1253
65.1253
65.1253
65.1253
65.1253
65.1253
65.1253
65.1253
65.1253
65.1253
65.1253
65.1253
65.1253
65.1253
65.1253
65.1253
65.1253
65.1253
65.1253
65.1253
65.1253
65.1253
65.1253
65.1253
65.1253
65.1253
65.1253
65.1253
65.1253
65.1253
65.1253
65.1253
65.1253
65.1253
65.1253
65.1253
65.1253
65.1253
65.1253
65.1253
65.1253
65.1253
65.1253
65.1253
65.1253
65.1253
65.1253
65.1253
65.1253
65.1253
65.1253
65.1253
65.1253
65.1253
65.1253
65.1253
65.1253
65.1253
65.1253
65.1253
65.1253
65.1253
65.1253
65.1253
65.1253
65.1253
65.1253
65.1253
65.1253
65.1253
65.1253
65.1253
65.1253
65.1253
65.1253
65.1253
65.1253
65.1253
65.1253
65.1253
65.1253
65.1253
65.1253
65.1253
65.1253
65.1253
65.1253
65.1253
65.1253
65.1253
65.1253
65.1253
65.1253
65.1253
65.1253
65.1253
65.1253
65.1253
65.1253
65.1253
65.1253
65.1253
65.1253
65.1253
65.1253
65.1253
65.1253
65.1253
65.1253
65.1253
65.1253
65.1253
65.1253
65.1253
65.1253
65.1253
65.1253
65.1253
65.1253
65.1253
65.1253
65.1253
65.1253
65.1253
65.1253
65.1253
65.1253
65.1253
65.1253
65.1253
65.1253
65.1253
65.1253
65.1253
65.1253
65.1253
65.1253
65.1253
65.1253
65.1253
65.1253
65.1253
65.1253
65.1253
65.1253
65.1253
65.1253
65.1253
65.1253
65.1253
65.1253
65.1253
65.1253
65.1253
65.1253
65.1253
65.1253
65.1253
65.1253
65.1253
65.1253
65.1253
65.1253
65.1253
65.1253
65.1253
65.1253
65.1253
65.1253
65.1253
65.1253
65.1253
65.1253
65.1253
65.1253
65.1253
65.1253
65.1253
65.1253
65.1253
65.1253
65.1253
65.1253
65.1253
65.1253
65.1253
65.1253
65.1253
65.1253
65.1253
65.1253
65.1253
65.1253
65.1253
65.1253
65.1253
65.1253
65.1253
65.1253
65.1253
65.1253
65.1253
65.1253
65.1253
65.1253
65.1253
65.1253
65.1253
65.1253
65.1253
65.1253
65.1253
65.1253
65.1253
65.1253
65.1253
65.1253
65.1253
65.1253
65.1253
65.1253
65.1253
65.1253
65.1253
65.1253
65.1253
65.1253
65.1253
65.1253
65.1253
65.1253
65.1253
65.1253
65.1253
65.1253
65.1253
65.1253
65.1253
65.1253
65.1253
65.1253
65.1253
65.1253
65.1253
65.1253
65.1253
65.1253
65.1253
65.1253
65.1253
65.1253
65.1253
65.1253
65.1253
65.1253
65.1253
65.1253
65.1253
65.1253
65.1253
65.1253
65.1253
65.1253
65.1253
65.1253
65.1253
65.1253
65.1253
65.1253
65.1253
65.1253
65.1253
65.1253
65.1253
65.1253
65.1253
65.1253
65.1253
65.1253
65.1253
65.1253
65.1253
65.1253
65.1253
65.1253
65.1253
65.1253
65.1253
65.1253
65.1253
65.1253
65.1253
65.1253
65.1253
65.1253
65.1253
65.1253
65.1253
65.1253
65.1253
65.1253
65.1253
65.1253
65.1253
65.1253
65.1253
65.1253
65.1253
65.1253
65.1253
65.1253
65.1253
65.1253
65.1253
65.1253
65.1253
65.1253
65.1253
65.1253
65.1253
65.1253
65.1253
65.1253
65.1253
65.1253
65.1253
65.1253
65.1253
65.1253
65.1253
65.1253
65.1253
65.1253
65.1253
65.1253
65.1253
65.1253
65.1253
65.1253
65.1253
65.1253
65.1253
65.1253
65.1253
65.1253
65.1253
65.1253
65.1253
65.1253
65.1253
65.1253
65.1253
65.1253
65.1253
65.1253
65.1253
65.1253
65.1253
65.1253
65.1253
65.1253
65.1253
65.1253
65.1253
65.1253
65.1253
65.1253
65.1253
65.1253
65.1253
65.1253
