449.86
446.123
438.9
435.993
426.401
411.896
411.896
409.884
406.559
403.554
399.3
391.105
379.62
379.615
375.642
374.08
373.474
366.368
359.859
358.263
352.177
352.177
352.177
338.471
337.686
329.265
329.265
314.577
314.577
310.669
307.168
306.396
306.396
300.681
291.611
291.611
291.611
287.514
287.514
286.722
285.703
285.703
284.112
282.148
280.995
280.782
275.828
272.137
269.432
269.358
269.358
269.358
269.105
267.305
259.488
259.488
255.173
248.811
248.811
246.87
238.26
238.26
238.26
234.316
234.316
234.316
230.796
230.796
230.796
230.632
229.006
226.624
226.624
225.371
225.371
222.591
222.591
222.591
222.591
221.618
218.925
217.42
217.018
217.018
217.018
216.98
216.297
216.297
213.397
213.21
209.649
209.649
201.329
201.329
201.329
201.329
200.773
200.773
200.773
200.773
200.313
199.527
199.527
198.078
198.078
196.895
196.012
196.012
195.283
192.607
191.91
191.91
190.582
189.41
189.41
188.689
188.689
188.636
188.636
183.433
183.433
182.498
182.498
181.404
181.25
181.25
179.714
179.714
179.714
179.388
179.388
179.388
179.377
176.379
176.379
175.962
175.89
175.89
174.913
173.26
172.121
172.121
171.654
171.654
170.267
170.267
170.267
169.849
169.327
169.327
168.894
168.894
168.894
168.316
168.23
165.842
164.213
164.213
164.213
164.213
163.824
163.824
163.234
163.234
163.234
162.136
162.136
162.136
160.237
160.237
160.237
158.937
158.937
158.937
158.937
158.937
158.937
158.937
154.511
154.511
154.511
154.511
154.511
153.699
153.444
153.007
153.007
153.007
153.007
153.007
153.007
153.007
153.007
152.511
152.511
150.198
150.198
148.944
148.944
148.944
148.381
144.105
144.105
144.105
143.952
143.908
139.6
139.6
139.6
139.6
139.6
139.6
138.414
138.414
138.414
138.414
138.322
138.322
138.322
138.322
136.766
136.766
136.365
135.677
135.677
135.63
135.63
135.63
135.63
135.63
135.63
135.229
135.229
134.817
134.817
134.817
134.817
134.597
133.722
133.722
133.722
133.555
132.76
132.76
132.76
132.76
132.336
131.811
131.565
130.674
130.554
129.98
129.98
129.36
128.959
128.959
128.959
128.926
128.926
128.743
128.557
128.557
128.536
127.957
127.957
126.493
126.493
126.493
126.493
126.493
125.86
125.86
125.86
125.86
125.86
125.55
125.55
125.55
124.695
124.695
122.156
122.156
122.156
122.156
122.156
122.156
121.696
121.696
121.696
121.696
121.696
121.696
121.696
121.298
121.005
120.735
120.735
120.707
120.707
120.707
120.707
120.545
120.045
120.045
120.045
119.643
119.643
119.643
119.643
119.132
119.132
119.132
118.723
118.723
118.723
118.637
118.293
118.293
117.119
117.119
117.119
117.119
114.597
114.597
114.597
114.597
114.432
114.432
114.432
114.271
114.271
114.112
114.029
114.029
114.026
114.026
113.752
113.752
113.752
113.752
113.558
113.558
113.558
113.558
113.558
113.558
113.558
112.609
112.609
112.609
112.609
112.576
112.407
111.953
111.953
111.726
111.658
111.658
111.658
111.595
111.592
111.185
111.051
111.051
111.051
111.051
110.844
110.844
110.805
110.805
110.736
110.736
110.736
110.736
110.29
110.163
110.163
109.986
109.986
109.986
109.986
109.512
109.512
109.512
109.31
109.31
109.31
109.31
109.31
109.31
109.31
109.31
109.31
109.31
108.998
108.146
108.146
108.146
108.146
108.146
108.146
108.146
108.146
107.908
107.908
107.908
107.908
107.908
107.908
107.908
107.02
107.02
107.02
107.02
107.02
107.02
107.02
106.931
106.931
106.868
106.868
106.868
106.868
105.452
105.452
105.452
105.452
105.281
105.281
105.281
105.281
105.224
105.224
105.224
105.195
105.195
105.195
104.575
104.575
104.575
104.575
104.575
104.409
104.409
104.409
104.409
104.409
104.409
104.409
104.409
104.148
104.148
103.939
103.939
103.939
103.939
103.939
103.939
103.939
103.939
103.939
103.939
103.939
103.939
103.628
103.628
103.628
103.628
103.628
103.628
103.628
103.628
103.628
103.628
103.628
103.628
102.598
102.598
102.598
102.598
102.598
102.598
102.598
102.598
102.598
102.598
102.598
102.598
102.598
102.598
102.598
102.598
102.598
102.598
102.006
102.006
102.006
102.006
102.006
102.006
102.006
102.006
102.006
102.006
102.006
99.0299
99.0299
99.0299
99.0299
99.0299
98.9915
98.9915
98.9915
98.9915
98.9915
98.9915
98.9915
98.0691
98.0691
98.0691
98.0691
98.0691
98.0691
98.0691
98.0691
98.0691
98.0691
98.0691
98.0691
98.0691
98.0691
98.0691
98.0691
98.0691
97.7895
97.7895
97.3387
97.3387
97.3387
97.3387
97.3387
97.3387
97.3387
97.3387
96.9932
96.9932
96.0825
96.0825
96.0825
96.0731
95.9922
95.9922
95.9181
95.9181
95.9181
95.9181
95.9181
95.9181
95.9181
95.9181
95.9181
95.9181
95.9181
95.8622
95.8622
95.8622
95.8622
95.8622
95.8622
95.53
95.4911
95.4911
95.4911
95.4911
95.4911
95.4911
95.4911
95.4911
95.4911
95.4911
95.4911
95.4911
95.1589
95.1589
95.1589
94.7561
94.7561
94.7561
94.7561
94.7561
94.7561
94.7561
94.7561
94.7561
94.7561
94.7561
94.7561
94.7561
94.7561
94.7561
94.5134
94.5134
94.5134
94.5134
94.5134
94.5134
94.5134
94.5134
94.5134
94.5134
94.5134
94.5134
94.5134
94.5134
94.5134
94.5134
94.5134
94.5134
94.5134
94.5134
94.5134
94.5134
94.5134
94.5134
94.5134
94.5134
94.0207
94.0207
94.0207
94.0207
94.0207
94.0207
94.0207
94.0207
94.0207
94.0207
94.0207
93.8497
93.8497
91.739
91.739
91.739
91.739
91.739
91.739
91.739
91.739
91.739
91.7346
91.7346
91.7305
91.7305
91.568
91.568
91.5591
91.5591
91.5591
91.5591
91.5591
91.3881
91.3881
91.3881
91.3881
90.6644
90.6644
90.6644
90.6644
90.6644
90.2581
90.2581
89.7943
89.7943
89.7943
89.7943
89.7943
89.7943
89.388
89.388
89.388
89.388
89.388
89.388
89.388
88.8089
88.8089
88.8089
88.8089
88.8089
88.8089
88.8089
88.8089
88.8089
88.8089
88.8089
88.8089
88.8089
88.8089
88.8089
88.8089
88.8089
88.8089
88.6355
88.6355
88.6355
88.6355
88.6355
88.6355
88.6355
88.6355
88.6355
88.6355
88.6355
88.6355
88.6355
88.6355
88.6355
88.6355
88.6355
88.6355
88.6355
88.6355
88.6355
88.6355
88.4135
88.4135
88.4135
88.4135
88.4135
88.4135
88.4135
88.4135
88.4135
88.4135
88.4135
88.4135
88.4135
88.2003
88.2003
88.2003
88.2003
88.2003
88.2003
88.2003
88.2003
88.2003
88.2003
88.0274
88.0274
88.0274
88.0274
88.0274
88.0274
88.0274
88.0274
88.0274
88.0274
88.0274
88.0274
87.9948
87.9948
87.9948
87.9948
87.9948
87.9948
87.9948
87.9948
87.9948
87.9948
87.9948
87.9948
87.9948
87.9948
87.9948
87.9948
87.9948
87.9948
87.9948
87.9948
87.9948
87.9948
87.9948
87.9948
87.9948
87.9948
87.9948
87.9948
87.9948
87.9948
87.9948
87.9948
87.9948
87.9948
87.9948
87.9948
87.9948
87.9948
87.9948
87.9948
87.9948
87.9948
87.9948
87.3935
87.3935
87.3935
87.3935
87.3935
87.3935
87.3935
87.3935
87.3935
87.3828
87.3828
87.2671
87.2671
87.2671
87.2671
87.1652
87.1652
87.1652
87.1427
87.0342
87.0342
86.9324
86.9324
86.9324
86.9324
86.9324
86.9324
86.9324
86.9324
86.8403
86.8403
86.8403
86.8403
86.8403
86.2533
86.2211
86.2211
86.2211
86.2211
86.2211
86.2211
86.2211
85.2588
85.2588
85.2588
85.2588
85.2588
85.2578
85.2578
85.2578
85.2578
85.2578
85.2578
85.2578
85.2578
85.2578
85.2578
85.2578
85.2578
85.2578
85.2578
85.2578
85.2578
85.2578
85.2578
85.2578
85.2578
85.2578
85.2578
85.2578
85.2578
85.1713
85.1713
85.1713
85.1713
85.1713
85.1713
85.1713
85.1713
85.1713
85.1713
85.1713
85.1713
85.1713
85.1713
85.1713
85.1713
85.1713
85.0179
85.0179
84.1324
84.1324
84.1324
84.1324
84.1324
84.1324
84.1324
84.1324
84.1324
84.1324
84.1324
84.1324
84.1324
84.1324
84.1324
84.1324
84.1324
84.1324
84.1324
84.1324
83.8928
83.8928
83.8928
83.8928
83.8928
83.8928
83.8928
83.8928
83.8928
83.8928
83.8928
83.8928
83.8928
83.8928
83.8928
83.8928
83.8928
83.8928
83.8789
83.8789
83.8789
83.8789
83.8789
83.8789
83.8789
83.4559
83.4559
83.4559
83.4559
83.4559
83.4559
83.4559
83.4559
83.4559
83.4559
83.4559
83.4559
83.4559
83.4559
83.4559
83.4559
83.4559
83.4559
83.4559
83.4559
83.4559
83.4559
83.4559
83.4559
83.4559
83.4559
83.406
83.406
83.406
83.406
83.406
82.5556
81.8195
81.8195
81.8195
81.8195
81.8195
81.8195
81.8195
81.7112
81.7112
81.7112
81.7112
81.7112
81.7112
81.7112
81.7112
81.7112
81.7112
81.7112
81.7112
81.7112
81.7112
81.7112
81.7112
81.7112
81.7112
81.7112
81.7112
81.7112
81.7112
81.7112
81.7112
81.7112
76.6856
76.6856
76.3622
76.3622
76.3622
76.3622
76.3622
76.3622
76.3622
76.3622
76.3622
76.3622
76.3622
76.327
76.327
76.0267
76.0267
76.0267
76.0267
76.0267
76.0267
76.0267
76.0267
76.0267
76.0267
76.0267
76.0267
76.0267
76.0267
76.0267
76.0267
75.9454
75.9454
75.9454
75.9454
75.9454
75.9454
75.9454
75.6025
75.6025
75.6025
75.2912
75.2912
75.2912
75.2912
75.2912
75.2912
75.2912
75.211
75.211
75.211
75.211
75.211
75.211
75.211
75.211
75.211
75.211
75.211
75.211
75.211
75.211
75.211
75.211
75.211
75.211
75.211
75.211
75.211
75.211
75.211
75.211
75.211
75.211
75.211
75.211
75.211
75.211
75.211
75.211
75.211
75.1354
75.1354
75.1354
75.0847
75.0551
75.0551
75.0551
75.0551
74.7925
74.7925
74.7925
74.7925
74.7925
74.7925
74.7925
74.7925
74.7925
74.7925
74.7925
74.7925
74.7925
74.7925
74.7925
74.7925
74.7925
74.7925
74.7925
74.7925
74.7925
74.7925
74.7925
74.7925
74.7925
74.7925
74.7925
74.7925
74.7925
74.7925
74.7925
74.7925
74.7925
74.7925
74.7925
74.7925
74.7925
74.7925
74.7925
74.7925
74.7925
74.7925
74.7925
74.7925
74.7925
74.7925
74.7925
74.7925
74.7925
74.7925
74.7925
74.7925
74.7925
74.7925
74.7925
74.7925
74.7925
74.7925
74.7925
74.7925
74.7925
74.7925
74.7925
74.7925
74.7925
74.7925
74.7925
74.7925
74.7925
74.5209
74.5209
74.5209
74.5209
74.5209
74.5209
74.5209
74.5209
74.5209
74.5209
74.5209
74.5209
74.3647
74.3647
74.328
74.328
74.042
74.042
74.042
74.042
74.0004
74.0004
74.0004
73.9631
73.5182
73.5182
73.5182
73.2501
73.2501
73.2501
73.2501
73.2501
73.2501
73.2245
73.2245
73.2245
73.2245
73.07
73.07
73.07
73.07
73.07
73.07
73.07
73.07
73.07
73.07
73.07
73.07
73.07
73.07
73.07
73.07
73.07
73.07
73.07
73.07
73.07
73.07
73.07
73.07
73.07
73.07
73.07
73.07
73.07
73.07
73.07
73.07
73.07
73.07
73.07
73.07
73.07
73.07
73.07
73.07
73.07
73.07
73.07
73.07
72.1388
72.1388
72.1388
72.1388
72.1388
72.1388
72.1388
72.1388
72.1388
72.1388
72.1388
72.1388
72.1388
72.1388
72.1388
72.1388
72.1388
72.1388
72.1388
72.1388
72.1388
72.1388
72.1388
72.1388
72.1388
72.1388
72.1388
72.1388
72.1388
72.1388
72.1388
72.1388
72.1388
72.1388
72.1388
72.1388
72.1388
72.1388
72.1388
72.1388
72.1388
72.1388
72.1388
72.1388
72.1388
72.1388
72.1388
72.1388
72.1388
72.1388
72.1388
72.1388
72.1388
72.1388
72.1388
72.1388
72.1388
72.1388
72.1388
72.1388
72.1388
72.1388
72.1388
72.1388
72.1388
72.1388
72.1388
72.1388
72.1388
72.1388
72.1388
72.1388
72.1388
72.1388
72.1388
72.1388
72.0906
72.0906
72.0906
72.0906
72.0906
72.0906
72.0906
72.0906
72.0906
72.0906
72.0906
72.0906
72.0906
72.0906
72.0906
72.0906
72.0906
72.0906
72.0906
72.0906
72.0906
72.0906
72.0906
72.0906
72.0906
72.0906
72.0906
72.0906
72.0906
72.0906
72.0906
72.0906
72.0906
71.5069
71.5069
71.5069
71.5069
71.5069
71.5069
71.405
71.3115
71.3115
71.2097
71.2097
71.2097
71.2097
71.2097
71.2097
71.2097
71.2097
71.2097
71.2097
71.2097
71.2097
71.2097
71.2097
71.2097
71.2097
71.2097
71.2097
71.2097
71.2097
71.2097
71.2097
71.2097
71.2097
71.2097
71.2097
71.2097
71.2097
71.2097
71.2097
71.2097
71.2097
71.2097
71.2097
71.2097
71.2097
71.2097
71.2097
71.2097
71.1406
71.1406
71.1406
71.1406
71.1406
71.1406
71.1406
71.1406
71.1406
70.6171
70.6171
70.6171
70.6171
70.3266
70.3266
70.3266
70.3266
70.3266
70.3266
70.3266
70.3266
70.3266
70.3266
70.3266
70.3266
70.3266
70.3266
70.3266
70.3266
70.1745
70.1745
70.1745
70.1745
70.1745
70.1745
70.1745
70.1745
70.1745
70.1745
70.1745
70.1745
70.1745
70.1745
70.1745
70.1745
70.1745
70.1745
70.1745
70.1745
70.1745
70.1745
70.1745
70.1745
70.1745
70.1745
70.1745
70.1745
70.1745
70.1745
70.1745
70.1745
70.1745
70.1745
70.1745
70.1745
70.1745
70.1745
70.1745
70.1745
70.1745
70.1745
70.1745
70.1745
70.1745
70.1745
70.1745
70.1745
70.1745
70.1745
70.1745
70.1745
70.1745
70.1745
70.1745
70.1745
70.1745
70.1745
70.1745
70.1745
70.1745
70.1745
70.1745
70.1745
70.1745
70.1745
70.1745
70.1745
70.1745
70.1745
70.1745
70.1745
70.1745
70.1745
70.1745
70.1745
70.1745
70.1745
70.1745
70.1745
70.1745
70.1745
70.1745
70.1745
70.1745
70.1745
70.1745
70.1745
70.1745
70.1745
70.1745
69.8784
69.8784
69.8784
69.8784
69.8784
69.8784
69.8784
69.8784
69.8784
69.8784
69.8784
69.8784
69.8784
69.8784
69.8784
69.8784
69.8784
69.8784
69.8784
69.8784
69.8784
69.8784
69.8784
69.8784
69.8784
69.8784
69.8784
69.8784
69.8784
69.8784
69.8784
69.8784
69.8784
69.8784
69.8784
69.8784
69.8784
69.8784
69.8784
69.8784
69.8784
69.8784
69.8784
69.8784
69.8784
69.8784
69.8784
69.8784
69.8784
69.8784
69.8784
69.8784
69.8784
69.8784
69.8784
69.8784
69.8784
69.8784
69.8784
69.8784
69.8784
69.8784
69.8784
69.8784
69.8784
69.8784
69.8784
69.8784
69.8784
69.8784
69.8784
69.8784
69.8784
69.8784
69.8784
69.8784
69.8784
69.8784
69.8784
69.8784
69.8784
69.8784
69.8784
69.8784
69.8784
69.8784
69.8784
69.8784
69.8784
69.8784
69.8784
69.8784
69.8784
69.8784
69.8784
69.8784
69.8784
69.8784
69.8784
69.8784
69.8784
69.8784
69.8784
69.8784
69.8784
69.8784
69.8784
69.8784
69.8784
69.8784
69.8784
69.8784
69.8784
69.8784
69.8784
69.8784
69.8784
69.8784
69.8784
69.8784
69.8784
69.8784
69.8784
69.8784
69.8784
69.8784
69.8784
69.8784
69.8784
69.8784
69.8784
69.8784
69.8784
69.8784
69.8784
69.8784
69.8784
69.8784
69.8784
69.8784
69.8784
69.8784
69.8784
69.8784
69.8784
69.8784
69.8784
69.8784
69.8784
69.8784
69.8784
69.8784
69.8784
69.8784
69.8784
69.8784
69.8784
69.8784
69.8784
69.8784
69.8784
69.8784
69.8784
69.8784
69.8784
69.8784
69.8784
69.8784
69.8784
69.8784
69.8784
69.8784
69.8784
69.8784
69.8784
69.8784
69.8784
69.8784
69.8784
69.8784
69.8784
69.8784
69.8784
69.8784
69.8784
69.8784
69.8784
69.8784
69.8784
69.8784
69.8784
69.8784
69.8784
69.8784
69.8784
69.8784
69.8784
69.8784
69.8784
69.8784
69.8784
69.8784
69.8784
69.8784
69.8784
69.8784
69.8784
69.8784
69.8784
69.8784
69.8784
69.8784
69.8784
69.8784
69.8784
69.8784
69.8784
69.8784
69.8784
69.8784
69.8784
69.8784
69.8784
69.8784
69.8784
69.8784
69.8784
69.8784
69.8784
69.8784
69.8784
69.8784
69.8784
69.8784
69.8784
69.8784
69.8784
69.8784
69.8784
69.8784
69.8784
69.8784
69.8784
69.8784
69.8784
69.8784
69.8784
69.8784
69.8784
69.8784
69.8784
69.8784
69.8784
69.8784
69.8784
69.8784
69.8784
69.8784
69.8784
69.8784
69.8784
69.8784
69.8784
69.8784
69.8784
69.8784
69.8784
69.8784
69.8784
69.8784
69.8784
69.8784
69.8784
69.8784
69.8784
69.8784
69.8784
69.8784
69.8784
69.8784
69.8784
69.8784
69.8784
69.8784
69.8784
69.8784
69.8784
69.8784
69.8784
69.8784
69.8784
69.8784
69.8784
69.8784
69.8784
69.8784
69.8784
69.8784
69.8784
69.8784
69.8784
69.8784
69.8784
69.8784
69.8784
69.8784
69.8784
69.8784
69.8784
69.8784
69.8784
69.8784
69.8784
69.8784
69.8784
69.8784
69.8784
69.8784
69.8784
69.8784
69.8784
69.8784
69.8784
69.8784
69.8784
69.8784
69.8784
69.8784
69.8784
69.8784
69.8784
69.8784
69.8784
69.8784
69.8784
69.8784
69.8784
69.8784
69.8784
69.8784
69.8784
69.8784
69.8784
69.8784
69.8784
69.8784
69.8784
69.8784
69.8784
69.8784
69.8784
69.8784
69.8784
69.8784
69.8784
69.8289
69.8289
69.8289
69.8289
69.8289
69.8289
69.8289
69.8289
69.8289
69.8289
69.8289
69.8289
69.8289
69.8289
69.8289
69.7835
69.7835
69.7835
69.7835
69.7835
69.7835
69.7835
69.7835
69.7835
69.7835
69.3994
69.3994
69.3994
69.3994
69.3994
69.3994
69.3994
69.3994
69.3994
69.3994
69.3994
69.3994
69.3994
69.3994
69.3994
69.3994
69.3994
69.3994
69.3994
69.3994
69.3994
69.3994
69.3994
69.3994
69.3994
69.3994
69.3994
69.3994
69.3994
69.3994
69.3994
69.3994
69.3994
69.3994
69.3994
69.3994
69.3994
69.3994
69.3994
69.3994
69.3994
69.3994
69.3994
69.3994
69.3994
69.3994
69.3994
69.3994
69.3994
69.3994
69.3994
69.3994
69.3994
69.3994
69.3994
69.3994
69.3994
69.3994
69.3994
69.3994
69.3994
69.3994
69.3994
69.3994
69.3994
69.3994
69.3994
69.3994
69.3994
69.3994
69.3994
69.3994
69.3994
69.3994
69.3994
69.3994
69.3994
69.3994
69.3994
69.3994
69.3994
69.3994
69.3994
69.3994
69.3994
69.3994
69.3994
69.3994
69.3994
69.3994
69.3994
69.3994
69.3994
69.3994
69.3994
69.3994
69.3994
69.3994
69.3994
69.3994
69.3994
69.3994
69.3994
69.3994
69.3994
69.3994
69.3994
69.3994
69.3994
69.3994
69.3994
69.3994
69.3994
69.3994
69.3994
69.3994
69.3994
69.3994
69.3994
69.3994
69.3994
69.3994
69.3994
69.3994
69.3994
69.3994
69.3994
69.3994
69.3994
69.3994
69.3994
69.3994
69.3994
69.3994
69.3994
69.3994
69.3994
69.3994
69.3994
69.3994
69.3994
69.3994
69.3994
69.3994
69.3994
69.3994
69.3994
69.3994
69.3994
69.3994
69.3994
69.3994
69.3994
69.3994
69.3994
69.3994
69.3994
69.3994
69.3994
69.3994
69.3994
69.3994
69.3994
69.3994
69.3994
69.3994
69.3994
69.3994
69.3994
69.3994
69.3994
69.3994
69.3994
69.3994
69.3994
69.3994
69.3994
69.3994
69.3994
69.3994
69.3994
69.3994
69.3994
69.3994
69.3994
69.3994
69.3994
69.3994
69.3994
69.3994
69.3994
69.3994
69.3994
69.3994
69.3994
69.3994
69.3994
69.3994
69.3994
69.3994
69.3994
69.3994
69.3994
69.3994
69.3994
69.3994
69.3994
69.3994
69.3994
69.3994
69.3994
69.3994
69.3994
69.3994
69.3994
69.3994
69.3994
69.3994
69.3994
69.3994
69.3994
69.3994
69.3994
69.3994
69.3994
69.3994
69.3994
69.3994
69.3994
69.3994
69.3994
69.3994
69.3994
69.3994
69.3994
69.3994
69.3994
69.3994
69.3994
69.3994
69.3994
69.3994
69.3994
69.3994
69.3994
69.3994
69.3994
69.3994
69.3994
69.3994
69.3994
69.3994
69.3994
69.3994
69.3994
69.3994
69.3994
69.3994
69.3994
69.3994
69.3994
69.3994
69.3994
69.3994
69.3994
69.3994
69.3994
69.3994
69.3994
69.3994
69.3994
69.3994
69.3994
69.3994
69.3994
69.3994
69.3994
69.3994
69.3994
69.3994
69.3994
69.3994
69.3994
69.3994
69.3994
69.3994
69.3994
69.3994
69.3994
69.3994
69.3994
69.3994
69.3994
69.3994
69.3994
69.3994
69.3994
69.3994
69.3994
69.3994
69.3994
69.3994
69.3994
69.3994
69.3994
69.3994
69.3994
69.3994
69.3994
69.3994
69.3994
69.3994
69.3994
69.3994
69.3994
69.3994
69.3994
69.3994
69.3994
69.3994
69.3994
69.2491
69.2491
69.2491
69.2491
69.2491
69.2491
69.2491
69.2491
69.2491
69.2491
69.2491
69.2491
69.2491
69.2491
69.2491
69.2491
69.2491
69.2491
69.2491
69.2491
69.2491
69.2491
69.2491
69.2491
69.2491
69.2491
69.2491
69.2491
69.2491
69.2491
69.2491
69.2491
69.2491
69.2491
69.2491
69.2491
69.2491
69.2491
69.2491
69.2491
69.2491
69.2491
69.2491
69.2491
69.2491
69.2491
69.2491
69.2491
69.2491
69.2491
69.2491
69.2491
69.2491
69.2491
69.2491
69.2491
69.2491
69.2491
69.2491
69.2491
69.2491
69.2491
69.2491
69.2491
69.2491
69.2491
69.2491
69.2491
69.2491
69.2491
69.2491
69.2491
69.2491
69.2491
69.2491
69.2491
69.2491
69.2491
69.2491
69.2491
69.2491
69.2491
69.2491
69.2491
69.2491
69.2491
69.2491
69.2491
69.2491
69.2491
69.2491
69.2491
69.2491
69.2491
69.2491
69.2491
69.2491
69.2491
69.2491
69.2491
69.2491
69.2491
69.2491
69.2491
69.2491
69.2491
69.2491
69.2491
69.2491
69.2491
69.2491
69.2491
69.2386
69.2386
69.2386
69.2386
69.2386
69.2386
69.2386
69.2386
69.2386
69.2386
69.2386
69.2386
69.2386
69.2386
69.2386
69.2386
69.2386
69.2386
69.2386
69.2386
69.2386
69.2386
69.2386
69.2386
69.2386
69.2386
69.2386
69.2386
69.2386
68.8721
68.8721
68.8721
68.8721
68.8721
68.8721
68.8721
68.8721
68.8721
68.8721
68.8721
68.8721
68.8721
68.8721
68.8721
68.8721
68.8721
68.8721
68.8721
68.8721
68.8721
68.8721
68.8721
68.8721
68.8721
68.8721
68.8721
68.8721
68.8721
68.8721
68.8721
68.8721
68.8721
68.8721
68.8721
68.8721
68.8721
68.8721
68.8721
68.8721
68.8721
68.8721
68.8721
68.8721
68.8721
68.8721
68.8721
68.8721
68.8721
68.8721
68.8721
68.8721
68.8721
68.8721
68.8721
68.8721
68.8721
68.8721
68.8721
68.8721
68.8721
68.8721
68.8721
68.8721
68.8721
68.8721
68.8721
68.8721
68.8721
68.8721
68.8721
68.8721
68.8721
68.8721
68.8721
68.8721
68.8721
68.8721
68.8721
68.8721
68.8721
68.8721
68.8721
68.8721
68.8721
68.8721
68.8721
68.8721
68.8721
68.8721
68.8721
68.8721
68.8721
68.8721
68.8721
68.8721
68.8721
68.8721
68.8721
68.8721
68.8721
68.8721
68.8721
68.8721
68.8721
68.8721
68.8721
68.8721
68.8721
68.8721
68.8721
68.8721
68.8721
68.8721
68.8721
68.8721
68.8721
68.8721
68.8721
68.8721
68.8721
68.8721
68.8721
68.8721
68.8721
68.8721
68.8721
68.8721
68.8721
68.8721
68.8721
68.8721
68.8721
68.8721
68.8721
68.8721
68.8721
68.8721
68.8721
68.8721
68.8721
68.8721
68.8721
68.8721
68.8721
68.8721
68.8721
68.8721
68.8721
68.8721
68.8721
68.8721
68.8721
68.8721
68.8721
68.8721
68.8721
68.8721
68.8721
68.8721
68.8721
68.8721
68.8721
68.8721
68.8721
68.8721
68.8721
68.8721
68.8721
68.8721
68.8721
68.8721
68.8721
68.8721
68.8721
68.8721
68.8721
68.8721
68.8721
68.8721
68.8721
68.8721
68.8721
68.8721
68.8721
68.8721
68.8721
68.8721
68.8721
68.8721
68.8721
68.8721
68.8721
68.8721
68.8721
68.8721
68.8721
68.8721
68.8721
68.8721
68.8721
68.8721
68.8721
68.8721
68.8721
68.8721
68.8721
68.8721
68.8721
68.8721
68.8721
68.8721
68.8721
68.8721
68.8721
68.8721
68.8721
68.8721
68.8721
68.8721
68.8721
68.8721
68.8721
68.8721
68.8721
68.8721
68.8721
68.8721
68.7601
68.7601
68.7601
68.7601
68.7601
68.7601
68.7601
68.7601
68.7601
68.7601
68.7601
68.7601
68.7601
68.7601
68.7601
68.7601
68.7601
68.7601
68.264
68.264
68.264
68.264
68.264
68.264
68.264
68.264
68.264
68.264
68.264
68.264
68.264
68.264
68.264
68.264
68.264
68.264
68.264
68.264
68.264
68.264
68.264
68.264
68.264
68.264
68.264
68.264
68.264
68.264
68.264
68.264
68.264
68.264
68.264
68.264
68.264
68.264
68.264
68.264
68.264
68.264
68.264
68.264
68.264
68.264
68.264
68.264
68.264
68.264
68.264
68.264
68.264
68.264
68.264
68.264
68.264
68.264
68.264
68.264
68.264
68.264
68.264
68.264
68.264
68.264
68.264
68.264
68.264
68.264
68.264
68.264
68.264
68.264
68.264
68.264
68.264
68.264
68.264
68.264
68.264
68.264
68.264
68.264
68.264
68.264
68.264
68.264
68.264
68.264
68.264
68.264
68.264
68.264
68.264
68.264
68.264
68.264
68.264
68.264
68.264
68.264
68.264
68.264
68.264
68.264
68.264
68.264
68.264
68.264
68.264
68.264
68.264
68.264
68.264
68.264
68.264
68.264
68.264
68.264
68.264
68.264
68.264
68.264
68.264
68.264
68.264
68.264
68.264
68.264
68.264
68.264
68.264
68.264
68.264
68.264
68.264
68.264
68.264
68.264
68.264
68.264
68.264
68.264
68.264
68.264
68.264
68.264
68.264
68.264
68.264
68.264
68.264
68.264
68.264
68.264
68.264
68.264
68.264
68.264
68.264
68.264
68.264
68.264
68.264
68.264
68.264
68.264
68.264
68.264
68.264
68.264
68.264
68.264
68.264
68.264
68.264
68.264
68.264
68.264
68.264
68.264
68.264
68.264
68.264
68.264
68.264
68.264
68.264
68.264
68.264
68.264
68.264
68.264
68.264
68.264
68.264
68.264
68.264
68.264
68.264
68.264
68.264
68.264
68.264
68.264
68.264
68.264
68.264
68.264
68.264
68.264
68.264
68.264
68.264
68.264
68.264
68.264
68.264
68.264
68.264
68.264
68.264
68.264
68.264
68.264
68.264
68.264
68.264
68.264
68.264
68.264
68.264
68.264
68.264
68.264
68.264
68.264
68.264
68.264
68.264
68.264
68.044
68.044
68.044
68.044
68.044
68.044
68.044
68.044
68.044
68.044
68.044
68.044
68.044
68.044
68.044
68.044
68.044
68.044
68.044
68.044
68.044
68.044
68.044
68.044
68.044
68.044
68.044
68.044
68.044
68.044
68.044
68.044
68.044
68.044
68.044
68.044
68.044
68.044
68.044
68.044
68.044
68.044
68.044
68.044
68.044
68.044
68.044
68.044
68.044
68.044
68.044
68.044
68.044
68.044
68.044
68.044
68.044
68.044
68.044
68.044
68.044
68.044
68.044
68.044
68.044
68.044
68.044
68.044
68.044
68.044
68.044
68.044
68.044
68.044
68.044
68.044
68.044
68.044
68.044
68.044
68.044
68.044
68.044
68.044
68.044
68.044
68.044
68.044
68.044
68.044
68.044
68.044
68.044
68.044
68.044
68.044
68.044
68.044
68.044
68.044
68.044
68.044
68.044
68.044
68.044
68.044
68.044
68.044
68.044
68.044
68.044
68.044
68.044
68.044
68.044
68.044
68.044
68.044
68.044
68.044
68.044
68.044
68.044
68.044
68.044
68.044
68.044
68.044
68.044
68.044
68.044
68.044
68.044
68.044
68.044
68.044
68.044
68.044
68.044
68.044
68.044
68.044
68.044
68.044
68.044
68.044
68.044
68.044
68.044
68.044
68.044
68.044
68.044
68.044
67.7806
67.7806
67.7806
67.7806
67.7806
67.7806
67.7806
67.5285
67.5285
67.5285
67.5285
67.5285
67.5285
67.5285
67.5285
67.5285
67.5285
67.0473
67.0473
67.0473
67.0473
67.0473
67.0473
67.0473
67.0473
67.0473
67.0473
67.0473
67.0473
67.0473
67.0473
67.0473
67.0473
67.0473
67.0473
67.0473
67.0473
67.0473
67.0473
67.0473
67.0473
67.0473
67.0473
67.0473
67.0473
67.0473
67.0473
67.0473
67.0473
67.0473
67.0473
67.0473
67.0473
67.0473
67.0473
67.0473
67.0473
67.0473
67.0473
67.0473
67.0473
67.0473
67.0473
67.0473
67.0473
67.0473
67.0473
67.0473
67.0473
67.0473
67.0473
67.0473
67.0473
67.0473
67.0473
67.0473
67.0473
67.0473
67.0473
67.0473
67.0473
67.0473
67.0473
67.0473
67.0473
67.0473
67.0473
67.0473
67.0473
67.0473
67.0473
67.0473
67.0473
67.0473
67.0473
67.0473
67.0473
67.0473
67.0473
67.0473
67.0473
67.0473
67.0473
67.0473
67.0473
67.0473
67.0473
67.0473
67.0473
67.0473
67.0473
67.0473
67.0473
67.0473
67.0473
67.0473
67.0473
67.0473
67.0473
67.0473
67.0473
67.0473
67.0473
67.0473
67.0473
67.0473
67.0473
67.0473
67.0473
67.0473
67.0473
67.0473
67.0473
67.0473
67.0473
67.0473
67.0473
67.0473
67.0473
67.0473
67.0473
67.0473
67.0473
67.0473
67.0473
67.0473
67.0473
67.0473
67.0473
67.0473
67.0473
67.0473
67.0473
67.0473
67.0473
67.0473
67.0473
67.0473
67.0473
67.0473
67.0473
67.0473
67.0473
67.0473
67.0473
67.0473
67.0473
67.0473
67.0473
67.0473
67.0473
67.0473
67.0473
67.0473
67.0473
67.0473
67.0473
67.0473
67.0473
67.0473
67.0473
67.0473
67.0473
67.0473
67.0473
67.0473
67.0473
67.0473
67.0473
67.0473
67.0473
67.0473
67.0473
67.0473
67.0473
67.0473
67.0473
67.0473
67.0473
67.0473
67.0473
67.0473
67.0473
67.0473
67.0473
67.0473
67.0473
67.0473
67.0473
67.0473
67.0473
67.0473
67.0473
67.0473
67.0473
67.0473
67.0473
67.0473
67.0473
67.0473
67.0473
67.0473
67.0473
67.0473
67.0473
67.0473
67.0473
67.0473
67.0473
67.0473
67.0473
67.0473
67.0473
67.0473
67.0473
67.0473
67.0473
67.0473
67.0473
67.0473
67.0473
67.0473
67.0473
67.0473
67.0473
67.0473
67.0473
67.0473
67.0473
67.0473
67.0473
67.0473
67.0473
67.0473
67.0473
67.0473
67.0473
67.0473
67.0473
67.0473
67.0473
67.0473
67.0473
67.0473
67.0473
67.0473
67.0473
67.0473
67.0473
67.0473
67.0473
67.0473
67.0473
67.0473
67.0473
67.0473
67.0473
67.0473
67.0473
67.0473
67.0473
67.0473
67.0473
67.0473
67.0473
67.0473
67.0473
67.0473
67.0473
67.0473
67.0473
67.0473
67.0473
67.0473
67.0473
67.0473
67.0473
67.0473
67.0473
67.0473
67.0473
67.0473
67.0473
67.0473
67.0473
67.0473
67.0473
67.0473
67.0473
67.0473
67.0473
67.0473
67.0473
67.0473
67.0473
67.0473
67.0473
67.0473
67.0473
67.0473
67.0473
67.0473
67.0473
67.0473
67.0473
67.0473
67.0473
67.0473
67.0473
67.0473
67.0473
67.0473
67.0473
67.0473
67.0473
67.0473
67.0473
67.0473
67.0473
67.0473
67.0473
67.0473
67.0473
67.0473
67.0473
67.0473
67.0473
67.0473
67.0473
67.0473
67.0473
67.0473
67.0473
67.0473
67.0473
67.0473
67.0473
67.0473
67.0473
67.0473
67.0473
67.0473
67.0473
67.0473
67.0473
67.0473
67.0473
67.0473
67.0473
67.0473
67.0473
67.0473
67.0473
67.0473
67.0473
67.0473
67.0473
67.0473
67.0473
67.0473
67.0473
67.0473
67.0473
67.0473
67.0473
67.0473
67.0473
67.0473
67.0473
67.0473
67.0473
67.0473
67.0473
67.0473
67.0473
67.0473
67.0473
67.0473
67.0473
67.0473
67.0473
67.0473
67.0473
67.0473
67.0473
67.0473
67.0473
67.0473
67.0473
67.0473
67.0473
67.0473
67.0473
67.0473
67.0473
67.0473
67.0473
67.0473
67.0473
67.0473
67.0473
67.0473
67.0473
67.0473
67.0473
67.0473
67.0473
67.0473
67.0473
67.0473
67.0473
67.0473
67.0473
67.0473
67.0473
67.0473
67.0473
67.0473
67.0473
67.0473
67.0473
67.0473
67.0473
67.0473
67.0473
67.0473
67.0473
67.0473
67.0473
67.0473
67.0473
67.0473
67.0473
67.0473
67.0473
67.0473
67.0473
67.0473
67.0473
67.0473
67.0473
67.0473
67.0473
67.0473
67.0473
67.0473
67.0473
67.0473
67.0473
67.0473
67.0473
67.0473
67.0473
67.0473
67.0473
67.0473
67.0473
67.0473
67.0473
67.0473
67.0473
67.0473
67.0473
67.0473
67.0473
67.0473
67.0473
67.0473
67.0473
67.0473
67.0473
67.0473
67.0473
67.0473
67.0473
67.0473
67.0473
67.0473
67.0473
67.0473
67.0473
67.0473
67.0473
67.0473
67.0473
67.0473
67.0473
67.0473
67.0473
67.0473
67.0473
67.0473
67.0473
67.0473
67.0473
67.0473
67.0473
67.0473
67.0473
67.0473
67.0473
67.0473
67.0473
67.0473
67.0473
67.0473
67.0473
67.0473
67.0473
67.0473
67.0473
67.0473
67.0473
67.0473
67.0473
67.0473
67.0473
67.0473
67.0473
67.0473
67.0473
67.0473
67.0473
67.0473
67.0473
67.0473
67.0473
67.0473
67.0473
67.0473
67.0473
67.0473
67.0473
67.0473
67.0473
67.0473
67.0473
67.0473
67.0473
67.0473
67.0473
67.0473
67.0473
67.0473
67.0473
67.0473
67.0473
67.0473
67.0473
67.0473
67.0473
67.0473
67.0473
67.0473
67.0473
67.0473
67.0473
67.0473
67.0473
67.0473
67.0473
67.0473
67.0473
67.0473
66.91
66.91
66.91
66.91
66.91
66.5226
66.5226
66.5226
66.5226
66.5226
66.5226
66.5226
66.5226
66.5226
66.5226
66.5226
66.5226
66.5226
66.5226
66.5226
66.5226
66.5226
66.5226
66.5226
66.5226
66.5226
66.5226
66.5226
66.5226
66.5226
66.5226
66.5226
66.5226
66.5226
66.5226
66.5226
66.5226
66.5226
66.5226
66.5226
66.5226
66.5226
66.5226
66.5226
66.5226
66.5226
66.5226
66.5226
66.5226
66.5226
66.5226
66.5226
66.5226
66.5226
66.5226
66.5226
66.5226
66.5226
66.5226
66.5226
66.5226
66.5226
66.5226
66.5226
66.5226
66.5226
66.5226
66.5226
66.5226
66.5226
66.5226
66.5226
66.5226
66.5226
66.5226
66.5226
66.5226
66.5226
66.5226
66.5226
66.5226
66.5226
66.5226
66.5226
66.5226
66.5226
66.5226
66.5226
66.5226
66.5226
66.5226
66.5226
66.5226
66.5226
66.5226
66.5226
66.5226
66.5226
66.5226
66.5226
66.5226
66.5226
66.5226
66.5226
66.5226
66.5226
66.5226
66.5226
66.5226
66.5226
66.5226
66.5226
66.5226
66.5226
66.5226
66.5226
66.5226
66.5226
66.5226
66.5226
66.5226
66.5226
66.5226
66.5226
66.5226
66.5226
66.5226
66.5226
66.5226
66.5226
66.5226
66.5226
66.5226
66.5226
66.5226
66.5226
66.5226
66.5226
66.5226
66.5226
66.5226
66.5226
66.5226
66.5226
66.3236
66.3236
66.3236
66.3236
66.3236
66.3236
66.3236
66.3236
66.3236
66.3236
66.3236
66.3236
66.3236
66.3236
66.3236
66.3236
66.3236
66.3236
66.3236
66.3236
66.3236
66.3236
66.3236
66.3236
66.3236
66.3236
66.3236
66.3236
66.3236
66.3236
66.3236
66.3236
66.3236
66.3236
66.3236
66.3236
66.3236
66.3236
66.3236
66.3236
66.3236
66.3236
66.3236
66.3236
66.3236
66.3236
66.3236
66.3236
66.3236
66.3236
66.3236
66.3236
66.3236
66.3236
66.3236
66.3236
66.3236
66.3236
66.3236
66.3236
66.3236
66.3236
66.3236
66.3236
66.3236
66.3236
66.3236
66.3236
66.3236
66.3236
66.3236
66.3236
66.3236
66.3236
66.3236
66.3236
66.3236
66.3236
66.3236
66.3236
66.3236
66.3236
66.3236
66.3236
66.3236
66.3236
66.3236
66.3236
66.3236
66.3236
66.3236
66.3236
66.3236
66.3236
66.3236
66.3236
66.3236
66.3236
66.3236
66.3236
66.3236
66.3236
66.3236
66.3236
66.3236
66.3236
66.3236
66.3236
66.3236
66.3236
66.3236
66.3236
66.3236
66.3236
66.3236
66.3236
66.3236
66.3236
66.3236
66.3236
66.3236
66.3236
66.3236
66.3236
66.3236
66.3236
66.3236
66.3236
66.3236
66.3236
66.3236
66.3236
66.3236
66.3236
66.3236
66.3236
66.3236
66.3236
66.3236
66.3236
66.3236
66.3236
66.3236
66.3236
66.3236
66.3236
66.3236
66.3236
66.3236
66.3236
66.3236
66.3236
66.3236
66.3236
66.3236
66.3236
66.3236
66.3236
66.3236
66.3236
66.3236
66.3236
66.3236
66.3236
66.3236
66.3236
66.3236
66.3236
66.3236
66.3236
66.3236
66.3236
66.3236
66.3236
66.3236
66.3236
66.3236
66.3236
66.3236
66.3236
66.3236
66.3236
66.3236
66.3236
66.3236
66.3236
66.3236
66.3236
66.3236
66.3236
66.3236
66.3236
66.3236
66.3236
66.3236
66.3236
66.3236
66.3236
66.3236
66.3236
66.3236
66.3236
66.3236
66.3236
66.3236
66.3236
66.3236
66.3236
66.3236
66.3236
66.3236
66.3236
66.3236
66.3236
66.3236
66.3236
66.3236
66.3236
66.3236
66.3236
66.3236
66.3236
66.3236
66.3236
66.3236
66.3236
66.3236
66.3236
66.3236
66.3236
66.3236
66.3236
66.3236
66.3236
66.3236
66.3236
66.3236
66.3236
66.3236
66.3236
66.3236
66.3236
66.3236
66.3236
66.3236
66.3236
66.3236
66.3236
66.3236
66.3236
66.3236
66.3236
66.3236
66.3236
66.3236
66.3236
66.3236
66.3236
66.3236
66.3236
66.3236
66.3236
66.3236
66.3236
66.3236
66.3236
66.3236
66.3236
66.3236
66.3236
66.3236
66.3236
66.3236
66.3236
66.3236
66.3236
66.3236
66.3236
66.3236
66.3236
66.3236
66.3236
66.3236
66.3236
66.3236
66.3236
66.3236
66.3236
66.3236
66.3236
66.3236
66.3236
66.3236
66.3236
66.3236
66.3236
66.3236
66.3236
66.3236
66.3236
66.3236
66.3236
66.3236
66.3236
66.3236
66.3236
66.3236
66.3236
66.3236
66.3236
66.3236
66.3236
66.3236
66.3236
66.3236
66.3236
66.3236
66.3236
66.3236
66.3236
66.3236
66.3236
66.3236
66.3236
66.3236
66.3236
66.3236
66.3236
66.3236
66.3236
66.3236
66.3236
66.3236
66.3236
66.3236
66.3236
66.3236
66.3236
66.3236
66.3236
66.3236
66.3236
66.3236
66.3236
66.3236
66.3236
66.3236
66.3236
66.3236
66.3236
66.3236
66.3236
66.3236
66.3236
66.3236
66.3236
66.3236
66.3236
66.3236
66.3236
66.3236
66.3236
66.3236
66.3236
66.3236
66.3236
66.3236
66.3236
66.3236
66.3236
66.3236
66.3236
66.3236
66.3236
66.3236
66.3236
66.3236
66.3236
66.3236
66.3236
66.3236
66.3236
66.3236
66.3236
66.3236
66.3236
66.3236
66.3236
66.3236
66.3236
66.3236
66.3236
66.3236
66.3236
66.3236
66.3236
66.3236
66.3236
66.3236
66.3236
66.3236
66.3236
66.3236
66.3236
66.3236
66.3236
66.3236
66.3236
66.3236
66.3236
66.3236
66.3236
66.3236
66.3236
66.3236
66.3236
66.3236
66.3236
66.3236
66.3236
66.3236
66.3236
66.3236
66.3236
66.3236
66.3236
66.3236
66.3236
66.3236
66.3236
66.3236
66.3236
66.3236
66.3236
66.3236
66.3236
66.3236
66.3236
66.3236
66.3236
66.3236
66.3236
66.3236
66.3236
66.3236
66.3236
66.3236
66.3236
66.3236
66.3236
66.3236
66.3236
66.3236
66.3236
66.3236
66.3236
66.3236
66.3236
66.3236
66.3236
66.3236
66.3236
66.3236
66.3236
66.3236
66.3236
66.3236
66.3236
66.3236
66.3236
66.3236
66.3236
66.3236
66.3236
66.3236
66.3236
66.3236
66.3236
66.3236
66.3236
66.3236
66.3236
66.3236
66.3236
66.3236
66.3236
66.3236
66.3236
66.3236
66.3236
66.3236
66.3236
66.3236
66.3236
66.3236
66.3236
66.3236
66.3236
66.3236
66.3236
66.3236
66.3236
66.3236
66.3236
66.3236
66.3236
66.3236
66.3236
66.3236
66.3236
66.3236
66.3236
66.3236
66.3236
66.3236
66.3236
66.3236
66.3236
66.3236
66.3236
66.3236
66.3236
66.3236
66.3236
66.3236
66.3236
66.3236
66.3236
66.3236
66.3236
66.3236
66.3236
66.3236
66.3236
66.3236
66.3236
66.3236
66.3236
66.3236
66.3236
66.3236
66.3236
66.3236
66.3236
66.3236
66.3236
66.3236
66.3236
66.3236
66.3236
66.3236
66.3236
66.3236
66.3236
66.3236
66.3236
66.3236
66.3236
66.3236
66.3236
66.3236
66.3236
66.3236
66.3236
66.3236
66.3236
66.3236
66.3236
66.3236
66.3236
66.3236
66.3236
66.3236
66.3236
66.3236
66.3236
66.3236
66.3236
66.3236
66.3236
66.3236
66.3236
66.3236
66.3236
66.3236
66.3236
66.3236
66.3236
66.3236
66.3236
66.3236
66.3236
66.3236
66.3236
66.3236
66.3236
66.3236
66.3236
66.3236
66.3236
66.3236
66.3236
66.3236
66.3236
66.3236
66.3236
66.3236
66.3236
66.3236
66.3236
66.3236
66.3236
66.3236
66.3236
66.3236
66.3236
66.3236
66.3236
66.3236
66.3236
66.3236
66.3236
66.3236
66.3236
66.3236
66.3236
66.3236
66.3236
66.3236
66.3236
66.3236
66.3236
66.3236
66.3236
66.3236
66.3236
66.3236
66.3236
66.3236
66.3236
66.3236
66.3236
66.3236
66.3236
66.3236
66.3236
66.3236
66.3236
66.3236
66.3236
66.3236
66.3236
66.3236
66.3236
66.3236
66.3236
66.3236
66.3236
66.3236
66.3236
66.3236
66.3236
66.3236
66.3236
66.3236
66.3236
66.3236
66.3236
66.3236
66.3236
66.3236
66.3236
66.3236
66.3236
66.3236
66.3236
66.3236
66.3236
66.3236
66.3236
66.3236
66.3236
66.3236
66.3236
66.3236
66.3236
66.3236
66.3236
66.3236
66.3236
66.3236
66.3236
66.3236
66.3236
66.3236
66.3236
66.3236
66.3236
66.3236
66.3236
66.3236
66.3236
66.3236
66.3236
66.3236
66.3236
66.3236
66.3236
66.3236
66.3236
66.3236
66.3236
66.3236
66.3236
66.3236
66.3236
66.3236
66.3236
66.3236
66.3236
66.3236
66.3236
66.3236
66.3236
66.3236
66.3236
66.3236
66.3236
66.3236
66.3236
66.3236
66.3236
66.3236
66.3236
66.3236
66.3236
66.3236
66.3236
66.3236
66.3236
66.3236
66.3236
66.3236
66.3236
66.3236
66.3236
66.3236
66.3236
66.3236
66.3236
66.3236
66.3236
66.3236
66.3236
66.3236
66.3236
66.3236
66.3236
66.3236
66.3236
66.3236
66.3236
66.3236
66.3236
66.3236
66.3236
66.3236
66.3236
66.3236
66.3236
66.3236
66.3236
65.8389
65.8389
65.8389
65.8389
65.8389
65.8389
65.8389
65.8389
65.8389
65.8389
65.8389
65.8389
65.8389
65.8389
65.8389
65.8389
65.8389
65.8389
65.8389
65.8389
65.8389
65.8389
65.8389
65.8389
65.8389
65.8389
65.8389
65.8389
65.8389
65.8389
65.8389
65.8389
65.8389
65.8389
65.8389
65.8389
65.8389
65.8389
65.8389
65.8389
65.8389
65.8389
65.8389
65.8389
65.8389
65.8389
65.8389
65.8389
65.8389
65.8389
65.8389
65.8389
65.8389
65.8389
65.8389
65.8389
65.8389
65.8389
65.8389
65.8389
65.8389
65.8389
65.8389
65.8389
65.8389
65.8389
65.8389
65.8389
65.8389
65.8389
65.8389
65.8389
65.8389
65.8389
65.8389
65.8389
65.8389
65.8389
65.8389
65.8389
65.8389
65.8389
65.8389
65.8389
65.8389
65.8389
65.8389
65.8389
65.8389
65.8389
65.8389
65.8389
65.8389
65.8389
65.8389
65.8389
65.8389
65.8389
65.8389
65.8389
65.8389
65.8389
65.8389
65.8389
65.8389
65.8389
65.8389
65.8389
65.8389
65.8389
65.8389
65.8389
65.8389
65.8389
65.8389
65.8389
65.8389
65.8389
65.8389
65.8389
65.8389
65.8389
65.8389
65.8389
65.8389
65.8389
65.8389
65.8389
65.8389
65.8389
65.8389
65.8389
65.8389
65.8389
65.8389
65.8389
65.8389
65.8389
65.8389
65.8389
65.8389
65.8389
65.8389
65.8389
65.8389
65.8389
65.8389
65.8389
65.8389
65.8389
65.8389
65.8389
65.8389
65.8389
65.8389
65.8389
65.8389
65.8389
65.8389
65.8389
65.8389
65.8389
65.8389
65.8389
65.8389
65.8389
65.8389
65.8389
65.8389
65.8389
65.8389
65.8389
65.8389
65.8389
65.8389
65.8389
65.8389
65.8389
65.8389
65.8389
65.8389
65.8389
65.8389
65.8389
65.8389
65.8389
65.8389
65.8389
65.8389
65.8389
65.8389
65.8389
65.8389
65.8389
65.8389
65.8389
65.8389
65.8389
65.8389
65.8389
65.8389
65.8389
65.8389
65.8389
65.8389
65.8389
65.8389
65.8389
65.8389
65.8389
65.8389
65.8389
65.8389
65.8389
65.8389
65.8389
65.8389
65.8389
65.8389
65.8389
65.8389
65.8389
65.8389
65.8389
65.8389
65.8389
65.8389
65.8389
65.8389
65.8389
65.8389
65.8389
65.8389
65.8389
65.8389
65.8389
65.8389
65.8389
65.8389
65.8389
65.8389
65.8389
65.8389
65.8389
65.8389
65.8389
65.8389
65.8389
65.8389
65.8389
65.8389
65.8389
65.8389
65.8389
65.8389
65.8389
65.8389
65.8389
65.8389
65.8389
65.8389
65.8389
65.8389
65.8389
65.8389
65.8389
65.8389
65.8389
65.8389
65.8389
65.8389
65.8389
65.8389
65.8389
65.8389
65.8389
65.8389
65.8389
65.8389
65.8389
65.8389
65.8389
65.8389
65.8389
65.8389
65.8389
65.8389
65.8389
65.8389
65.8389
65.8389
65.8389
65.8389
65.8389
65.8389
65.8389
65.8389
65.8389
65.8389
65.8389
65.8389
65.8389
65.8389
65.8389
65.8389
65.8389
65.8389
65.8389
65.8389
65.8389
65.8389
65.8389
65.8389
65.8389
65.8389
65.8389
65.8389
65.8389
65.8389
65.8389
65.8389
65.8389
65.8389
65.8389
65.8389
65.8389
65.8389
65.8389
65.8389
65.8389
65.8389
65.8389
65.8389
65.8389
65.8389
65.8389
65.8389
65.8389
65.8389
65.8389
65.8389
65.8389
65.8389
65.8389
65.8389
65.8389
65.8389
65.8389
65.8389
65.8389
65.8389
65.8389
65.8389
65.8389
65.8389
65.8389
65.8389
65.8389
65.8389
65.8389
65.8389
65.8389
65.8389
65.8389
65.8389
65.8389
65.8389
65.8389
65.8389
65.8389
65.8389
65.8389
65.8389
65.8389
65.8389
65.8389
65.8389
65.8389
65.8389
65.8389
65.8389
65.8389
65.8389
65.8389
65.8389
65.8389
65.8389
65.8389
65.8389
65.8389
65.8389
65.8389
65.8389
65.8389
65.8389
65.8389
65.8389
65.8389
65.8389
65.8389
65.8389
65.8389
65.8389
65.8389
65.8389
65.8389
65.8389
65.8389
65.8389
65.8389
65.8389
65.8389
65.8389
65.8389
65.8389
65.8389
65.8389
65.8389
65.8389
65.8389
65.8389
65.8389
65.8389
65.8389
65.8389
65.8389
65.8389
65.8389
65.8389
65.8389
65.8389
65.8389
65.8389
65.8389
65.8389
65.8389
65.8389
65.8389
65.8389
65.8389
65.8389
65.8389
65.8389
65.8389
65.8389
65.8389
65.8389
65.8389
65.8389
65.8389
65.8389
65.8389
65.8389
65.8389
65.8389
65.8389
65.8389
65.8389
65.8389
65.8389
65.8389
65.8389
65.8389
65.8389
65.8389
65.8389
65.8389
65.8389
65.8389
65.8389
65.8389
65.8389
65.8389
65.8389
65.8389
65.8389
65.8389
65.8389
65.8389
65.8389
65.8389
65.8389
65.8389
65.8389
65.8389
65.8389
65.8389
65.8389
65.8389
65.8389
65.8389
65.8389
65.8389
65.8389
65.8389
65.8389
65.8389
65.8389
65.8389
65.8389
65.6805
65.6805
65.6805
65.6805
65.6805
65.6805
65.6805
65.6805
65.6805
65.6805
65.6805
65.6805
65.6805
65.6805
65.6805
65.6805
65.6805
65.6805
65.6805
65.6805
65.6805
65.6805
65.6805
65.6805
65.6805
65.6805
65.6805
65.6805
65.6805
65.6805
65.6805
65.6805
65.6805
65.6805
65.6805
65.6805
65.6805
65.6805
65.6805
65.6805
65.6805
65.6805
65.6805
65.6805
65.6805
65.6805
65.6805
65.6805
65.6805
65.6805
65.6805
65.6805
65.6805
65.6805
65.6805
65.6805
65.6805
65.6805
65.6805
65.6805
65.6805
65.6805
65.6805
65.6805
65.6805
65.6805
65.6805
65.6805
65.6805
65.6805
65.6805
65.6805
65.6805
65.6805
65.6805
65.6805
65.6805
65.6805
65.6805
65.6805
65.6805
65.6805
65.6805
65.6805
65.6805
65.6805
65.6805
65.6805
65.6805
65.6805
65.6805
65.6805
65.6805
65.6805
65.6805
65.6805
65.6805
65.6805
65.6805
65.6805
65.6805
65.6805
65.6805
65.6805
65.6805
65.6805
65.6805
65.6805
65.6805
65.6805
65.6805
65.6805
65.6805
65.6805
65.6805
65.6805
65.6805
65.6805
65.6805
65.6805
65.6805
65.6805
65.6805
65.6805
65.6805
65.6805
65.6805
65.6805
65.6805
65.6805
65.6805
65.6805
65.6805
65.6805
65.6805
65.6805
65.6805
65.6805
65.6805
65.6805
65.6805
65.6805
65.6805
65.6805
65.6805
65.6805
65.6805
65.6805
65.6805
65.6805
65.6805
65.6805
65.6805
65.6805
65.6805
65.6805
65.6805
65.6805
65.6805
65.6805
65.6805
65.6805
65.6805
65.6805
65.6805
65.6805
65.6805
65.6805
65.6805
65.6805
65.6805
65.6805
65.6805
65.6805
65.6805
65.6805
65.6805
65.6805
65.6805
65.6805
65.6805
65.6805
65.6805
65.6805
65.6805
65.6805
65.6805
65.6805
65.6805
65.6805
65.6805
65.6805
65.6805
65.6805
65.6805
65.6805
65.6805
65.6805
65.6805
65.6805
65.6805
65.6805
65.6805
65.6805
65.6805
65.6805
65.6805
65.6805
65.6805
65.6805
65.6805
65.6805
65.6805
65.6805
65.6805
65.6805
65.6805
65.6805
65.6805
65.6805
65.6805
65.6805
65.6805
65.6805
65.6805
65.6805
65.6805
65.6805
65.6805
65.6805
65.6805
65.6805
65.6805
65.6805
65.6805
65.6805
65.6805
65.6805
65.6805
65.6805
65.6805
65.6805
65.6805
65.6805
65.6805
65.6805
65.6805
65.6805
65.6805
65.6805
65.6805
65.6805
65.6805
65.6805
65.6805
65.6805
65.6805
65.6805
65.6805
65.6805
65.6805
65.6805
65.6805
65.6805
65.6805
65.6805
65.6805
65.6805
65.6805
65.6805
65.6805
65.6805
65.6805
65.6805
65.6805
65.6805
65.6805
65.6805
65.6805
65.6805
65.6805
65.6805
65.6805
65.6805
65.6805
65.6805
65.6805
65.6805
65.6805
65.6805
65.6805
65.6805
65.6805
65.6805
65.6805
65.6805
65.6805
65.6805
65.6805
65.6805
65.6805
65.6805
65.6805
65.6805
65.6805
65.6805
65.6805
65.6805
65.6805
65.6805
65.6805
65.6805
65.6805
65.6805
65.6805
65.6805
65.6805
65.6805
65.6805
65.6805
65.6805
65.6805
65.6805
65.6805
65.6805
65.6805
65.6805
65.6805
65.6805
65.6805
65.6805
65.6805
65.6805
65.6805
65.6805
65.6805
65.6805
65.6805
65.6805
65.6805
65.6805
65.6805
65.6805
65.6805
65.6805
65.6805
65.6805
65.6805
65.6805
65.6805
65.6805
65.6805
65.6805
65.6805
65.6805
65.6805
65.6805
65.6805
65.6805
65.6805
65.6805
65.6805
65.6805
65.6805
65.6805
65.6805
65.6805
65.6805
65.6805
65.6805
65.6805
65.6805
65.6805
65.6805
65.6805
65.6805
65.6805
65.6805
65.6805
65.6805
65.6805
65.6805
65.6805
65.6805
65.6805
65.6805
65.6805
65.6805
65.6805
65.6805
65.6805
65.6805
65.6805
65.6805
65.6805
65.6805
65.6805
65.6805
65.6805
65.6805
65.6805
65.6805
65.6805
65.6805
65.6805
65.6805
65.6805
65.6805
65.6805
65.6805
65.6805
65.6805
65.6805
65.6805
65.6805
65.6805
65.6805
65.6805
65.6805
65.6805
65.6805
65.6805
65.6805
65.6805
65.6805
65.6805
65.6805
65.6805
65.6805
65.6805
65.6805
65.6805
65.6805
65.6805
65.6805
65.6805
65.6805
65.6805
65.6805
65.6805
65.6805
65.6805
65.6805
65.6805
65.6805
65.6805
65.6805
65.6805
65.6805
65.6805
65.6805
65.6805
65.6805
65.6805
65.6805
65.6805
65.6805
65.6805
65.6805
65.6805
65.6805
65.6805
65.6805
65.6805
65.6805
65.6805
65.6805
65.6805
65.6805
65.6805
65.6805
65.6805
65.6805
65.6805
65.6805
65.6805
65.6805
65.6805
65.6805
65.6805
65.6805
65.6805
65.6805
65.6805
65.6805
65.6805
65.6805
65.6805
65.6805
65.6805
65.6805
65.6805
65.6805
65.6805
65.6805
65.6805
65.6805
65.6805
65.6805
65.6805
65.6805
65.6805
65.6805
65.6805
65.6805
65.6805
65.6805
65.6805
65.6805
65.6805
65.6805
65.6805
65.6805
65.6805
65.6805
65.6805
65.6805
65.6805
65.6805
65.6805
65.6805
65.6805
65.6805
65.6805
65.6805
65.6805
65.6805
65.6805
65.6805
65.6805
65.6805
65.6805
65.6805
65.6805
65.6805
65.6805
65.6805
65.6805
65.6805
65.6805
65.6805
65.6805
65.6805
65.6805
65.6805
65.6805
65.6805
65.6805
65.6805
65.6805
65.6805
65.6805
65.6805
65.6805
65.6805
65.6805
65.6805
65.6805
65.6805
65.6805
65.6805
65.6805
65.6805
65.6805
65.6805
65.6805
65.6805
65.6805
65.6805
65.6805
65.6805
65.6805
65.6805
65.6805
65.6805
65.6805
65.6805
65.6805
65.6805
65.6805
65.6805
65.6805
65.6805
65.6805
65.6805
65.6805
65.6805
65.6805
65.6805
65.6805
65.6805
65.6805
65.6805
65.6805
65.6805
65.6805
65.6805
65.6805
65.6805
65.6805
65.6805
65.6805
65.6805
65.6805
65.6805
65.6805
65.6805
65.6805
65.6805
65.6805
65.6805
65.6805
65.6805
65.6805
65.6805
65.6805
65.6805
65.6805
65.6805
65.6805
65.6805
65.6805
65.6805
65.6805
65.6805
65.6805
65.6805
65.6805
65.6805
65.6805
65.6805
65.6805
65.6805
65.6805
65.6805
65.6805
65.6805
65.6805
65.6805
65.6805
65.6805
65.6805
65.6805
65.6805
65.6805
65.6805
65.6805
65.6805
65.6805
65.6805
65.6805
65.6805
65.6805
65.6805
65.6805
65.6805
65.6805
65.6805
65.6805
65.6805
65.6805
65.6805
65.6805
65.6805
65.6805
65.6805
65.6805
65.6805
65.6805
65.6805
65.6805
65.6805
65.6805
65.6805
65.6805
65.6805
65.6805
65.6805
65.6805
65.6805
65.6805
65.6805
65.6805
65.6805
65.6805
65.6805
65.6805
65.6805
65.6805
65.6805
65.6805
65.6805
65.6805
65.6805
65.6805
65.6805
65.6805
65.6805
65.6805
65.6805
65.6805
65.6805
65.6805
65.6805
65.6805
65.6805
65.6805
65.6805
65.6805
65.6805
65.6805
65.6805
65.6805
65.6805
65.6805
65.6805
65.6805
65.6805
65.6805
65.6805
65.6805
65.6805
65.6805
65.6805
65.6805
65.6805
65.6805
65.6805
65.6805
65.6805
65.6805
65.6805
65.6805
65.6805
65.6805
65.6805
65.6805
65.6805
65.6805
65.6805
65.6805
65.6805
65.6805
65.6805
65.6805
65.6805
65.6805
65.6805
65.6805
65.6805
65.6805
65.6805
65.6805
65.6805
65.6805
65.6805
65.6805
65.6805
65.6805
65.6805
65.6805
65.6805
65.6805
65.6805
65.6805
65.6805
65.6805
65.6805
65.6805
65.6805
65.6805
65.6805
65.6805
65.6805
65.6805
65.6805
65.6805
65.6805
65.6805
65.6805
65.6805
65.6805
65.6805
65.6805
65.6805
65.6805
65.6805
65.6805
65.6805
65.6805
65.6805
65.6805
65.6805
65.6805
65.6805
65.6805
65.6805
65.6805
65.6805
65.6805
65.6805
65.6805
65.6805
65.6805
65.6805
65.6805
65.6805
65.6805
65.6805
65.6805
65.6805
65.6805
65.6805
65.6805
65.6805
65.6805
65.6805
65.6805
65.6805
65.6805
65.6805
65.6805
65.6805
65.6805
65.6805
65.6805
65.6805
65.6805
65.6805
65.6805
65.6805
65.6805
65.6805
65.6805
65.6805
65.6805
65.6805
65.6805
65.6805
65.6805
65.6805
65.6805
65.6805
65.6805
65.6805
65.6805
65.6805
65.6805
65.6805
65.6805
65.6805
65.6805
65.6805
65.6805
65.6805
65.6805
65.6805
65.6805
65.6805
65.6805
65.6805
65.6805
65.6805
65.6805
65.6805
65.6805
65.6805
65.6805
65.6805
65.6805
65.6805
65.6805
65.6805
65.6805
65.6805
65.6805
65.6805
65.6805
65.6805
65.6805
65.6805
65.6805
65.6805
65.6805
65.6805
65.6805
65.6805
65.6805
65.6805
65.6805
65.6805
65.6805
65.6805
65.6805
65.6805
65.6805
65.6805
65.6805
65.6805
65.6805
65.6805
65.6805
65.6805
65.6805
65.6805
65.6805
65.6805
65.6805
65.6805
65.6805
65.6805
65.6805
65.6805
65.6805
65.6805
65.6805
65.6805
65.6805
65.6805
65.6805
65.6805
65.6805
65.6805
65.6805
65.6805
65.6805
65.6805
65.6805
65.6805
65.6805
65.6805
65.6805
65.6805
65.6805
65.6805
65.6805
65.6805
65.6805
65.6805
65.6805
65.6805
65.6805
65.6805
65.6805
65.6805
65.6805
65.6805
65.6805
65.6805
65.6805
65.6805
65.6805
65.6805
65.6805
65.6805
65.6805
65.6805
65.6805
65.6805
65.6805
65.6805
65.6805
65.6805
65.6805
65.6805
65.6805
65.6805
65.6805
65.6805
65.6805
65.6805
65.6805
65.6805
65.6805
65.6805
65.6805
65.6805
65.6805
65.6805
65.6805
65.6805
65.6805
65.6805
65.6805
65.6805
65.6805
65.6805
65.6805
65.6805
65.6805
65.6805
65.6805
65.6805
65.6805
65.6805
65.6805
65.6805
65.6805
65.6805
65.6805
65.6805
65.6805
65.6805
65.6805
65.6805
65.6805
65.6805
65.6805
65.6805
65.6805
65.6805
65.6805
65.6805
65.6805
65.6805
65.6805
65.6805
65.6805
65.6805
65.6805
65.6805
65.6805
65.6805
65.6805
65.6805
65.6805
65.6805
65.6805
65.6805
65.6805
65.6805
65.6805
65.6805
65.6805
65.6805
65.6805
65.6805
65.6805
65.6805
65.6805
65.6805
65.6805
65.6805
65.6805
65.6805
65.6805
65.6805
65.6805
65.6805
65.6805
65.6805
65.6805
65.6805
65.6805
65.6805
65.6805
65.6805
65.6805
65.6805
65.6805
65.6805
65.6805
65.6805
65.6805
65.6805
65.6805
65.6805
65.6805
65.6805
65.6805
65.6805
65.6805
65.6805
65.6805
65.6805
65.6805
65.6805
65.6805
65.6805
65.6805
65.6805
65.6805
65.6805
65.6805
65.6805
65.6805
65.6805
65.6805
65.6805
65.6805
65.6805
65.6805
65.6805
65.6805
65.6805
65.6805
65.6805
65.6805
65.6805
65.6805
65.6805
65.6805
65.6805
65.6805
65.6805
65.6805
65.6805
65.6805
65.6805
65.6805
65.6805
65.6805
65.6805
65.6805
65.6805
65.6805
65.6805
65.6805
65.6805
65.6805
65.6805
65.6805
65.6805
65.6805
65.6805
65.6805
65.6805
65.6805
65.6805
65.6805
65.6805
65.6805
65.6805
65.6805
65.6805
65.6805
65.6805
65.6805
65.6805
65.6805
65.6805
65.6805
65.6805
65.6805
65.6805
65.6805
65.6805
65.6805
65.6805
65.6805
65.6805
65.6805
65.6805
65.6805
65.6805
65.6805
65.6805
65.6805
65.6805
65.6805
65.6805
65.6805
65.6805
65.6805
65.6805
65.6805
65.6805
65.6805
65.6805
65.6805
65.6805
65.6805
65.6805
65.6805
65.6805
65.6805
65.6805
65.6805
65.6805
65.6805
65.6805
65.6805
65.6805
65.6805
65.6805
65.6805
65.6805
65.6805
65.6805
65.6805
65.6805
65.6805
65.6805
65.6805
65.6805
65.6805
65.6805
65.6805
65.6805
65.6805
65.6805
65.6805
65.6805
65.6805
65.6805
65.6805
65.6805
65.6805
65.6805
65.6805
65.6805
65.6805
65.6805
65.6805
65.6805
65.6805
65.6805
65.6805
65.6805
65.6805
65.6805
65.6805
65.6805
65.6805
65.6805
65.6805
65.6805
65.6805
65.6805
65.6805
65.6805
65.6805
65.6805
65.6805
65.6805
65.6805
65.6805
65.6805
65.6805
65.6805
65.6805
65.6805
65.6805
65.6805
65.6805
65.6805
65.6805
65.6805
65.6805
65.6805
65.6805
65.6805
65.6805
65.6805
65.6805
65.6805
65.6805
65.6805
65.6805
65.6805
65.6805
65.6805
65.6805
65.6805
65.6805
65.6805
65.6805
65.6805
65.6805
65.6805
65.6805
65.6805
65.6805
65.6805
65.6805
65.6805
65.6805
65.6805
65.6805
65.6805
65.6805
65.6805
65.6805
65.6805
65.6805
65.6805
65.6805
65.6805
65.6805
65.6805
65.6805
65.6805
65.6805
65.6805
65.6805
65.6805
65.6805
65.6805
65.6805
65.6805
65.6805
65.6805
65.6805
65.6805
65.6805
65.6805
65.6805
65.6805
65.6805
65.6805
65.6805
65.6805
65.6805
65.6805
65.6805
65.6805
65.6805
65.6805
65.6805
65.6805
65.6805
65.6805
65.6805
65.6805
65.6805
65.6805
65.6805
65.6805
65.6805
65.6805
65.6805
65.6805
65.6805
65.6805
65.6805
65.6805
65.6805
65.6805
65.6805
65.6805
65.6805
65.6805
65.6805
65.6805
65.6805
65.6805
65.6805
65.6805
65.6805
65.6805
65.6805
65.6805
65.6805
65.6805
65.6805
65.6805
65.6805
65.6805
65.6805
65.6805
65.6805
65.6805
65.6805
65.6805
65.6805
65.6805
65.6805
65.6805
65.6805
65.6805
65.6805
65.6805
65.6805
65.6805
65.6805
65.6805
65.6805
65.6805
65.6805
65.6805
65.6805
65.6805
65.6805
65.6805
65.6805
65.6805
65.6805
65.6805
65.6805
65.6805
65.6805
65.6805
65.6805
65.6805
65.6805
65.6805
65.6805
65.6805
65.6805
65.6805
65.6805
65.6805
65.6805
65.6805
65.6805
65.6805
65.6805
65.6805
65.6805
65.6805
65.6805
65.6805
65.6805
65.6805
65.6805
65.6805
65.6805
65.6805
65.6805
65.6805
65.6805
65.6805
65.6805
65.6805
65.6805
65.6805
65.6805
65.6805
65.6805
65.6805
65.6805
65.6805
65.6805
65.6805
65.6805
65.6805
65.6805
65.6805
65.6805
65.6805
65.6805
65.6805
65.6805
65.6805
65.6805
65.6805
65.6805
65.6805
65.6805
65.6805
65.6805
65.6805
65.6805
65.6805
65.6805
65.6805
65.6805
65.6805
65.6805
65.6805
65.6805
65.6805
65.6805
65.6805
65.6805
65.6805
65.6805
65.6805
65.6805
65.6805
65.6805
65.6805
65.6805
65.6805
65.6805
65.6805
65.6805
65.6805
65.6805
65.6805
65.6805
65.6805
65.6805
65.6805
65.6805
65.6805
65.6805
65.6805
65.6805
65.6805
65.6805
65.6805
65.6805
65.6805
65.6805
65.6805
65.6805
65.6805
65.6805
65.6805
65.1253
65.1253
65.1253
65.1253
65.1253
65.1253
65.1253
65.1253
65.1253
65.1253
65.1253
65.1253
65.1253
65.1253
65.1253
65.1253
65.1253
65.1253
65.1253
65.1253
65.1253
65.1253
65.1253
65.1253
65.1253
65.1253
65.1253
65.1253
65.1253
65.1253
65.1253
65.1253
65.1253
65.1253
65.1253
65.1253
65.1253
65.1253
65.1253
65.1253
65.1253
65.1253
65.1253
65.1253
65.1253
65.1253
65.1253
65.1253
65.1253
65.1253
65.1253
65.1253
65.1253
65.1253
65.1253
65.1253
65.1253
65.1253
65.1253
65.1253
65.1253
65.1253
65.1253
65.1253
65.1253
65.1253
65.1253
65.1253
65.1253
65.1253
65.1253
65.1253
65.1253
65.1253
65.1253
65.1253
65.1253
65.1253
65.1253
65.1253
65.1253
65.1253
65.1253
65.1253
65.1253
65.1253
65.1253
65.1253
65.1253
65.1253
65.1253
65.1253
65.1253
65.1253
65.1253
65.1253
65.1253
65.1253
65.1253
65.1253
65.1253
65.1253
65.1253
65.1253
65.1253
65.1253
65.1253
65.1253
65.1253
65.1253
65.1253
65.1253
65.1253
65.1253
65.1253
65.1253
65.1253
65.1253
65.1253
65.1253
65.1253
65.1253
65.1253
65.1253
65.1253
65.1253
65.1253
65.1253
65.1253
65.1253
65.1253
65.1253
65.1253
65.1253
65.1253
65.1253
65.1253
65.1253
65.1253
65.1253
65.1253
65.1253
65.1253
65.1253
65.1253
65.1253
65.1253
65.1253
65.1253
65.1253
65.1253
65.1253
65.1253
65.1253
65.1253
65.1253
65.1253
65.1253
65.1253
65.1253
65.1253
65.1253
65.1253
65.1253
65.1253
65.1253
65.1253
65.1253
65.1253
65.1253
65.1253
65.1253
65.1253
65.1253
65.1253
65.1253
65.1253
65.1253
65.1253
65.1253
65.1253
65.1253
65.1253
65.1253
65.1253
65.1253
65.1253
65.1253
65.1253
65.1253
65.1253
65.1253
65.1253
65.1253
65.1253
65.1253
65.1253
65.1253
65.1253
65.1253
65.1253
65.1253
65.1253
65.1253
65.1253
65.1253
65.1253
65.1253
65.1253
65.1253
65.1253
65.1253
65.1253
65.1253
65.1253
65.1253
65.1253
65.1253
65.1253
65.1253
65.1253
65.1253
65.1253
65.1253
65.1253
65.1253
65.1253
65.1253
65.1253
65.1253
65.1253
65.1253
65.1253
65.1253
65.1253
65.1253
65.1253
65.1253
65.1253
65.1253
65.1253
65.1253
65.1253
65.1253
65.1253
65.1253
65.1253
65.1253
65.1253
65.1253
65.1253
65.1253
65.1253
65.1253
65.1253
65.1253
65.1253
65.1253
65.1253
65.1253
65.1253
65.1253
65.1253
65.1253
65.1253
65.1253
65.1253
65.1253
65.1253
65.1253
65.1253
65.1253
65.1253
65.1253
65.1253
65.1253
65.1253
65.1253
65.1253
65.1253
65.1253
65.1253
65.1253
65.1253
65.1253
65.1253
65.1253
65.1253
65.1253
65.1253
65.1253
65.1253
65.1253
65.1253
65.1253
65.1253
65.1253
65.1253
65.1253
65.1253
65.1253
65.1253
65.1253
65.1253
65.1253
65.1253
65.1253
65.1253
65.1253
65.1253
65.1253
65.1253
65.1253
65.1253
65.1253
65.1253
65.1253
65.1253
65.1253
65.1253
65.1253
65.1253
65.1253
65.1253
65.1253
65.1253
65.1253
65.1253
65.1253
65.1253
65.1253
65.1253
65.1253
65.1253
65.1253
65.1253
65.1253
65.1253
65.1253
65.1253
65.1253
65.1253
65.1253
65.1253
65.1253
65.1253
65.1253
65.1253
65.1253
65.1253
65.1253
65.1253
65.1253
65.1253
65.1253
65.1253
65.1253
65.1253
65.1253
65.1253
65.1253
65.1253
65.1253
65.1253
65.1253
65.1253
65.1253
65.1253
65.1253
65.1253
65.1253
65.1253
65.1253
65.1253
65.1253
65.1253
65.1253
65.1253
65.1253
65.1253
65.1253
65.1253
65.1253
65.1253
65.1253
65.1253
65.1253
65.1253
65.1253
65.1253
65.1253
65.1253
65.1253
65.1253
65.1253
65.1253
65.1253
65.1253
65.1253
65.1253
65.1253
65.1253
65.1253
65.1253
65.1253
65.1253
65.1253
65.1253
65.1253
65.1253
65.1253
65.1253
65.1253
65.1253
65.1253
65.1253
65.1253
65.1253
65.1253
65.1253
65.1253
65.1253
65.1253
65.1253
65.1253
65.1253
65.1253
65.1253
65.1253
65.1253
65.1253
65.1253
65.1253
65.1253
65.1253
65.1253
65.1253
65.1253
65.1253
65.1253
65.1253
65.1253
65.1253
65.1253
65.1253
65.1253
65.1253
65.1253
65.1253
65.1253
65.1253
65.1253
65.1253
65.1253
65.1253
65.1253
65.1253
65.1253
65.1253
65.1253
65.1253
65.1253
65.1253
65.1253
65.1253
65.1253
65.1253
65.1253
65.1253
65.1253
65.1253
65.1253
65.1253
65.1253
65.1253
65.1253
65.1253
65.1253
65.1253
65.1253
65.1253
65.1253
65.1253
65.1253
65.1253
65.1253
65.1253
65.1253
65.1253
65.1253
65.1253
65.1253
65.1253
65.1253
65.1253
65.1253
65.1253
65.1253
65.1253
65.1253
65.1253
65.1253
65.1253
65.1253
65.1253
65.1253
65.1253
65.1253
65.1253
65.1253
65.1253
65.1253
65.1253
65.1253
65.1253
65.1253
65.1253
65.1253
65.1253
65.1253
65.1253
65.1253
65.1253
65.1253
65.1253
65.1253
65.1253
65.1253
65.1253
65.1253
65.1253
65.1253
65.1253
65.1253
65.1253
65.1253
65.1253
65.1253
65.1253
65.1253
65.1253
65.1253
65.1253
65.1253
65.1253
65.1253
65.1253
65.1253
65.1253
65.1253
65.1253
65.1253
65.1253
65.1253
65.1253
65.1253
65.1253
65.1253
65.1253
65.1253
65.1253
65.1253
65.1253
65.1253
65.1253
65.1253
65.1253
65.1253
65.1253
65.1253
65.1253
65.1253
65.1253
65.1253
65.1253
65.1253
65.1253
65.1253
65.1253
65.1253
65.1253
65.1253
65.1253
65.1253
65.1253
65.1253
65.1253
65.1253
65.1253
65.1253
65.1253
65.1253
65.1253
65.1253
65.1253
65.1253
65.1253
65.1253
65.1253
65.1253
65.1253
65.1253
65.1253
65.1253
65.1253
65.1253
65.1253
65.1253
65.1253
65.1253
65.1253
65.1253
65.1253
65.1253
65.1253
65.1253
65.1253
65.1253
65.1253
65.1253
65.1253
65.1253
65.1253
65.1253
65.1253
65.1253
65.1253
65.1253
65.1253
65.1253
65.1253
65.1253
65.1253
65.1253
65.1253
65.1253
65.1253
65.1253
65.1253
65.1253
65.1253
65.1253
65.1253
65.1253
65.1253
65.1253
65.1253
65.1253
65.1253
65.1253
65.1253
65.1253
65.1253
65.1253
65.1253
65.1253
65.1253
65.1253
65.1253
65.1253
65.1253
65.1253
65.1253
65.1253
65.1253
65.1253
65.1253
65.1253
65.1253
65.1253
65.1253
65.1253
65.1253
65.1253
65.1253
65.1253
65.1253
65.1253
65.1253
65.1253
65.1253
65.1253
65.1253
65.1253
65.1253
65.1253
65.1253
65.1253
65.1253
65.1253
65.1253
65.1253
65.1253
65.1253
65.1253
65.1253
65.1253
65.1253
65.1253
65.1253
65.1253
65.1253
65.1253
65.1253
65.1253
65.1253
65.1253
65.1253
65.1253
65.1253
65.1253
65.1253
65.1253
65.1253
65.1253
65.1253
65.1253
65.1253
65.1253
65.1253
65.1253
65.1253
65.1253
65.1253
65.1253
65.1253
65.1253
65.1253
65.1253
65.1253
65.1253
65.1253
65.1253
65.1253
65.1253
65.1253
65.1253
65.1253
65.1253
65.1253
65.1253
65.1253
65.1253
65.1253
65.1253
65.1253
65.1253
65.1253
65.1253
65.1253
65.1253
65.1253
65.1253
65.1253
65.1253
65.1253
65.1253
65.1253
65.1253
65.1253
65.1253
65.1253
65.1253
65.1253
65.1253
65.1253
65.1253
65.1253
65.1253
65.1253
65.1253
65.1253
65.1253
65.1253
65.1253
65.1253
65.1253
65.1253
65.1253
65.1253
65.1253
65.1253
65.1253
65.1253
65.1253
65.1253
65.1253
65.1253
65.1253
65.1253
65.1253
65.1253
65.1253
65.1253
65.1253
65.1253
65.1253
65.1253
65.1253
65.1253
65.1253
65.1253
65.1253
65.1253
65.1253
65.1253
65.1253
65.1253
65.1253
65.1253
65.1253
65.1253
65.1253
65.1253
65.1253
65.1253
65.1253
65.1253
65.1253
65.1253
65.1253
65.1253
65.1253
65.1253
65.1253
65.1253
65.1253
65.1253
65.1253
65.1253
65.1253
65.1253
65.1253
65.1253
65.1253
65.1253
65.1253
65.1253
65.1253
65.1253
65.1253
65.1253
65.1253
65.1253
65.1253
65.1253
65.1253
65.1253
65.1253
65.1253
65.1253
65.1253
65.1253
65.1253
65.1253
65.1253
65.1253
65.1253
65.1253
65.1253
65.1253
65.1253
65.1253
65.1253
65.1253
65.1253
65.1253
65.1253
65.1253
65.1253
65.1253
65.1253
65.1253
65.1253
65.1253
65.1253
65.1253
65.1253
65.1253
65.1253
65.1253
65.1253
65.1253
65.1253
65.1253
65.1253
65.1253
65.1253
65.1253
65.1253
65.1253
65.1253
65.1253
65.1253
65.1253
65.1253
65.1253
65.1253
65.1253
65.1253
65.1253
65.1253
65.1253
65.1253
65.1253
65.1253
65.1253
65.1253
65.1253
65.1253
65.1253
65.1253
65.1253
65.1253
65.1253
65.1253
65.1253
65.1253
65.1253
65.1253
65.1253
65.1253
65.1253
65.1253
65.1253
65.1253
65.1253
65.1253
65.1253
65.1253
65.1253
65.1253
65.1253
65.1253
65.1253
65.1253
65.1253
65.1253
65.1253
65.1253
65.1253
65.1253
65.1253
65.1253
65.1253
65.1253
65.1253
65.1253
65.1253
65.1253
65.1253
65.1253
65.1253
65.1253
65.1253
65.1253
65.1253
65.1253
65.1253
65.1253
65.1253
65.1253
65.1253
65.1253
65.1253
65.1253
65.1253
65.1253
65.1253
65.1253
65.1253
65.1253
65.1253
65.1253
65.1253
65.1253
65.1253
65.1253
65.1253
65.1253
65.1253
65.1253
65.1253
65.1253
65.1253
65.1253
65.1253
65.1253
65.1253
65.1253
65.1253
65.1253
65.1253
65.1253
65.1253
65.1253
65.1253
65.1253
65.1253
65.1253
65.1253
65.1253
65.1253
65.1253
65.1253
65.1253
65.1253
65.1253
65.1253
65.1253
65.1253
65.1253
65.1253
65.1253
65.1253
65.1253
65.1253
65.1253
65.1253
65.1253
65.1253
65.1253
65.1253
65.1253
65.1253
65.1253
65.1253
65.1253
65.1253
65.1253
65.1253
65.1253
65.1253
65.1253
65.1253
65.1253
65.1253
65.1253
65.1253
65.1253
65.1253
65.1253
65.1253
65.1253
65.1253
65.1253
65.1253
65.1253
65.1253
65.1253
65.1253
65.1253
65.1253
65.1253
65.1253
65.1253
65.1253
65.1253
65.1253
65.1253
65.1253
65.1253
65.1253
65.1253
65.1253
65.1253
65.1253
65.1253
65.1253
65.1253
65.1253
65.1253
65.1253
65.1253
65.1253
65.1253
65.1253
65.1253
65.1253
65.1253
65.1253
65.1253
65.1253
65.1253
65.1253
65.1253
65.1253
65.1253
65.1253
65.1253
65.1253
65.1253
65.1253
65.1253
65.1253
65.1253
65.1253
65.1253
65.1253
65.1253
65.1253
65.1253
65.1253
65.1253
65.1253
65.1253
65.1253
65.1253
65.1253
65.1253
65.1253
65.1253
65.1253
65.1253
65.1253
65.1253
65.1253
65.1253
65.1253
65.1253
65.1253
65.1253
65.1253
65.1253
65.1253
65.1253
65.1253
65.1253
65.1253
65.1253
65.1253
65.1253
65.1253
65.1253
65.1253
65.1253
65.1253
65.1253
65.1253
65.1253
65.1253
65.1253
65.1253
65.1253
65.1253
65.1253
65.1253
65.1253
65.1253
65.1253
65.1253
65.1253
65.1253
65.1253
65.1253
65.1253
65.1253
65.1253
65.1253
65.1253
65.1253
65.1253
65.1253
65.1253
65.1253
65.1253
65.1253
65.1253
65.1253
65.1253
65.1253
65.1253
65.1253
65.1253
65.1253
65.1253
65.1253
65.1253
65.1253
65.1253
65.1253
65.1253
65.1253
65.1253
65.1253
65.1253
65.1253
65.1253
65.1253
65.1253
65.1253
65.1253
65.1253
65.1253
65.1253
65.1253
65.1253
65.1253
65.1253
65.1253
65.1253
65.1253
65.1253
65.1253
65.1253
65.1253
65.1253
65.1253
65.1253
65.1253
65.1253
65.1253
65.1253
65.1253
65.1253
65.1253
65.1253
65.1253
65.1253
65.1253
65.1253
65.1253
65.1253
65.1253
65.1253
65.1253
65.1253
65.1253
65.1253
65.1253
65.1253
65.1253
65.1253
65.1253
65.1253
65.1253
65.1253
65.1253
65.1253
65.1253
65.1253
65.1253
65.1253
65.1253
65.1253
65.1253
65.1253
65.1253
65.1253
65.1253
65.1253
65.1253
65.1253
65.1253
65.1253
65.1253
65.1253
65.1253
65.1253
65.1253
65.1253
65.1253
65.1253
65.1253
65.1253
65.1253
65.1253
65.1253
65.1253
65.1253
65.1253
65.1253
65.1253
65.1253
65.1253
65.1253
65.1253
65.1253
65.1253
65.1253
65.1253
65.1253
65.1253
65.1253
65.1253
65.1253
65.1253
65.1253
65.1253
65.1253
65.1253
65.1253
65.1253
65.1253
65.1253
65.1253
65.1253
65.1253
65.1253
65.1253
65.1253
65.1253
65.1253
65.1253
65.1253
65.1253
65.1253
65.1253
65.1253
65.1253
65.1253
65.1253
65.1253
65.1253
65.1253
65.1253
65.1253
65.1253
65.1253
65.1253
65.1253
65.1253
65.1253
65.1253
65.1253
65.1253
65.1253
65.1253
65.1253
65.1253
65.1253
65.1253
65.1253
65.1253
65.1253
65.1253
65.1253
65.1253
65.1253
65.1253
65.1253
65.1253
65.1253
65.1253
65.1253
65.1253
65.1253
65.1253
65.1253
65.1253
65.1253
65.1253
65.1253
65.1253
65.1253
65.1253
65.1253
65.1253
65.1253
65.1253
65.1253
65.1253
65.1253
65.1253
65.1253
65.1253
65.1253
65.1253
65.1253
65.1253
65.1253
65.1253
65.1253
65.1253
65.1253
65.1253
65.1253
65.1253
65.1253
65.1253
65.1253
65.1253
65.1253
65.1253
65.1253
65.1253
65.1253
65.1253
65.1253
65.1253
65.1253
65.1253
65.1253
65.1253
65.1253
65.1253
65.1253
65.1253
65.1253
65.1253
65.1253
65.1253
65.1253
65.1253
65.1253
65.1253
65.1253
65.1253
65.1253
65.1253
65.1253
65.1253
65.1253
65.1253
65.1253
65.1253
65.1253
65.1253
65.1253
65.1253
65.1253
65.1253
65.1253
65.1253
65.1253
65.1253
65.1253
65.1253
65.1253
65.1253
65.1253
65.1253
65.1253
65.1253
65.1253
65.1253
65.1253
65.1253
65.1253
65.1253
65.1253
65.1253
65.1253
65.1253
65.1253
65.1253
65.1253
65.1253
65.1253
65.1253
65.1253
65.1253
65.1253
65.1253
65.1253
65.1253
65.1253
65.1253
65.1253
65.1253
65.1253
65.1253
65.1253
65.1253
65.1253
65.1253
65.1253
65.1253
65.1253
65.1253
65.1253
65.1253
65.1253
65.1253
65.1253
65.1253
65.1253
65.1253
65.1253
65.1253
65.1253
65.1253
65.1253
65.1253
65.1253
65.1253
65.1253
65.1253
65.1253
65.1253
65.1253
65.1253
65.1253
65.1253
65.1253
65.1253
65.1253
65.1253
65.1253
65.1253
65.1253
65.1253
65.1253
65.1253
65.1253
65.1253
65.1253
65.1253
65.1253
65.1253
65.1253
65.1253
65.1253
65.1253
65.1253
65.1253
65.1253
65.1253
65.1253
65.1253
65.1253
65.1253
65.1253
65.1253
65.1253
65.1253
65.1253
65.1253
65.1253
65.1253
65.1253
65.1253
65.1253
65.1253
65.1253
65.1253
65.1253
65.1253
65.1253
65.1253
65.1253
65.1253
65.1253
65.1253
65.1253
65.1253
65.1253
65.1253
65.1253
65.1253
65.1253
65.1253
65.1253
65.1253
65.1253
65.1253
65.1253
65.1253
65.1253
65.1253
65.1253
65.1253
65.1253
65.1253
65.1253
65.1253
65.1253
65.1253
65.1253
65.1253
65.1253
65.1253
65.1253
65.1253
65.1253
65.1253
65.1253
65.1253
65.1253
65.1253
65.1253
65.1253
65.1253
65.1253
65.1253
65.1253
65.1253
65.1253
65.1253
65.1253
65.1253
65.1253
65.1253
65.1253
65.1253
65.1253
65.1253
65.1253
65.1253
65.1253
65.1253
65.1253
65.1253
65.1253
65.1253
65.1253
65.1253
65.1253
65.1253
65.1253
65.1253
65.1253
65.1253
65.1253
65.1253
65.1253
65.1253
65.1253
65.1253
65.1253
65.1253
65.1253
65.1253
65.1253
65.1253
65.1253
65.1253
65.1253
65.1253
65.1253
65.1253
65.1253
65.1253
65.1253
65.1253
65.1253
65.1253
65.1253
65.1253
65.1253
65.1253
65.1253
65.1253
65.1253
65.1253
65.1253
65.1253
65.1253
65.1253
65.1253
65.1253
65.1253
65.1253
65.1253
65.1253
65.1253
65.1253
65.1253
65.1253
65.1253
65.1253
65.1253
65.1253
65.1253
65.1253
65.1253
65.1253
65.1253
65.1253
65.1253
65.1253
65.1253
65.1253
65.1253
65.1253
65.1253
65.1253
65.1253
65.1253
65.1253
65.1253
65.1253
65.1253
65.1253
65.1253
65.1253
65.1253
65.1253
65.1253
65.1253
65.1253
65.1253
65.1253
65.1253
65.1253
65.1253
65.1253
65.1253
65.1253
65.1253
65.1253
65.1253
65.1253
65.1253
65.1253
65.1253
65.1253
65.1253
65.1253
65.1253
65.1253
65.1253
65.1253
65.1253
65.1253
65.1253
65.1253
65.1253
65.1253
65.1253
65.1253
65.1253
65.1253
65.1253
65.1253
65.1253
65.1253
65.1253
65.1253
65.1253
65.1253
65.1253
65.1253
65.1253
65.1253
65.1253
65.1253
65.1253
65.1253
65.1253
65.1253
65.1253
65.1253
65.1253
65.1253
65.1253
65.1253
65.1253
65.1253
65.1253
65.1253
65.1253
65.1253
65.1253
65.1253
65.1253
65.1253
65.1253
65.1253
65.1253
65.1253
65.1253
65.1253
65.1253
65.1253
65.1253
65.1253
65.1253
65.1253
65.1253
65.1253
65.1253
65.1253
65.1253
65.1253
65.1253
65.1253
65.1253
65.1253
65.1253
65.1253
65.1253
65.1253
65.1253
65.1253
65.1253
65.1253
65.1253
65.1253
65.1253
65.1253
65.1253
65.1253
65.1253
65.1253
65.1253
65.1253
65.1253
65.1253
65.1253
65.1253
65.1253
65.1253
65.1253
65.1253
65.1253
65.1253
65.1253
65.1253
65.1253
65.1253
65.1253
65.1253
65.1253
65.1253
65.1253
65.1253
65.1253
65.1253
65.1253
65.1253
65.1253
65.1253
65.1253
65.1253
65.1253
65.1253
65.1253
65.1253
65.1253
65.1253
65.1253
65.1253
65.1253
65.1253
65.1253
65.1253
65.1253
65.1253
65.1253
65.1253
65.1253
65.1253
65.1253
65.1253
65.1253
65.1253
65.1253
65.1253
65.1253
65.1253
65.1253
65.1253
65.1253
65.1253
65.1253
65.1253
65.1253
65.1253
65.1253
65.1253
65.1253
65.1253
65.1253
65.1253
65.1253
65.1253
65.1253
65.1253
65.1253
65.1253
65.1253
65.1253
65.1253
65.1253
65.1253
65.1253
65.1253
65.1253
65.1253
65.1253
65.1253
65.1253
65.1253
65.1253
65.1253
65.1253
65.1253
65.1253
65.1253
65.1253
65.1253
65.1253
65.1253
65.1253
65.1253
65.1253
65.1253
65.1253
65.1253
65.1253
65.1253
65.1253
65.1253
65.1253
65.1253
65.1253
65.1253
65.1253
65.1253
65.1253
65.1253
65.1253
65.1253
65.1253
65.1253
65.1253
65.1253
65.1253
65.1253
65.1253
65.1253
65.1253
65.1253
65.1253
65.1253
65.1253
65.1253
65.1253
65.1253
65.1253
65.1253
65.1253
65.1253
65.1253
65.1253
65.1253
65.1253
65.1253
65.1253
65.1253
65.1253
65.1253
65.1253
65.1253
65.1253
65.1253
65.1253
65.1253
65.1253
65.1253
65.1253
65.1253
65.1253
65.1253
65.1253
65.1253
65.1253
65.1253
65.1253
65.1253
65.1253
65.1253
65.1253
65.1253
65.1253
65.1253
65.1253
65.1253
65.1253
65.1253
65.1253
65.1253
65.1253
65.1253
65.1253
65.1253
65.1253
65.1253
65.1253
65.1253
65.1253
65.1253
65.1253
65.1253
65.1253
65.1253
65.1253
65.1253
65.1253
65.1253
65.1253
65.1253
65.1253
65.1253
65.1253
65.1253
65.1253
65.1253
65.1253
65.1253
65.1253
65.1253
65.1253
65.1253
65.1253
65.1253
65.1253
65.1253
65.1253
65.1253
65.1253
65.1253
65.1253
65.1253
65.1253
65.1253
65.1253
65.1253
65.1253
65.1253
65.1253
65.1253
65.1253
65.1253
65.1253
65.1253
65.1253
65.1253
65.1253
65.1253
65.1253
65.1253
65.1253
65.1253
65.1253
65.1253
65.1253
65.1253
65.1253
65.1253
65.1253
65.1253
65.1253
65.1253
65.1253
65.1253
65.1253
65.1253
65.1253
65.1253
65.1253
65.1253
65.1253
65.1253
65.1253
65.1253
65.1253
65.1253
65.1253
65.1253
65.1253
65.1253
65.1253
65.1253
65.1253
65.1253
65.1253
65.1253
65.1253
65.1253
65.1253
65.1253
65.1253
65.1253
65.1253
65.1253
65.1253
65.1253
65.1253
65.1253
65.1253
65.1253
65.1253
65.1253
65.1253
65.1253
65.1253
65.1253
65.1253
65.1253
65.1253
65.1253
65.1253
65.1253
65.1253
65.1253
65.1253
65.1253
65.1253
65.1253
65.1253
65.1253
65.1253
65.1253
65.1253
65.1253
65.1253
65.1253
65.1253
65.1253
65.1253
65.1253
65.1253
65.1253
65.1253
65.1253
65.1253
65.1253
65.1253
65.1253
65.1253
65.1253
65.1253
65.1253
65.1253
65.1253
65.1253
65.1253
65.1253
65.1253
65.1253
65.1253
65.1253
65.1253
65.1253
65.1253
65.1253
65.1253
65.1253
65.1253
65.1253
65.1253
65.1253
65.1253
65.1253
65.1253
65.1253
65.1253
65.1253
65.1253
65.1253
65.1253
65.1253
65.1253
65.1253
65.1253
65.1253
65.1253
65.1253
65.1253
65.1253
65.1253
65.1253
65.1253
65.1253
65.1253
65.1253
65.1253
65.1253
65.1253
65.1253
65.1253
65.1253
65.1253
65.1253
65.1253
65.1253
65.1253
65.1253
65.1253
65.1253
65.1253
65.1253
65.1253
65.1253
65.1253
65.1253
65.1253
65.1253
65.1253
65.1253
65.1253
65.1253
65.1253
65.1253
65.1253
65.1253
65.1253
65.1253
65.1253
65.1253
65.1253
65.1253
65.1253
65.1253
65.1253
65.1253
65.1253
65.1253
65.1253
65.1253
65.1253
65.1253
65.1253
65.1253
65.1253
65.1253
65.1253
65.1253
65.1253
65.1253
65.1253
65.1253
65.1253
65.1253
65.1253
65.1253
65.1253
65.1253
65.1253
65.1253
65.1253
65.1253
65.1253
65.1253
65.1253
65.1253
65.1253
65.1253
65.1253
65.1253
65.1253
65.1253
65.1253
65.1253
65.1253
65.1253
65.1253
65.1253
65.1253
65.1253
65.1253
65.1253
65.1253
65.1253
65.1253
65.1253
65.1253
65.1253
65.1253
65.1253
65.1253
65.1253
65.1253
65.1253
65.1253
65.1253
65.1253
65.1253
65.1253
65.1253
65.1253
65.1253
65.1253
65.1253
65.1253
65.1253
65.1253
65.1253
65.1253
65.1253
65.1253
65.1253
65.1253
65.1253
65.1253
65.1253
65.1253
65.1253
65.1253
65.1253
65.1253
65.1253
65.1253
65.1253
65.1253
65.1253
65.1253
65.1253
65.1253
65.1253
65.1253
65.1253
65.1253
65.1253
65.1253
65.1253
65.1253
65.1253
65.1253
65.1253
65.1253
65.1253
65.1253
65.1253
65.1253
65.1253
65.1253
65.1253
65.1253
65.1253
65.1253
65.1253
65.1253
65.1253
65.1253
65.1253
65.1253
65.1253
65.1253
65.1253
65.1253
65.1253
65.1253
65.1253
65.1253
65.1253
65.1253
65.1253
65.1253
65.1253
65.1253
65.1253
65.1253
65.1253
65.1253
65.1253
65.1253
65.1253
65.1253
65.1253
65.1253
65.1253
65.1253
65.1253
65.1253
65.1253
65.1253
65.1253
65.1253
65.1253
65.1253
65.1253
65.1253
65.1253
65.1253
65.1253
65.1253
65.1253
65.1253
65.1253
65.1253
65.1253
65.1253
65.1253
65.1253
65.1253
65.1253
65.1253
65.1253
65.1253
65.1253
65.1253
65.1253
65.1253
65.1253
65.1253
65.1253
65.1253
65.1253
65.1253
65.1253
65.1253
65.1253
65.1253
65.1253
65.1253
65.1253
65.1253
65.1253
65.1253
65.1253
65.1253
65.1253
65.1253
65.1253
65.1253
65.1253
65.1253
65.1253
65.1253
65.1253
65.1253
65.1253
65.1253
65.1253
65.1253
65.1253
65.1253
65.1253
65.1253
65.1253
65.1253
65.1253
65.1253
65.1253
65.1253
65.1253
65.1253
65.1253
65.1253
65.1253
65.1253
65.1253
65.1253
65.1253
65.1253
65.1253
65.1253
65.1253
65.1253
65.1253
65.1253
65.1253
65.1253
65.1253
65.1253
65.1253
65.1253
65.1253
65.1253
65.1253
65.1253
65.1253
65.1253
65.1253
65.1253
65.1253
65.1253
65.1253
65.1253
65.1253
65.1253
65.1253
65.1253
65.1253
65.1253
65.1253
65.1253
65.1253
65.1253
65.1253
65.1253
65.1253
65.1253
65.1253
65.1253
65.1253
65.1253
65.1253
65.1253
65.1253
65.1253
65.1253
65.1253
65.1253
65.1253
65.1253
65.1253
65.1253
65.1253
65.1253
65.1253
65.1253
65.1253
65.1253
65.1253
65.1253
65.1253
65.1253
65.1253
65.1253
65.1253
65.1253
65.1253
65.1253
65.1253
65.1253
65.1253
65.1253
65.1253
65.1253
65.1253
65.1253
65.1253
65.1253
65.1253
65.1253
65.1253
65.1253
65.1253
65.1253
65.1253
65.1253
65.1253
65.1253
65.1253
65.1253
65.1253
65.1253
65.1253
65.1253
65.1253
65.1253
65.1253
65.1253
65.1253
65.1253
65.1253
65.1253
65.1253
65.1253
65.1253
65.1253
65.1253
65.1253
65.1253
65.1253
65.1253
65.1253
65.1253
65.1253
65.1253
65.1253
65.1253
65.1253
65.1253
65.1253
65.1253
65.1253
65.1253
65.1253
65.1253
65.1253
65.1253
65.1253
65.1253
65.1253
65.1253
65.1253
65.1253
65.1253
65.1253
65.1253
65.1253
65.1253
65.1253
65.1253
65.1253
65.1253
65.1253
65.1253
65.1253
65.1253
65.1253
65.1253
65.1253
65.1253
65.1253
65.1253
65.1253
65.1253
65.1253
65.1253
65.1253
65.1253
65.1253
65.1253
65.1253
65.1253
65.1253
65.1253
65.1253
65.1253
65.1253
65.1253
65.1253
65.1253
65.1253
65.1253
65.1253
65.1253
65.1253
65.1253
65.1253
65.1253
65.1253
65.1253
65.1253
65.1253
65.1253
65.1253
65.1253
65.1253
65.1253
65.1253
65.1253
65.1253
65.1253
65.1253
65.1253
65.1253
65.1253
65.1253
65.1253
65.1253
65.1253
65.1253
65.1253
65.1253
65.1253
65.1253
65.1253
65.1253
65.1253
65.1253
65.1253
65.1253
65.1253
65.1253
65.1253
65.1253
65.1253
65.1253
65.1253
65.1253
65.1253
65.1253
65.1253
65.1253
65.1253
65.1253
65.1253
65.1253
65.1253
65.1253
65.1253
65.1253
65.1253
65.1253
65.1253
65.1253
65.1253
65.1253
65.1253
65.1253
65.1253
65.1253
65.1253
65.1253
65.1253
65.1253
65.1253
65.1253
65.1253
65.1253
65.1253
65.1253
65.1253
65.1253
65.1253
65.1253
65.1253
65.1253
65.1253
65.1253
65.1253
65.1253
65.1253
65.1253
65.1253
65.1253
65.1253
65.1253
65.1253
65.1253
65.1253
65.1253
65.1253
65.1253
65.1253
65.1253
65.1253
65.1253
65.1253
65.1253
65.1253
65.1253
65.1253
65.1253
65.1253
65.1253
65.1253
65.1253
65.1253
65.1253
65.1253
65.1253
65.1253
65.1253
65.1253
65.1253
65.1253
65.1253
65.1253
65.1253
65.1253
65.1253
65.1253
65.1253
65.1253
65.1253
65.1253
65.1253
65.1253
65.1253
65.1253
65.1253
65.1253
65.1253
65.1253
65.1253
65.1253
65.1253
65.1253
65.1253
65.1253
65.1253
65.1253
65.1253
65.1253
65.1253
65.1253
65.1253
65.1253
65.1253
65.1253
65.1253
65.1253
65.1253
65.1253
65.1253
65.1253
65.1253
65.1253
65.1253
65.1253
65.1253
65.1253
65.1253
65.1253
65.1253
65.1253
65.1253
65.1253
65.1253
65.1253
65.1253
65.1253
65.1253
65.1253
65.1253
65.1253
65.1253
65.1253
65.1253
65.1253
65.1253
65.1253
65.1253
65.1253
65.1253
65.1253
65.1253
65.1253
65.1253
65.1253
65.1253
65.1253
65.1253
65.1253
65.1253
65.1253
65.1253
65.1253
65.1253
65.1253
65.1253
65.1253
65.1253
65.1253
65.1253
65.1253
65.1253
65.1253
65.1253
65.1253
65.1253
65.1253
65.1253
65.1253
65.1253
65.1253
65.1253
65.1253
65.1253
65.1253
65.1253
65.1253
65.1253
65.1253
65.1253
65.1253
65.1253
65.1253
65.1253
65.1253
65.1253
65.1253
65.1253
65.1253
65.1253
65.1253
65.1253
65.1253
65.1253
65.1253
65.1253
65.1253
65.1253
65.1253
65.1253
65.1253
65.1253
65.1253
65.1253
65.1253
65.1253
65.1253
65.1253
65.1253
65.1253
65.1253
65.1253
65.1253
65.1253
65.1253
65.1253
65.1253
65.1253
65.1253
65.1253
65.1253
65.1253
65.1253
65.1253
65.1253
65.1253
65.1253
65.1253
65.1253
65.1253
65.1253
65.1253
65.1253
65.1253
65.1253
65.1253
65.1253
65.1253
65.1253
65.1253
65.1253
65.1253
65.1253
65.1253
65.1253
65.1253
65.1253
65.1253
65.1253
65.1253
65.1253
65.1253
65.1253
65.1253
65.1253
65.1253
65.1253
65.1253
65.1253
65.1253
65.1253
65.1253
65.1253
65.1253
65.1253
65.1253
65.1253
65.1253
65.1253
65.1253
65.1253
65.1253
65.1253
65.1253
65.1253
65.1253
65.1253
65.1253
65.1253
65.1253
65.1253
65.1253
65.1253
65.1253
65.1253
65.1253
65.1253
65.1253
65.1253
65.1253
65.1253
65.1253
65.1253
65.1253
65.1253
65.1253
65.1253
65.1253
65.1253
65.1253
65.1253
65.1253
65.1253
65.1253
65.1253
65.1253
65.1253
65.1253
65.1253
65.1253
65.1253
65.1253
65.1253
65.1253
65.1253
65.1253
65.1253
65.1253
65.1253
65.1253
65.1253
65.1253
65.1253
65.1253
65.1253
65.1253
65.1253
65.1253
65.1253
65.1253
65.1253
65.1253
65.1253
65.1253
65.1253
65.1253
65.1253
65.1253
65.1253
65.1253
65.1253
65.1253
65.1253
65.1253
65.1253
65.1253
65.1253
65.1253
65.1253
65.1253
65.1253
65.1253
65.1253
65.1253
65.1253
65.1253
65.1253
65.1253
65.1253
65.1253
65.1253
65.1253
65.1253
65.1253
65.1253
65.1253
65.1253
65.1253
65.1253
65.1253
65.1253
65.1253
65.1253
65.1253
65.1253
65.1253
65.1253
65.1253
65.1253
65.1253
65.1253
65.1253
65.1253
65.1253
65.1253
65.1253
65.1253
65.1253
65.1253
65.1253
65.1253
65.1253
65.1253
65.1253
65.1253
65.1253
65.1253
65.1253
65.1253
65.1253
65.1253
65.1253
65.1253
65.1253
65.1253
65.1253
65.1253
65.1253
65.1253
65.1253
65.1253
65.1253
65.1253
65.1253
65.1253
65.1253
65.1253
65.1253
65.1253
65.1253
65.1253
65.1253
65.1253
65.1253
65.1253
65.1253
65.1253
65.1253
65.1253
65.1253
65.1253
65.1253
65.1253
65.1253
65.1253
65.1253
65.1253
65.1253
65.1253
65.1253
65.1253
65.1253
65.1253
65.1253
65.1253
65.1253
65.1253
65.1253
65.1253
65.1253
65.1253
65.1253
65.1253
65.1253
65.1253
65.1253
65.1253
65.1253
65.1253
65.1253
65.1253
65.1253
65.1253
65.1253
65.1253
65.1253
65.1253
65.1253
65.1253
65.1253
65.1253
65.1253
65.1253
65.1253
65.1253
65.1253
65.1253
65.1253
65.1253
65.1253
65.1253
65.1253
65.1253
65.1253
65.1253
65.1253
65.1253
65.1253
65.1253
65.1253
65.1253
65.1253
65.1253
65.1253
65.1253
65.1253
65.1253
65.1253
65.1253
65.1253
65.1253
65.1253
65.1253
65.1253
65.1253
65.1253
65.1253
65.1253
65.1253
65.1253
65.1253
65.1253
65.1253
65.1253
65.1253
65.1253
65.1253
65.1253
65.1253
65.1253
65.1253
65.1253
65.1253
65.1253
65.1253
65.1253
65.1253
65.1253
65.1253
65.1253
65.1253
65.1253
65.1253
65.1253
65.1253
65.1253
65.1253
65.1253
65.1253
65.1253
65.1253
65.1253
65.1253
65.1253
65.1253
65.1253
65.1253
65.1253
65.1253
65.1253
65.1253
65.1253
65.1253
65.1253
65.1253
65.1253
65.1253
65.1253
65.1253
65.1253
65.1253
65.1253
65.1253
65.1253
65.1253
65.1253
65.1253
65.1253
65.1253
65.1253
65.1253
65.1253
65.1253
65.1253
65.1253
65.1253
65.1253
65.1253
65.1253
65.1253
65.1253
65.1253
65.1253
65.1253
65.1253
65.1253
65.1253
65.1253
65.1253
65.1253
65.1253
65.1253
65.1253
65.1253
65.1253
65.1253
65.1253
65.1253
65.1253
65.1253
65.1253
65.1253
65.1253
65.1253
65.1253
65.1253
65.1253
65.1253
65.1253
65.1253
65.1253
65.1253
65.1253
65.1253
65.1253
65.1253
65.1253
65.1253
65.1253
65.1253
65.1253
65.1253
65.1253
65.1253
65.1253
65.1253
65.1253
65.1253
65.1253
65.1253
65.1253
65.1253
65.1253
65.1253
65.1253
65.1253
65.1253
65.1253
65.1253
65.1253
65.1253
65.1253
65.1253
65.1253
65.1253
65.1253
65.1253
65.1253
65.1253
65.1253
65.1253
65.1253
65.1253
65.1253
65.1253
65.1253
65.1253
65.1253
65.1253
65.1253
65.1253
65.1253
65.1253
65.1253
65.1253
65.1253
65.1253
65.1253
65.1253
65.1253
65.1253
65.1253
65.1253
65.1253
65.1253
65.1253
65.1253
65.1253
65.1253
65.1253
65.1253
65.1253
65.1253
65.1253
65.1253
65.1253
65.1253
65.1253
65.1253
65.1253
65.1253
65.1253
65.1253
65.1253
65.1253
65.1253
65.1253
65.1253
65.1253
65.1253
65.1253
65.1253
65.1253
65.1253
65.1253
65.1253
65.1253
65.1253
65.1253
65.1253
65.1253
65.1253
65.1253
65.1253
65.1253
65.1253
65.1253
65.1253
65.1253
65.1253
65.1253
65.1253
65.1253
65.1253
65.1253
65.1253
65.1253
65.1253
65.1253
65.1253
65.1253
65.1253
65.1253
65.1253
65.1253
65.1253
65.1253
65.1253
65.1253
65.1253
65.1253
65.1253
65.1253
65.1253
65.1253
65.1253
65.1253
65.1253
65.1253
65.1253
65.1253
65.1253
65.1253
65.1253
65.1253
65.1253
65.1253
65.1253
65.1253
65.1253
65.1253
65.1253
65.1253
65.1253
65.1253
65.1253
65.1253
65.1253
65.1253
65.1253
65.1253
65.1253
65.1253
65.1253
65.1253
65.1253
65.1253
65.1253
65.1253
65.1253
65.1253
65.1253
65.1253
65.1253
65.1253
65.1253
65.1253
65.1253
65.1253
65.1253
65.1253
65.1253
65.1253
65.1253
65.1253
65.1253
65.1253
65.1253
65.1253
65.1253
65.1253
65.1253
65.1253
65.1253
65.1253
65.1253
65.1253
65.1253
65.1253
65.1253
65.1253
65.1253
65.1253
65.1253
65.1253
65.1253
65.1253
65.1253
65.1253
65.1253
65.1253
65.1253
65.1253
65.1253
65.1253
65.1253
65.1253
65.1253
65.1253
65.1253
65.1253
65.1253
65.1253
65.1253
65.1253
65.1253
65.1253
