      -0.0320658        -1.48101       -0.475809
        -0.60838        0.135574        -1.38996
       0.0406209        0.780149        0.255064
      -0.0347269        -1.32012        -1.83068
     -0.00117037       -0.447861       -0.214894
        0.765162        -0.53361        -0.64572
        0.281877       -0.442967        0.448828
       -0.827845         1.19233       -0.191209
         -1.0768        0.273166        0.101534
       -0.621313        -2.42833         -1.1632
      0.00849152        -1.03013        0.638331
        -2.39025        0.104781         1.58892
        0.527051        0.434816       -0.569546
         1.54366       -0.337316         1.35117
        -1.14155        0.613573        0.492986
        0.657077       -0.807215        0.137518
        -2.47341         1.45783       -0.613914
         2.39055       -0.629699        0.641354
       0.0584934       -0.568556      -0.0729034
         1.32504        -1.15498        -1.14683
         2.01917        -1.67182        0.749884
        -1.11576        -1.27821        -1.48607
       -0.235345       -0.663121        -1.42655
         1.31388       -0.691961         -1.1223
       0.0140905       -0.782124        0.341419
        0.569082       -0.207952       -0.754246
       -0.393884       -0.147077         1.97364
        0.804481        -1.12902      -0.0283632
         1.29193         1.00123        -1.77693
         2.66932        -1.31029          0.2943
          1.1417     -0.00252664       -0.420714
        -1.43468      -0.0845867       -0.432214
        -0.21173         2.06324        -0.48232
        -1.26235        0.534226         2.07179
        0.306006        0.793337         2.47392
       -0.331629        0.256613        0.148799
        -1.22957          1.1471       -0.764071
        0.935854         1.13486        0.250798
         1.64544          0.4231        -1.28598
        0.222401      -0.0479205        -2.42857
       -0.562782         1.67576        -1.44217
       -0.943103        0.515047       -0.269693
      -0.0604333       -0.316275      -0.0880006
        0.059333        -1.41101       -0.505454
        -1.07524       -0.309924         1.22563
        -1.20613        0.128233       -0.939581
       -0.777224       -0.915546        0.348761
        0.643795        0.686556       -0.911963
         1.24387       -0.579364         2.32122
        0.340537        0.958872        0.160874
         1.08959        -1.84673        -1.52673
        0.238204       -0.468713       -0.251747
        -1.34709       -0.836499        -1.30572
       -0.111323        0.988512          1.8613
      -0.0454783         1.22383       -0.606311
        0.694641       -0.983871       -0.307864
       -0.334495         1.53855       -0.242112
        -0.42102         -1.1636        -0.55645
         1.28248         2.25053        -0.32795
        -1.19757        -2.66155       -0.638693
        0.033688        0.506103       -0.503349
        0.851138         1.71736       -0.368469
      -0.0379906       -0.147699        0.452028
         1.04683        0.117035         2.34282
       -0.712833       -0.926105        0.293799
        0.789396        0.121604       -0.137367
        0.817446        0.800033      -0.0955297
          1.7874         1.02508         0.20953
       -0.918242        -0.34836         1.07225
        -0.59785       0.0922021        0.194831
       -0.362454       -0.495157         2.20659
       -0.138641       -0.471208         2.50828
        0.691112        0.654864       -0.174092
      -0.0124474        0.536129        0.714974
         -1.4502         2.05894       -0.252127
         0.49583        0.345605        -1.48047
       -0.597907       -0.804263        0.880308
        -0.41613       -0.653957       0.0801531
        -2.51302         -2.0545        -0.42501
       -0.457489       -0.525011         2.65781
        -0.59838       -0.224421         1.42521
        -0.56159        -1.41603       -0.253939
       -0.601881        0.122062      -0.0211034
        0.377531         1.11802        -1.09109
        0.527099        0.396653       -0.468395
         1.89286      -0.0380905       -0.616897
        0.688962        0.221351         0.19627
        -1.29985        0.580819        0.354193
         1.03569         1.52729         1.10723
      0.00663369        0.573922        0.486836
       -0.859818       -0.160426        -1.06303
       -0.943537        0.459021           -1.82
         0.76742       0.0417891        -1.83026
       -0.273609         1.06168        0.422532
         1.12964         3.09528        -0.54181
        0.488881       -0.176974         1.94889
        0.167322        0.629035        0.262789
        -1.90031        0.481983       -0.200918
       -0.227511       -0.480787       -0.610477
        0.708721        -1.51074         1.55961
        -1.97493        -2.06146       -0.200919
        -1.71269       0.0982636         1.01499
       -0.580402          1.2091       -0.647029
        -1.30854        -1.32211         1.05101
         1.61587         1.34065        0.301332
        0.186973         1.32683       -0.828081
         1.53618       -0.782386       0.0131471
        0.796171        0.720639        0.638345
