-6.59582
-6.59747
-6.59954
-6.60173
-6.60401
-6.60608
-6.60922
-6.61149
-6.61385
-6.61597
-6.61882
-6.62176
-6.62511
-6.62755
-6.63039
-6.63297
-6.63594
-6.63832
-6.64109
-6.64325
-6.64676
-6.6503
-6.65356
-6.65718
-6.65953
-6.66287
-6.66655
-6.66959
-6.6733
-6.67669
-6.68007
-6.68345
-6.68715
-6.69018
-6.69384
-6.69684
-6.70045
-6.70274
-6.70597
-6.70819
-6.71167
-6.7151
-6.71848
-6.72116
-6.72411
-6.727
-6.72918
-6.73194
-6.73464
-6.73727
-6.73983
-6.74231
-6.74537
-6.74836
-6.75061
-6.75312
-6.75424
-6.75626
-6.75884
-6.76133
-6.7631
-6.76445
-6.76604
-6.76787
-6.76929
-6.76997
-6.77121
-6.77236
-6.77375
-6.77472
-6.7756
-6.7764
-6.77711
-6.7774
-6.77825
-6.77934
-6.78034
-6.7806
-6.78078
-6.78054
-6.78022
-6.78013
-6.77866
-6.7784
-6.7774
-6.77697
-6.77677
-6.77649
-6.77548
-6.7747
-6.77416
-6.77354
-6.77218
-6.77073
-6.76952
-6.76856
-6.76782
-6.76636
-6.76448
-6.7635
-6.76178
-6.7603
-6.75808
-6.75643
-6.75405
-6.75192
-6.74937
-6.7461
-6.74372
-6.74126
-6.73937
-6.7361
-6.73308
-6.7303
-6.72681
-6.72453
-6.72153
-6.71846
-6.71467
-6.71146
-6.70785
-6.70516
-6.70207
-6.69925
-6.69604
-6.69181
-6.68784
-6.68447
-6.68039
-6.67692
-6.67339
-6.66918
-6.66557
-6.66192
-6.65791
-6.65451
-6.65075
-6.64664
-6.64251
-6.63835
-6.6345
-6.63062
-6.62674
-6.6222
-6.6183
-6.61375
-6.6092
-6.60562
-6.60141
-6.59689
-6.59238
-6.58854
-6.58473
-6.57997
-6.57589
-6.5712
-6.56751
-6.56323
-6.55834
-6.55416
-6.55036
-6.54629
-6.54229
-6.53868
-6.53514
-6.53233
-6.52862
-6.52533
-6.52213
-6.51871
-6.51602
-6.51311
-6.51063
-6.50794
-6.50568
-6.50289
-6.50118
-6.49896
-6.49718
-6.49455
-6.49368
-6.49133
-6.4904
-6.48897
-6.48735
-6.48555
-6.48454
-6.484
-6.48296
-6.48239
-6.48197
-6.48137
-6.48125
-6.48128
-6.4821
-6.48177
-6.48289
-6.48319
-6.48428
-6.4852
-6.48626
-6.48681
-6.48816
-6.49029
-6.49191
-6.49368
-6.49622
-6.49857
-6.50072
-6.50333
-6.5054
-6.5076
-6.51024
-6.513
-6.51554
-6.51786
-6.52093
-6.52378
-6.52705
-6.52976
-6.53418
-6.53739
-6.54068
-6.54438
-6.54814
-6.5523
-6.55555
-6.55952
-6.56354
-6.56761
-6.57174
-6.57624
-6.58046
-6.58439
-6.58869
-6.5927
-6.59674
-6.60113
-6.60425
-6.60967
-6.61414
-6.61895
-6.62377
-6.62893
-6.63281
-6.63767
-6.64286
-6.6474
-6.65227
-6.65681
-6.66167
-6.66587
-6.66975
-6.67426
-6.67908
-6.68357
-6.68869
-6.69282
-6.69758
-6.70264
-6.70702
-6.71106
-6.71538
-6.72065
-6.72491
-6.72882
-6.73333
-6.73748
-6.74191
-6.74597
-6.74901
-6.75265
-6.75688
-6.76106
-6.76549
-6.76858
-6.77191
-6.77486
-6.77774
-6.78055
-6.78392
-6.78722
-6.7901
-6.79355
-6.79627
-6.79922
-6.80207
-6.80515
-6.80716
-6.80971
-6.81152
-6.81418
-6.81642
-6.81886
-6.82152
-6.82342
-6.82553
-6.82687
-6.82874
-6.83049
-6.83212
-6.83331
-6.83373
-6.83499
-6.83582
-6.83684
-6.8384
-6.83886
-6.83856
-6.83878
-6.8389
-6.83889
-6.83781
-6.83758
-6.83724
-6.83712
-6.83786
-6.83786
-6.83647
-6.83595
-6.83501
-6.83333
-6.83254
-6.83199
-6.83104
-6.82904
-6.8273
-6.82548
-6.82457
-6.82327
-6.82094
-6.81953
-6.81773
-6.81557
-6.81336
-6.81175
-6.80849
-6.80616
-6.80314
-6.80107
-6.79928
-6.79747
-6.79499
-6.7928
-6.7906
-6.78837
-6.78613
-6.78517
-6.78289
-6.78061
-6.77798
-6.77535
-6.77271
-6.77104
-6.76936
-6.76801
-6.76568
-6.76367
-6.76134
-6.75966
-6.75701
-6.75469
-6.75205
-6.75039
-6.7481
-6.74678
-6.74419
-6.74193
-6.73936
-6.73713
-6.7346
-6.73176
-6.72991
-6.72776
-6.72564
-6.72451
-6.72245
-6.72105
-6.71937
-6.71771
-6.71609
-6.7145
-6.71199
-6.70918
-6.70739
-6.70597
-6.70394
-6.70293
-6.70131
-6.69942
-6.69757
-6.69577
-6.69467
-6.69232
-6.69196
-6.69068
-6.68914
-6.68764
-6.68587
-6.6861
-6.68476
-6.68348
-6.68289
-6.68171
-6.68026
-6.67982
-6.68009
-6.67879
-6.67818
-6.67795
-6.67776
-6.67762
-6.6772
-6.67617
-6.67519
-6.67424
-6.67399
-6.67376
-6.67357
-6.67374
-6.67361
-6.6748
-6.67473
-6.67305
-6.67302
-6.673
-6.67299
-6.67332
-6.67301
-6.6727
-6.67272
-6.67306
-6.67339
-6.67274
-6.6724
-6.67302
-6.67298
-6.67291
-6.67281
-6.67236
-6.67253
-6.67266
-6.67341
-6.67313
-6.67282
-6.67277
-6.67236
-6.67156
-6.67071
-6.66979
-6.66946
-6.66873
-6.66762
-6.66772
-6.66678
-6.66641
-6.665
-6.66382
-6.66127
-6.65993
-6.65818
-6.6557
-6.6541
-6.65144
-6.64869
-6.64715
-6.64519
-6.6425
-6.64037
-6.6388
-6.63616
-6.63377
-6.63161
-6.62905
-6.62641
-6.62369
-6.62057
-6.6177
-6.61411
-6.6111
-6.60706
-6.60361
-6.60011
-6.59688
-6.59296
-6.59061
-6.58726
-6.5842
-6.58112
-6.5777
-6.57459
-6.57083
-6.56771
-6.5646
-6.5615
-6.5581
-6.55537
-6.55235
-6.54969
-6.54579
-6.54162
-6.5388
-6.53573
-6.53273
-6.52982
-6.52666
-6.52393
-6.52098
-6.51813
-6.51605
-6.51377
-6.51161
-6.50861
-6.50673
-6.50467
-6.50308
-6.50197
-6.50006
-6.49895
-6.49801
-6.49724
-6.49633
-6.49591
-6.49568
-6.49531
-6.49577
-6.49642
-6.49725
-6.49795
-6.49883
-6.49925
-6.50018
-6.50129
-6.50322
-6.50501
-6.50697
-6.5091
-6.51139
-6.51384
-6.51644
-6.51919
-6.52176
-6.52543
-6.52825
-6.5312
-6.53426
-6.53742
-6.54132
-6.54499
-6.5497
-6.55449
-6.55869
-6.56294
-6.56627
-6.5706
-6.57464
-6.57869
-6.58244
-6.58651
-6.5909
-6.59496
-6.59868
-6.60238
-6.60637
-6.61032
-6.61391
-6.6181
-6.62192
-6.62536
-6.62874
-6.63174
-6.63531
-6.63882
-6.64226
-6.64562
-6.64891
-6.65212
-6.65492
-6.65764
-6.66029
-6.66382
-6.6663
-6.66934
-6.67197
-6.67517
-6.67731
-6.68034
-6.68329
-6.68615
-6.68828
-6.69066
-6.69327
-6.69484
-6.69536
-6.69742
-6.69875
-6.70033
-6.70151
-6.7036
-6.70463
-6.70592
-6.70811
-6.70927
-6.71068
-6.71137
-6.71265
-6.71419
-6.71502
-6.71546
-6.71585
-6.71779
-6.7187
-6.71891
-6.71971
-6.72012
-6.72049
-6.72112
-6.7217
-6.72288
-6.72304
-6.72379
-6.72353
-6.72321
-6.72349
-6.72373
-6.7236
-6.7231
-6.72287
-6.72163
-6.721
-6.72032
-6.71896
-6.7182
-6.71676
-6.7169
-6.71636
-6.71545
-6.71419
-6.71321
-6.71286
-6.71182
-6.71108
-6.71031
-6.70951
-6.70869
-6.70785
-6.70731
-6.70643
-6.70585
-6.70526
-6.70466
-6.70372
-6.70343
-6.70183
-6.70056
-6.70026
-6.69932
-6.69838
-6.69745
-6.69557
-6.69563
-6.69442
-6.69324
-6.69175
-6.69126
-6.68983
-6.6894
-6.689
-6.68929
-6.688
-6.68772
-6.68781
-6.68731
-6.68685
-6.68709
-6.68642
-6.68677
-6.68653
-6.68636
-6.68656
-6.68651
-6.68651
-6.68626
-6.68639
-6.68692
-6.68751
-6.68784
-6.68824
-6.68839
-6.6886
-6.68887
-6.68953
-6.69025
-6.69072
-6.69124
-6.69182
-6.69375
-6.69476
-6.69582
-6.69661
-6.69778
-6.69931
-6.70023
-6.70087
-6.70187
-6.70258
-6.7043
-6.70604
-6.70747
-6.70893
-6.7117
-6.71351
-6.71437
-6.71555
-6.71738
-6.71921
-6.72039
-6.72254
-6.72338
-6.72485
-6.7263
-6.72806
-6.72979
-6.73149
-6.73219
-6.7335
-6.7351
-6.73633
-6.7372
-6.73834
-6.73911
-6.73983
-6.74016
-6.74077
-6.74131
-6.74275
-6.74381
-6.7448
-6.74604
-6.74592
-6.74636
-6.74738
-6.74734
-6.74755
-6.748
-6.74772
-6.74735
-6.74786
-6.74829
-6.7483
-6.74823
-6.74741
-6.74681
-6.7458
-6.74502
-6.74544
-6.74447
-6.7434
-6.74256
-6.74163
-6.7406
-6.73915
-6.73761
-6.73597
-6.73424
-6.73209
-6.73083
-6.72819
-6.72578
-6.72395
-6.72171
-6.71939
-6.717
-6.71454
-6.71233
-6.70941
-6.70741
-6.70373
-6.70032
-6.69784
-6.69467
-6.69178
-6.68821
-6.68493
-6.68228
-6.67831
-6.67628
-6.67358
-6.66992
-6.66787
-6.66518
-6.6625
-6.66017
-6.65688
-6.65394
-6.65103
-6.64783
-6.64564
-6.64285
-6.6401
-6.63708
-6.63443
-6.63184
-6.62996
-6.62781
-6.62541
-6.62307
-6.62049
-6.61797
-6.61585
-6.6138
-6.61183
-6.60961
-6.60811
-6.60669
-6.60503
-6.60376
-6.60257
-6.60146
-6.60075
-6.59979
-6.59858
-6.5981
-6.59704
-6.59541
-6.59385
-6.59268
-6.59062
-6.58927
-6.58832
-6.58679
-6.58661
-6.58618
-6.58548
-6.58517
-6.58428
-6.58442
-6.58397
-6.5839
-6.58421
-6.58394
-6.58372
-6.58453
-6.58475
-6.58502
-6.58568
-6.58606
-6.58651
-6.58733
-6.58757
-6.58786
-6.5882
-6.58893
-6.59101
-6.59186
-6.59308
-6.59437
-6.59538
-6.59678
-6.59694
-6.59813
-6.59971
-6.60037
-6.60173
-6.60283
-6.60463
-6.60649
-6.60808
-6.60941
-6.61079
-6.61189
-6.61338
-6.61492
-6.61651
-6.61815
-6.62016
-6.62287
-6.62497
-6.62712
-6.62964
-6.63187
-6.63447
-6.63774
-6.64041
-6.64343
-6.64551
-6.64795
-6.65041
-6.65355
-6.65605
-6.65858
-6.66112
-6.66399
-6.66655
-6.66911
-6.672
-6.67489
-6.67745
-6.68033
-6.68288
-6.68542
-6.68794
-6.6911
-6.69391
-6.69605
-6.6998
-6.70221
-6.70493
-6.70793
-6.71025
-6.71286
-6.7151
-6.71698
-6.71913
-6.72092
-6.72298
-6.72531
-6.72792
-6.73047
-6.73231
-6.73378
-6.73551
-6.73685
-6.73878
-6.74
-6.74116
-6.74258
-6.74263
-6.74425
-6.74514
-6.74533
-6.74577
-6.74679
-6.7471
-6.74831
-6.7501
-6.75086
-6.75122
-6.75184
-6.75207
-6.75224
-6.75202
-6.75206
-6.75236
-6.7526
-6.75277
-6.75288
-6.75326
-6.75324
-6.75317
-6.75304
-6.75188
-6.75099
-6.74971
-6.74935
-6.74894
-6.74879
-6.74827
-6.74704
-6.74642
-6.74606
-6.74533
-6.74488
-6.74437
-6.74349
-6.74224
-6.74159
-6.74025
-6.73886
-6.73807
-6.73659
-6.73572
-6.73448
-6.73288
-6.73188
-6.73052
-6.72912
-6.72801
-6.72622
-6.72471
-6.72317
-6.72127
-6.71967
-6.71738
-6.71571
-6.7137
-6.7123
-6.7112
-6.7104
-6.70829
-6.70616
-6.70368
-6.70184
-6.69966
-6.69682
-6.69527
-6.69306
-6.69085
-6.68928
-6.68771
-6.68615
-6.68329
-6.68205
-6.67953
-6.67767
-6.67582
-6.67398
-6.67249
-6.6707
-6.66893
-6.66752
-6.66614
-6.66415
-6.66187
-6.66093
-6.65938
-6.65821
-6.65741
-6.65635
-6.65437
-6.65245
-6.6519
-6.65012
-6.64905
-6.64871
-6.6478
-6.64664
-6.64557
-6.64555
-6.64498
-6.64449
-6.64442
-6.64412
-6.64392
-6.64414
-6.64478
-6.64487
-6.64507
-6.64504
-6.64544
-6.64497
-6.64525
-6.64595
-6.6474
-6.64797
-6.64897
-6.65006
-6.65092
-6.65188
-6.65356
-6.65533
-6.65654
-6.65815
-6.65983
-6.66127
-6.66309
-6.66562
-6.66757
-6.66957
-6.67129
-6.67307
-6.67585
-6.67835
-6.68056
-6.68312
-6.68506
-6.68734
-6.68932
-6.69195
-6.69491
-6.69756
-6.69988
-6.7022
-6.70418
-6.70583
-6.70811
-6.71004
-6.71228
-6.7145
-6.71668
-6.71883
-6.72127
-6.72303
-6.72475
-6.72707
-6.7287
-6.73126
-6.7328
-6.73461
-6.73636
-6.73839
-6.73971
-6.74097
-6.74249
-6.74363
-6.746
-6.74701
-6.74827
-6.75012
-6.75189
-6.75359
-6.75458
-6.75549
-6.756
-6.75676
-6.75745
-6.75805
-6.75857
-6.75934
-6.75905
-6.75933
-6.75985
-6.75964
-6.75999
-6.75929
-6.7598
-6.76022
-6.75991
-6.75951
-6.75935
-6.75878
-6.7578
-6.75706
-6.75591
-6.755
-6.75498
-6.75326
-6.75275
-6.75183
-6.75083
-6.74942
-6.74793
-6.74636
-6.74504
-6.74299
-6.74087
-6.73931
-6.73704
-6.73502
-6.73325
-6.73141
-6.72853
-6.72623
-6.72452
-6.72177
-6.71961
-6.71706
-6.71511
-6.71245
-6.71006
-6.70664
-6.70415
-6.70097
-6.69774
-6.69479
-6.69148
-6.68813
-6.68506
-6.68196
-6.67851
-6.67535
-6.67217
-6.66863
-6.66572
-6.66215
-6.65791
-6.65561
-6.65264
-6.64967
-6.64636
-6.64306
-6.63975
-6.63546
-6.63216
-6.62886
-6.62589
-6.62325
-6.61966
-6.61673
-6.61253
-6.60932
-6.60645
-6.60362
-6.60016
-6.5977
-6.59528
-6.59224
-6.58924
-6.58628
-6.58335
-6.58047
-6.57796
-6.57518
-6.57276
-6.56976
-6.56745
-6.56519
-6.56202
-6.55955
-6.55682
-6.55383
-6.55122
-6.54867
-6.54717
-6.54508
-6.54338
-6.54143
-6.53955
-6.53773
-6.53599
-6.53432
-6.53272
-6.5312
-6.52943
-6.52805
-6.52643
-6.52521
-6.52277
-6.52203
-6.52105
-6.51981
-6.51898
-6.51822
-6.51722
-6.5163
-6.51577
-6.51564
-6.51527
-6.51432
-6.51377
-6.5133
-6.51322
-6.51322
-6.51328
-6.51374
-6.51395
-6.51423
-6.51457
-6.5153
-6.51512
-6.51566
-6.51625
-6.51626
-6.51698
-6.51775
-6.51857
-6.51945
-6.52006
-6.52039
-6.52141
-6.52216
-6.52327
-6.52507
-6.52594
-6.52685
-6.52747
-6.52877
-6.52977
-6.53113
-6.53283
-6.53456
-6.53599
-6.53647
-6.53793
-6.53909
-6.5409
-6.5424
-6.54391
-6.54542
-6.54662
-6.54813
-6.54933
-6.55116
-6.55235
-6.55384
-6.55501
-6.55648
-6.55794
-6.55971
-6.56113
-6.56351
-6.56489
-6.56658
-6.56856
-6.56988
-6.57149
-6.57242
-6.57332
-6.57517
-6.57699
-6.57845
-6.5789
-6.57965
-6.58037
-6.58138
-6.58236
-6.5833
-6.58389
-6.5851
-6.58562
-6.58709
-6.58789
-6.58897
-6.59004
-6.59075
-6.59144
-6.59211
-6.59276
-6.59339
-6.594
-6.59428
-6.59455
-6.59513
-6.5957
-6.59563
-6.59587
-6.5958
-6.59637
-6.5976
-6.59818
-6.59878
-6.59939
-6.59937
-6.60066
-6.60261
-6.60395
-6.60498
-6.60538
-6.60614
-6.60693
-6.60806
-6.60858
-6.60977
-6.611
-6.61194
-6.6129
-6.61358
-6.61461
-6.61568
-6.61646
-6.61824
-6.62006
-6.62126
-6.62283
-6.62474
-6.6267
-6.62803
-6.6294
-6.63112
-6.63287
-6.63432
-6.6358
-6.63795
-6.63948
-6.64103
-6.64261
-6.6442
-6.64549
-6.64712
-6.64812
-6.65011
-6.65243
-6.65412
-6.65549
-6.6572
-6.65956
-6.6616
-6.66333
-6.66441
-6.66614
-6.66818
-6.66926
-6.6713
-6.67333
-6.67535
-6.67736
-6.67871
-6.68005
-6.68234
-6.68396
-6.68555
-6.6868
-6.68835
-6.68987
-6.69103
-6.69281
-6.6939
-6.69592
-6.6979
-6.69854
-6.69978
-6.70097
-6.70147
-6.70288
-6.70327
-6.70327
-6.70419
-6.70634
-6.70746
-6.70819
-6.70983
-6.71043
-6.71095
-6.71173
-6.71211
-6.71274
-6.7133
-6.7128
-6.71288
-6.71191
-6.71248
-6.71168
-6.71145
-6.71081
-6.71107
-6.71029
-6.71007
-6.70848
-6.70779
-6.70702
-6.70521
-6.7043
-6.70364
-6.70259
-6.70116
-6.7003
-6.69874
-6.69712
-6.69577
-6.69437
-6.6926
-6.69142
-6.69053
-6.68895
-6.68765
-6.68633
-6.68399
-6.68325
-6.68151
-6.6804
-6.67863
-6.67781
-6.67666
-6.67453
-6.67208
-6.67059
-6.66846
-6.66667
-6.66456
-6.66246
-6.66103
-6.65962
-6.65823
-6.65655
-6.65554
-6.6536
-6.65201
-6.65046
-6.64896
-6.64653
-6.64382
-6.64278
-6.64114
-6.63956
-6.63803
-6.63689
-6.63548
-6.63511
-6.63415
-6.63357
-6.63274
-6.63262
-6.6329
-6.63162
-6.63074
-6.63026
-6.62952
-6.6295
-6.62988
-6.62969
-6.62957
-6.62952
-6.62988
-6.62966
-6.63016
-6.63042
-6.63108
-6.63148
-6.63229
-6.63187
-6.6325
-6.63321
-6.63398
-6.63483
-6.63607
-6.63641
-6.63747
-6.63828
-6.63979
-6.64073
-6.64206
-6.64377
-6.64522
-6.64706
-6.64832
-6.64995
-6.65165
-6.65275
-6.65358
-6.65544
-6.65767
-6.65931
-6.66197
-6.66403
-6.66646
-6.66893
-6.67176
-6.67335
-6.67594
-6.67793
-6.67994
-6.68232
-6.68407
-6.68617
-6.68831
-6.69014
-6.69198
-6.6945
-6.69671
-6.69892
-6.70115
-6.70307
-6.70595
-6.70723
-6.71012
-6.71268
-6.71589
-6.71844
-6.72098
-6.72351
-6.72602
-6.72883
-6.73129
-6.73341
-6.73549
-6.73755
-6.73989
-6.74219
-6.74543
-6.74732
-6.7495
-6.75163
-6.75435
-6.75669
-6.75866
-6.76089
-6.76273
-6.76451
-6.76557
-6.76754
-6.7688
-6.7703
-6.77173
-6.77373
-6.775
-6.77587
-6.77764
-6.77867
-6.77963
-6.78082
-6.78128
-6.78198
-6.78259
-6.78312
-6.78357
-6.78425
-6.78419
-6.7847
-6.78513
-6.78514
-6.78572
-6.78621
-6.7863
-6.78597
-6.78525
-6.78476
-6.78387
-6.78322
-6.7825
-6.7817
-6.78051
-6.77956
-6.77822
-6.77616
-6.77566
-6.77476
-6.77381
-6.77182
-6.77074
-6.76864
-6.76712
-6.76588
-6.76425
-6.76258
-6.76087
-6.75911
-6.7573
-6.75545
-6.75422
-6.75262
-6.75067
-6.74868
-6.74634
-6.7443
-6.74255
-6.74046
-6.73835
-6.73687
-6.73472
-6.73256
-6.73071
-6.72853
-6.72537
-6.72285
-6.72098
-6.71845
-6.71657
-6.71405
-6.71185
-6.70998
-6.70779
-6.70529
-6.70311
-6.70095
-6.69944
-6.69698
-6.69582
-6.69371
-6.69129
-6.6892
-6.68714
-6.68445
-6.68275
-6.68042
-6.67746
-6.67517
-6.67355
-6.67131
-6.66878
-6.66691
-6.66538
-6.66324
-6.66112
-6.65967
-6.65792
-6.65554
-6.65352
-6.65184
-6.64987
-6.64857
-6.64599
-6.6441
-6.64287
-6.64135
-6.63953
-6.63838
-6.63662
-6.63487
-6.63348
-6.63342
-6.63209
-6.63078
-6.62918
-6.62794
-6.62608
-6.62489
-6.62374
-6.62262
-6.62185
-6.6208
-6.6201
-6.61943
-6.61848
-6.61756
-6.61635
-6.61519
-6.61406
-6.61362
-6.6129
-6.61189
-6.61093
-6.61099
-6.61044
-6.61027
-6.60982
-6.61071
-6.61036
-6.61038
-6.61045
-6.61025
-6.60946
-6.60937
-6.61063
-6.61097
-6.61136
-6.61149
-6.61135
-6.61126
-6.61188
-6.61222
-6.61295
-6.61308
-6.61359
-6.61416
-6.6151
-6.61674
-6.6181
-6.61855
-6.61904
-6.61991
-6.6205
-6.62113
-6.62212
-6.62348
-6.62456
-6.62566
-6.62713
-6.62829
-6.62981
-6.63103
-6.63228
-6.63321
-6.63449
-6.63546
-6.63676
-6.63807
-6.63938
-6.64069
-6.64201
-6.64332
-6.64397
-6.64559
-6.64687
-6.64781
-6.64938
-6.65029
-6.65084
-6.65235
-6.6535
-6.65431
-6.6554
-6.65614
-6.65651
-6.6575
-6.65781
-6.65936
-6.65991
-6.66107
-6.66187
-6.66261
-6.66332
-6.66398
-6.66492
-6.66582
-6.667
-6.66716
-6.66792
-6.66832
-6.66868
-6.66802
-6.66732
-6.66788
-6.6684
-6.66824
-6.66901
-6.66943
-6.66949
-6.6692
-6.66952
-6.66885
-6.66912
-6.66873
-6.66864
-6.6695
-6.66938
-6.6686
-6.66813
-6.66862
-6.66846
-6.66796
-6.66779
-6.66762
-6.6668
-6.66663
-6.66679
-6.66728
-6.66778
-6.66764
-6.66784
-6.66773
-6.66764
-6.66692
-6.66654
-6.66682
-6.66648
-6.66649
-6.66651
-6.66656
-6.66696
-6.66706
-6.66718
-6.66733
-6.6675
-6.6677
-6.66759
-6.66752
-6.66779
-6.66776
-6.66744
-6.66811
-6.66816
-6.66791
-6.66801
-6.66845
-6.66827
-6.66844
-6.6696
-6.67013
-6.67035
-6.67125
-6.67216
-6.67277
-6.67404
-6.67501
-6.67502
-6.67505
-6.67639
-6.67711
-6.67783
-6.67825
-6.67901
-6.67946
-6.68089
-6.68137
-6.68187
-6.68271
-6.68292
-6.68379
-6.68468
-6.68461
-6.6852
-6.68613
-6.68739
-6.68835
-6.68965
-6.69064
-6.69164
-6.69233
-6.69368
-6.69505
-6.69643
-6.6975
-6.69859
-6.70001
-6.7008
-6.70192
-6.70371
-6.70518
-6.70602
-6.70784
-6.70902
-6.7102
-6.71139
-6.71291
-6.71347
-6.71499
-6.71619
-6.71804
-6.71892
-6.71914
-6.72033
-6.72151
-6.72267
-6.7235
-6.72432
-6.72511
-6.72589
-6.72632
-6.7277
-6.72874
-6.72974
-6.73104
-6.73198
-6.73387
-6.73442
-6.73557
-6.73636
-6.73711
-6.73813
-6.73879
-6.73939
-6.73994
-6.73979
-6.74055
-6.74061
-6.7406
-6.74119
-6.74139
-6.74185
-6.74224
-6.74289
-6.74282
-6.74301
-6.74346
-6.74253
-6.74186
-6.74112
-6.7403
-6.73973
-6.73909
-6.73836
-6.73757
-6.73637
-6.73543
-6.73473
-6.7333
-6.73245
-6.73218
-6.73053
-6.72913
-6.72733
-6.72546
-6.72449
-6.72183
-6.72007
-6.71921
-6.71763
-6.71567
-6.71331
-6.71122
-6.70874
-6.70523
-6.7023
-6.69997
-6.69662
-6.69354
-6.69107
-6.68887
-6.68631
-6.68403
-6.68205
-6.68003
-6.67799
-6.6756
-6.6732
-6.67045
-6.66737
-6.66494
-6.66185
-6.65877
-6.65602
-6.65296
-6.64992
-6.64756
-6.64522
-6.64259
-6.63968
-6.63682
-6.63465
-6.63254
-6.6305
-6.62787
-6.62531
-6.62283
-6.62075
-6.61843
-6.61651
-6.61502
-6.61297
-6.61166
-6.61046
-6.60968
-6.60836
-6.60779
-6.60701
-6.60602
-6.60513
-6.60469
-6.60338
-6.60316
-6.60304
-6.60272
-6.6025
-6.60272
-6.60272
-6.60218
-6.60271
-6.6027
-6.60311
-6.60362
-6.60454
-6.60523
-6.60601
-6.60752
-6.60879
-6.61013
-6.61058
-6.61174
-6.61297
-6.61394
-6.61594
-6.61831
-6.61945
-6.62127
-6.62347
-6.62473
-6.62668
-6.62866
-6.6297
-6.63173
-6.63379
-6.63522
-6.63731
-6.63909
-6.6412
-6.64333
-6.64546
-6.64759
-6.64939
-6.65152
-6.65332
-6.65511
-6.65658
-6.65803
-6.65979
-6.66187
-6.66361
-6.66533
-6.66704
-6.66873
-6.6704
-6.67205
-6.67434
-6.67595
-6.67722
-6.67847
-6.67905
-6.67993
-6.68209
-6.68358
-6.68537
-6.68681
-6.68824
-6.68964
-6.69069
-6.69139
-6.69305
-6.69468
-6.69597
-6.69658
-6.6988
-6.6997
-6.70057
-6.70175
-6.7029
-6.70403
-6.70547
-6.70591
-6.70698
-6.7077
-6.7084
-6.70844
-6.70845
-6.70974
-6.71036
-6.71161
-6.71251
-6.71371
-6.71425
-6.71509
-6.71494
-6.71542
-6.71652
-6.71696
-6.7177
-6.71842
-6.7188
-6.71948
-6.7195
-6.71982
-6.72077
-6.72138
-6.72198
-6.7232
-6.72344
-6.72366
-6.72483
-6.72535
-6.72617
-6.72633
-6.72616
-6.7263
-6.72642
-6.72621
-6.72663
-6.72704
-6.72776
-6.72815
-6.72819
-6.73017
-6.7302
-6.73053
-6.73085
-6.73147
-6.73208
-6.73202
-6.73292
-6.73379
-6.734
-6.73353
-6.73401
-6.73413
-6.73358
-6.73396
-6.73431
-6.73527
-6.73489
-6.73383
-6.73401
-6.73381
-6.73389
-6.73392
-6.73356
-6.73346
-6.73297
-6.73242
-6.7318
-6.73079
-6.72938
-6.72919
-6.72828
-6.72729
-6.72589
-6.72441
-6.72318
-6.72218
-6.7211
-6.7193
-6.71805
-6.7164
-6.71531
-6.7135
-6.71192
-6.71027
-6.70886
-6.7064
-6.70387
-6.70126
-6.69794
-6.69552
-6.69337
-6.69082
-6.6879
-6.6846
-6.68157
-6.67913
-6.67569
-6.67317
-6.67094
-6.66835
-6.66477
-6.66213
-6.65915
-6.6568
-6.65411
-6.6511
-6.64808
-6.64442
-6.64141
-6.63809
-6.63511
-6.63183
-6.62955
-6.62665
-6.62379
-6.62128
-6.61818
-6.61544
-6.61276
-6.61013
-6.60659
-6.60442
-6.60166
-6.5993
-6.59735
-6.59483
-6.59239
-6.59036
-6.58778
-6.58627
-6.58453
-6.58289
-6.58136
-6.57962
-6.57831
-6.57776
-6.57636
-6.57508
-6.57458
-6.57419
-6.57329
-6.57316
-6.57349
-6.57297
-6.5726
-6.57365
-6.57419
-6.57357
-6.57406
-6.57436
-6.57513
-6.57635
-6.57707
-6.57824
-6.57956
-6.58165
-6.58356
-6.58463
-6.58647
-6.58877
-6.59087
-6.5931
-6.59609
-6.59856
-6.60017
-6.60286
-6.60567
-6.60858
-6.61158
-6.61566
-6.61821
-6.6215
-6.6252
-6.62865
-6.63283
-6.63643
-6.64042
-6.64414
-6.64792
-6.65208
-6.65563
-6.65954
-6.66317
-6.66747
-6.67147
-6.67549
-6.6792
-6.68292
-6.68696
-6.69036
-6.69375
-6.69809
-6.7021
-6.7064
-6.71067
-6.71459
-6.71879
-6.72263
-6.72675
-6.73049
-6.73417
-6.73876
-6.74167
-6.74516
-6.74825
-6.75094
-6.7542
-6.75738
-6.76079
-6.76379
-6.76669
-6.77015
-6.77253
-6.77546
-6.77764
-6.78068
-6.78296
-6.7848
-6.78783
-6.79009
-6.79158
-6.79328
-6.79517
-6.7963
-6.79762
-6.7985
-6.79924
-6.80018
-6.80131
-6.80166
-6.80221
-6.80263
-6.80226
-6.80209
-6.80114
-6.80104
-6.80079
-6.8001
-6.79959
-6.79928
-6.79885
-6.79828
-6.79726
-6.7958
-6.79486
-6.79347
-6.79197
-6.79067
-6.78892
-6.78642
-6.78477
-6.78237
-6.78084
-6.77952
-6.77681
-6.77465
-6.77174
-6.76907
-6.76663
-6.76443
-6.7615
-6.75849
-6.75541
-6.7516
-6.74806
-6.74509
-6.74142
-6.73769
-6.73455
-6.73103
-6.72715
-6.72452
-6.72088
-6.71753
-6.7135
-6.70977
-6.70601
-6.70191
-6.69844
-6.69463
-6.69016
-6.68569
-6.68154
-6.6774
-6.67455
-6.67041
-6.66565
-6.66219
-6.6581
-6.65403
-6.65064
-6.6476
-6.64362
-6.64032
-6.63641
-6.63222
-6.62872
-6.62527
-6.62123
-6.61755
-6.61393
-6.61005
-6.60752
-6.60441
-6.60072
-6.5984
-6.59549
-6.59331
-6.59023
-6.58722
-6.58365
-6.58081
-6.57805
-6.57603
-6.57344
-6.57127
-6.56918
-6.56687
-6.56561
-6.56381
-6.56209
-6.56112
-6.55993
-6.55819
-6.55719
-6.55596
-6.55484
-6.55349
-6.55256
-6.55141
-6.55133
-6.55102
-6.55016
-6.54972
-6.54937
-6.54976
-6.5496
-6.54952
-6.54986
-6.54963
-6.54917
-6.5491
-6.54944
-6.55017
-6.55033
-6.5512
-6.55182
-6.55249
-6.55322
-6.55369
-6.55453
-6.55477
-6.55635
-6.557
-6.5593
-6.56035
-6.5611
-6.56221
-6.56301
-6.56383
-6.56434
-6.56487
-6.56639
-6.5679
-6.56975
-6.57128
-6.57248
-6.57432
-6.57487
-6.57573
-6.57755
-6.57903
-6.58018
-6.58163
-6.5834
-6.58417
-6.58493
-6.58631
-6.58768
-6.58837
-6.58937
-6.59003
-6.59163
-6.59257
-6.59348
-6.5947
-6.59589
-6.5961
-6.59693
-6.59807
-6.59855
-6.59869
-6.59946
-6.5999
-6.60065
-6.60236
-6.60277
-6.60414
-6.60455
-6.60527
-6.60599
-6.60639
-6.60711
-6.60752
-6.60858
-6.61062
-6.61138
-6.61182
-6.61325
-6.61405
-6.61486
-6.61569
-6.61654
-6.61773
-6.61798
-6.61922
-6.62049
-6.62178
-6.6231
-6.6238
-6.62518
-6.62626
-6.62738
-6.62852
-6.63067
-6.63188
-6.63345
-6.63472
-6.63603
-6.63737
-6.63874
-6.63917
-6.6406
-6.64207
-6.64357
-6.64509
-6.64665
-6.64855
-6.64951
-6.65146
-6.65376
-6.65576
-6.65649
-6.65723
-6.65831
-6.66038
-6.66246
-6.66454
-6.66664
-6.66873
-6.67083
-6.67228
-6.67437
-6.67646
-6.67788
-6.67929
-6.68069
-6.68271
-6.68406
-6.68538
-6.68732
-6.68891
-6.6911
-6.69293
-6.69375
-6.69485
-6.6959
-6.6969
-6.69849
-6.70002
-6.70118
-6.70259
-6.70458
-6.70554
-6.70643
-6.70659
-6.70733
-6.70768
-6.70761
-6.70812
-6.70823
-6.70922
-6.70915
-6.70933
-6.70909
-6.70908
-6.70899
-6.70881
-6.70854
-6.70785
-6.70772
-6.7075
-6.70719
-6.7055
-6.70468
-6.70378
-6.70246
-6.7017
-6.70053
-6.69959
-6.69858
-6.69683
-6.69468
-6.69309
-6.6911
-6.68936
-6.68689
-6.68468
-6.68304
-6.68101
-6.67859
-6.67611
-6.67324
-6.67096
-6.66831
-6.6656
-6.66252
-6.66005
-6.65753
-6.65497
-6.65205
-6.64975
-6.64646
-6.64314
-6.64013
-6.63775
-6.63601
-6.63361
-6.63088
-6.6275
-6.62478
-6.62206
-6.61936
-6.61667
-6.61432
-6.61136
-6.60906
-6.6055
-6.60263
-6.5998
-6.59701
-6.59556
-6.59383
-6.59087
-6.58926
-6.58804
-6.58558
-6.58384
-6.58185
-6.58057
-6.57808
-6.57663
-6.57559
-6.57399
-6.57182
-6.56975
-6.56873
-6.56748
-6.56633
-6.56526
-6.56397
-6.56245
-6.56168
-6.56067
-6.56139
-6.56091
-6.56085
-6.56089
-6.56071
-6.55997
-6.55998
-6.56008
-6.56061
-6.56122
-6.56128
-6.56111
-6.56233
-6.56298
-6.56372
-6.56519
-6.5661
-6.56676
-6.56815
-6.56897
-6.57083
-6.57146
-6.57185
-6.57294
-6.57475
-6.57694
-6.57886
-6.58085
-6.58288
-6.58561
-6.5871
-6.58895
-6.59084
-6.5931
-6.59507
-6.59805
-6.60042
-6.60281
-6.60427
-6.60639
-6.60822
-6.6104
-6.61292
-6.61546
-6.61704
-6.61897
-6.62189
-6.62418
-6.6268
-6.62944
-6.63176
-6.63345
-6.63612
-6.63848
-6.64085
-6.64322
-6.64528
-6.64799
-6.65071
-6.65279
-6.65585
-6.65794
-6.66069
-6.6628
-6.66557
-6.66769
-6.67015
-6.67325
-6.6767
-6.67982
-6.68231
-6.68512
-6.68762
-6.69078
-6.69362
-6.69614
-6.69834
-6.70055
-6.70211
-6.70465
-6.70688
-6.71008
-6.71231
-6.71584
-6.7184
-6.71998
-6.72254
-6.72478
-6.72765
-6.72956
-6.73114
-6.73336
-6.73557
-6.73778
-6.74063
-6.74444
-6.74727
-6.74977
-6.7529
-6.75538
-6.75751
-6.7593
-6.76173
-6.76478
-6.76814
-6.77018
-6.77286
-6.77519
-6.77782
-6.7801
-6.78203
-6.78395
-6.78681
-6.78932
-6.79212
-6.79426
-6.79636
-6.79844
-6.80178
-6.80412
-6.80676
-6.80775
-6.80968
-6.81191
-6.81313
-6.81465
-6.81646
-6.81856
-6.8203
-6.822
-6.82335
-6.82498
-6.8269
-6.82879
-6.82999
-6.83083
-6.83196
-6.83338
-6.83476
-6.83609
-6.83739
-6.83898
-6.83955
-6.84105
-6.84283
-6.84393
-6.84498
-6.84632
-6.84631
-6.84724
-6.84844
-6.84928
-6.85007
-6.85146
-6.85248
-6.85248
-6.85341
-6.85429
-6.85544
-6.85655
-6.85695
-6.85699
-6.85697
-6.85723
-6.85613
-6.85629
-6.85606
-6.85611
-6.85578
-6.85507
-6.85496
-6.85576
-6.85586
-6.85525
-6.85557
-6.85518
-6.85538
-6.85488
-6.85464
-6.85371
-6.85303
-6.85198
-6.85152
-6.85068
-6.84945
-6.84882
-6.84748
-6.84641
-6.84496
-6.84345
-6.84124
-6.83994
-6.83891
-6.83718
-6.83573
-6.83422
-6.83265
-6.83136
-6.83034
-6.82862
-6.8262
-6.82439
-6.8222
-6.8206
-6.81831
-6.8163
-6.81391
-6.81148
-6.80965
-6.80681
-6.80457
-6.80293
-6.8006
-6.79791
-6.79518
-6.79305
-6.79024
-6.78771
-6.78515
-6.78223
-6.77862
-6.77628
-6.7739
-6.77084
-6.76743
-6.76432
-6.76117
-6.75832
-6.75512
-6.7519
-6.74898
-6.74603
-6.74339
-6.74137
-6.73772
-6.736
-6.73297
-6.72959
-6.72653
-6.72313
-6.72037
-6.71727
-6.71384
-6.71138
-6.70826
-6.70546
-6.70169
-6.69824
-6.69543
-6.69295
-6.69015
-6.68703
-6.6836
-6.68016
-6.67706
-6.67365
-6.67025
-6.66752
-6.66448
-6.66113
-6.65845
-6.65547
-6.65252
-6.64959
-6.64701
-6.64414
-6.64163
-6.63883
-6.63542
-6.63335
-6.63099
-6.62771
-6.62513
-6.62228
-6.62013
-6.61803
-6.61567
-6.61305
-6.61114
-6.60833
-6.60591
-6.60389
-6.60195
-6.59975
-6.59829
-6.59593
-6.59462
-6.59242
-6.59096
-6.58991
-6.58894
-6.58774
-6.58662
-6.58559
-6.58464
-6.58411
-6.58301
-6.58233
-6.5814
-6.58088
-6.58012
-6.57976
-6.57948
-6.57927
-6.57881
-6.57907
-6.57875
-6.57817
-6.57895
-6.57816
-6.57872
-6.57836
-6.5787
-6.57939
-6.57981
-6.58057
-6.58202
-6.58219
-6.58271
-6.58324
-6.58411
-6.58499
-6.5849
-6.58481
-6.58569
-6.58657
-6.5871
-6.58698
-6.58716
-6.58797
-6.5881
-6.58789
-6.58797
-6.58834
-6.58836
-6.58834
-6.5886
-6.58753
-6.58804
-6.58818
-6.58828
-6.58898
-6.58866
-6.58894
-6.58885
-6.58871
-6.58852
-6.58764
-6.58736
-6.58671
-6.58633
-6.58591
-6.58512
-6.58428
-6.58341
-6.58346
-6.58282
-6.58183
-6.58112
-6.58134
-6.58089
-6.58073
-6.58022
-6.57936
-6.57847
-6.57788
-6.57727
-6.57632
-6.57568
-6.57438
-6.57339
-6.57239
-6.57203
-6.57103
-6.57099
-6.57032
-6.56964
-6.56833
-6.56768
-6.56671
-6.56544
-6.56419
-6.56296
-6.56207
-6.56187
-6.56039
-6.55927
-6.55754
-6.55649
-6.55483
-6.55484
-6.55423
-6.55335
-6.55219
-6.55172
-6.55098
-6.55093
-6.55062
-6.55003
-6.55015
-6.54999
-6.55022
-6.54986
-6.54988
-6.54964
-6.54945
-6.54965
-6.55088
-6.55119
-6.55157
-6.55169
-6.55251
-6.55275
-6.55305
-6.55373
-6.55447
-6.55592
-6.55645
-6.55704
-6.55737
-6.5584
-6.55981
-6.56096
-6.56248
-6.56405
-6.56503
-6.56606
-6.56779
-6.56957
-6.57075
-6.57198
-6.57358
-6.5749
-6.57658
-6.57799
-6.57976
-6.58125
-6.5831
-6.58467
-6.58692
-6.58856
-6.59023
-6.59226
-6.59432
-6.59706
-6.59918
-6.60165
-6.60382
-6.60635
-6.60922
-6.61147
-6.61438
-6.61667
-6.6193
-6.62129
-6.62363
-6.62532
-6.62736
-6.63102
-6.63308
-6.63546
-6.63817
-6.64121
-6.6436
-6.64567
-6.64806
-6.65044
-6.65313
-6.6555
-6.65785
-6.66116
-6.66381
-6.66709
-6.67002
-6.67229
-6.67486
-6.67708
-6.67895
-6.68078
-6.68258
-6.68467
-6.68639
-6.68808
-6.69005
-6.69101
-6.69192
-6.69311
-6.69361
-6.69534
-6.69702
-6.69767
-6.69956
-6.70043
-6.70187
-6.70423
-6.70555
-6.70714
-6.70833
-6.70978
-6.71116
-6.71183
-6.71308
-6.71361
-6.71471
-6.7151
-6.71509
-6.71566
-6.71649
-6.71692
-6.7176
-6.71789
-6.71811
-6.71922
-6.7193
-6.71899
-6.71926
-6.71914
-6.71863
-6.7187
-6.71871
-6.71898
-6.71886
-6.7174
-6.71749
-6.71656
-6.71557
-6.71518
-6.71377
-6.71327
-6.71241
-6.71149
-6.71054
-6.70986
-6.70979
-6.70774
-6.70565
-6.70482
-6.70364
-6.70112
-6.70052
-6.69924
-6.69793
-6.69693
-6.69557
-6.69387
-6.69312
-6.69139
-6.69028
-6.68884
-6.68641
-6.68527
-6.68346
-6.68263
-6.68178
-6.67996
-6.67878
-6.67727
-6.67544
-6.67426
-6.67243
-6.67158
-6.66977
-6.66828
-6.66649
-6.6647
-6.66292
-6.6618
-6.66038
-6.65865
-6.65758
-6.65621
-6.65519
-6.65387
-6.65289
-6.65162
-6.65102
-6.64948
-6.6483
-6.64683
-6.64572
-6.64561
-6.64424
-6.64292
-6.64131
-6.64071
-6.63919
-6.63965
-6.63887
-6.63781
-6.63712
-6.6368
-6.63654
-6.636
-6.63551
-6.63539
-6.63533
-6.63533
-6.63505
-6.63483
-6.63434
-6.63422
-6.63416
-6.63416
-6.63421
-6.63399
-6.63415
-6.63339
-6.63366
-6.63398
-6.63467
-6.63477
-6.63492
-6.63545
-6.63538
-6.63567
-6.63634
-6.63738
-6.63846
-6.63925
-6.64041
-6.64096
-6.64187
-6.64249
-6.64347
-6.64544
-6.64615
-6.64721
-6.64861
-6.65003
-6.65148
-6.65293
-6.65441
-6.65589
-6.65706
-6.65823
-6.65876
-6.66026
-6.66144
-6.66229
-6.66314
-6.66495
-6.66577
-6.66691
-6.66739
-6.66883
-6.66991
-6.67163
-6.67267
-6.67304
-6.67435
-6.6753
-6.67589
-6.67743
-6.67892
-6.6794
-6.67952
-6.68057
-6.68092
-6.6822
-6.68246
-6.68268
-6.68349
-6.68393
-6.68366
-6.68431
-6.68491
-6.68514
-6.6853
-6.68541
-6.68579
-6.68546
-6.6854
-6.68528
-6.68478
-6.68519
-6.6849
-6.68391
-6.68351
-6.68338
-6.68254
-6.6823
-6.68169
-6.68135
-6.68064
-6.67956
-6.6794
-6.6779
-6.67669
-6.67609
-6.67544
-6.67477
-6.67438
-6.673
-6.67158
-6.67079
-6.66965
-6.6685
-6.66764
-6.66677
-6.66589
-6.66467
-6.66344
-6.66221
-6.66129
-6.65973
-6.65784
-6.65693
-6.65504
-6.65382
-6.65325
-6.65173
-6.65021
-6.64903
-6.6482
-6.64738
-6.64593
-6.64579
-6.64406
-6.64365
-6.64327
-6.64194
-6.64129
-6.64034
-6.6391
-6.63788
-6.63735
-6.63621
-6.63575
-6.635
-6.63428
-6.63328
-6.632
-6.63108
-6.63053
-6.63001
-6.62922
-6.62782
-6.62777
-6.62743
-6.62714
-6.62658
-6.62704
-6.62722
-6.62713
-6.62612
-6.62645
-6.6262
-6.62632
-6.62649
-6.62736
-6.62796
-6.62829
-6.62868
-6.62945
-6.62995
-6.63082
-6.63175
-6.63144
-6.63247
-6.63356
-6.63373
-6.63557
-6.63681
-6.63875
-6.64009
-6.64114
-6.64192
-6.64242
-6.64327
-6.64514
-6.64672
-6.64834
-6.64934
-6.65069
-6.65272
-6.65445
-6.65523
-6.65701
-6.65848
-6.65997
-6.66147
-6.66233
-6.66385
-6.66505
-6.66657
-6.66842
-6.66962
-6.67114
-6.67329
-6.67479
-6.67692
-6.67774
-6.67919
-6.68127
-6.683
-6.6847
-6.68605
-6.68738
-6.68835
-6.68961
-6.69018
-6.69137
-6.69251
-6.69361
-6.69467
-6.69536
-6.69632
-6.69658
-6.69744
-6.69825
-6.69901
-6.69906
-6.69971
-6.70126
-6.70212
-6.70259
-6.70332
-6.70367
-6.70429
-6.70549
-6.70501
-6.70511
-6.70515
-6.70513
-6.7057
-6.70523
-6.70503
-6.70412
-6.7038
-6.70342
-6.70298
-6.70249
-6.70259
-6.702
-6.702
-6.70034
-6.6996
-6.69915
-6.69768
-6.6965
-6.69528
-6.69468
-6.69438
-6.6934
-6.69239
-6.69137
-6.69032
-6.6883
-6.6882
-6.68778
-6.68606
-6.68563
-6.68488
-6.68285
-6.68147
-6.68075
-6.67972
-6.67871
-6.67772
-6.67643
-6.67581
-6.67458
-6.6737
-6.67317
-6.67236
-6.67159
-6.6715
-6.6708
-6.67046
-6.67017
-6.66927
-6.66842
-6.66858
-6.66847
-6.66807
-6.66707
-6.66643
-6.66681
-6.66691
-6.66608
-6.66562
-6.66552
-6.66545
-6.66575
-6.66511
-6.66515
-6.66458
-6.66436
-6.66417
-6.664
-6.66451
-6.66407
-6.66429
-6.66453
-6.66413
-6.66505
-6.665
-6.66561
-6.66525
-6.66521
-6.66615
-6.66677
-6.6677
-6.66798
-6.66826
-6.66884
-6.66877
-6.66901
-6.66956
-6.66879
-6.66866
-6.66884
-6.66899
-6.66912
-6.66957
-6.66999
-6.66974
-6.67012
-6.67015
-6.67016
-6.67015
-6.67044
-6.67005
-6.6703
-6.67021
-6.66977
-6.66964
-6.66916
-6.669
-6.66883
-6.66831
-6.66811
-6.6679
-6.66769
-6.66681
-6.66658
-6.66538
-6.66579
-6.66491
-6.66469
-6.66446
-6.66424
-6.66403
-6.66448
-6.66332
-6.66282
-6.66234
-6.6622
-6.66208
-6.66133
-6.6606
-6.66022
-6.66019
-6.66018
-6.66053
-6.66057
-6.66065
-6.66075
-6.66088
-6.66103
-6.66154
-6.6611
-6.66101
-6.66128
-6.66093
-6.66124
-6.66191
-6.66228
-6.66268
-6.66342
-6.66353
-6.66366
-6.66479
-6.66528
-6.66546
-6.66566
-6.6662
-6.66675
-6.66731
-6.66787
-6.66941
-6.67031
-6.67057
-6.67115
-6.67172
-6.6723
-6.6732
-6.67441
-6.67529
-6.67552
-6.67671
-6.67757
-6.67809
-6.67795
-6.67877
-6.67925
-6.67971
-6.68016
-6.68027
-6.68069
-6.68044
-6.68114
-6.68151
-6.68218
-6.68283
-6.68282
-6.68247
-6.68243
-6.68238
-6.68393
-6.68418
-6.68506
-6.68561
-6.68616
-6.68637
-6.6869
-6.68646
-6.68633
-6.68621
-6.68673
-6.68661
-6.68617
-6.68639
-6.68628
-6.68652
-6.68806
-6.68832
-6.68923
-6.68952
-6.69015
-6.68983
-6.69018
-6.69055
-6.68996
-6.6907
-6.69114
-6.69159
-6.69208
-6.6929
-6.69311
-6.69367
-6.69457
-6.69647
-6.69742
-6.69775
-6.6981
-6.69815
-6.69886
-6.69895
-6.6997
-6.70046
-6.70091
-6.70234
-6.70184
-6.70265
-6.70345
-6.70393
-6.70441
-6.70521
-6.70568
-6.70807
-6.70851
-6.70958
-6.7103
-6.71164
-6.7123
-6.71326
-6.71417
-6.71408
-6.71459
-6.71505
-6.71578
-6.71613
-6.71642
-6.71601
-6.71585
-6.71595
-6.71565
-6.71593
-6.71581
-6.7156
-6.71499
-6.71462
-6.7145
-6.71331
-6.71269
-6.71165
-6.71214
-6.7106
-6.70994
-6.70984
-6.70868
-6.70742
-6.70608
-6.7053
-6.70411
-6.70283
-6.70082
-6.69906
-6.69689
-6.69497
-6.69362
-6.69124
-6.68911
-6.68627
-6.68337
-6.68042
-6.67774
-6.67533
-6.67353
-6.67072
-6.66885
-6.6663
-6.66339
-6.66112
-6.65818
-6.65523
-6.65292
-6.65028
-6.6483
-6.64567
-6.64273
-6.6398
-6.63722
-6.63402
-6.63149
-6.629
-6.62687
-6.62446
-6.62176
-6.61977
-6.61686
-6.61465
-6.61218
-6.61009
-6.60839
-6.60644
-6.60456
-6.60307
-6.60134
-6.59969
-6.59811
-6.59597
-6.59456
-6.59388
-6.59265
-6.5915
-6.59076
-6.59043
-6.58955
-6.58876
-6.58871
-6.5881
-6.58727
-6.58652
-6.58587
-6.58531
-6.58613
-6.58673
-6.58644
-6.58656
-6.58645
-6.58643
-6.58649
-6.58632
-6.5872
-6.58751
-6.5879
-6.58837
-6.58891
-6.58985
-6.59085
-6.59192
-6.59306
-6.59425
-6.59615
-6.59778
-6.59914
-6.60054
-6.60135
-6.60284
-6.60436
-6.60625
-6.60752
-6.60946
-6.61142
-6.61308
-6.61442
-6.6161
-6.61811
-6.62012
-6.62148
-6.62283
-6.62482
-6.6268
-6.62909
-6.63071
-6.6323
-6.63387
-6.63508
-6.63691
-6.63837
-6.6398
-6.64119
-6.64286
-6.64448
-6.6454
-6.64628
-6.64743
-6.64852
-6.64956
-6.65118
-6.65211
-6.65297
-6.6541
-6.65453
-6.65554
-6.65617
-6.65609
-6.65693
-6.65772
-6.65779
-6.65944
-6.65941
-6.65966
-6.66019
-6.66034
-6.65981
-6.65988
-6.65926
-6.65893
-6.65857
-6.65786
-6.6581
-6.65798
-6.65753
-6.65739
-6.65723
-6.65739
-6.65722
-6.65672
-6.65655
-6.65639
-6.65656
-6.65642
-6.65564
-6.65554
-6.65578
-6.65572
-6.65601
-6.65601
-6.65669
-6.65677
-6.65753
-6.65768
-6.65787
-6.6581
-6.65837
-6.65933
-6.66034
-6.66074
-6.66119
-6.66135
-6.66124
-6.66181
-6.66242
-6.6634
-6.66409
-6.66547
-6.66623
-6.66638
-6.66688
-6.66741
-6.66764
-6.66854
-6.66946
-6.67007
-6.6707
-6.67198
-6.67294
-6.67358
-6.6739
-6.67486
-6.67582
-6.67676
-6.67768
-6.67859
-6.67947
-6.68033
-6.68115
-6.68195
-6.68271
-6.68344
-6.68412
-6.68444
-6.68503
-6.68493
-6.68543
-6.68619
-6.68625
-6.68691
-6.68686
-6.68707
-6.68722
-6.68698
-6.68636
-6.686
-6.68525
-6.6854
-6.68549
-6.68519
-6.68483
-6.68407
-6.68357
-6.683
-6.6827
-6.68233
-6.68222
-6.6814
-6.68117
-6.68088
-6.68053
-6.6798
-6.67837
-6.67657
-6.67536
-6.67346
-6.67216
-6.67049
-6.6691
-6.66768
-6.66589
-6.6644
-6.66222
-6.66099
-6.65941
-6.65781
-6.6562
-6.65489
-6.65389
-6.65224
-6.65124
-6.65055
-6.6489
-6.64692
-6.64528
-6.64494
-6.64365
-6.64238
-6.64113
-6.6399
-6.63903
-6.63722
-6.63577
-6.63436
-6.63299
-6.63135
-6.63008
-6.62853
-6.62705
-6.62595
-6.62523
-6.62491
-6.62432
-6.62381
-6.62273
-6.62172
-6.62144
-6.62059
-6.6208
-6.62109
-6.62082
-6.62096
-6.62119
-6.62151
-6.62127
-6.62145
-6.62107
-6.62046
-6.62124
-6.62243
-6.62275
-6.62316
-6.62366
-6.62457
-6.62525
-6.62601
-6.62751
-6.62878
-6.63044
-6.63187
-6.63305
-6.6343
-6.63563
-6.63703
-6.63882
-6.64068
-6.64292
-6.64522
-6.64854
-6.65128
-6.65309
-6.65527
-6.65717
-6.65942
-6.66107
-6.66306
-6.6654
-6.66808
-6.67014
-6.6722
-6.67459
-6.67699
-6.67938
-6.68145
-6.68286
-6.6849
-6.68757
-6.6899
-6.69252
-6.69577
-6.69736
-6.69924
-6.70109
-6.70321
-6.70529
-6.70732
-6.70897
-6.71122
-6.71309
-6.71458
-6.71665
-6.71866
-6.71996
-6.72152
-6.72236
-6.72379
-6.72483
-6.72579
-6.72669
-6.72751
-6.72892
-6.72993
-6.73088
-6.73175
-6.73191
-6.73266
-6.73269
-6.73267
-6.7329
-6.73373
-6.73449
-6.73456
-6.73457
-6.73486
-6.73639
-6.73723
-6.7377
-6.73749
-6.73756
-6.73824
-6.73857
-6.73789
-6.7375
-6.73741
-6.73697
-6.73682
-6.73633
-6.73614
-6.73593
-6.73635
-6.73642
-6.73648
-6.73588
-6.73622
-6.73591
-6.73525
-6.73458
-6.73453
-6.73383
-6.7331
-6.73268
-6.73224
-6.73145
-6.73194
-6.73208
-6.73059
-6.72972
-6.72947
-6.7292
-6.72891
-6.72859
-6.72824
-6.72722
-6.72682
-6.72607
-6.72562
-6.72546
-6.72463
-6.72344
-6.72256
-6.72198
-6.72072
-6.72009
-6.71944
-6.71876
-6.71775
-6.71671
-6.71533
-6.71459
-6.71383
-6.71209
-6.71098
-6.70987
-6.70842
-6.7073
-6.70617
-6.70472
-6.70294
-6.70213
-6.70165
-6.70118
-6.69974
-6.69895
-6.69785
-6.6974
-6.69664
-6.69525
-6.69451
-6.69347
-6.69211
-6.6911
-6.69009
-6.68943
-6.68943
-6.68881
-6.68754
-6.68695
-6.68572
-6.68484
-6.68364
-6.6828
-6.68261
-6.6818
-6.68068
-6.6799
-6.67979
-6.67937
-6.678
-6.67762
-6.67661
-6.67562
-6.67594
-6.67564
-6.67503
-6.67444
-6.67387
-6.67267
-6.67117
-6.67034
-6.66921
-6.66907
-6.66863
-6.66821
-6.66814
-6.66744
-6.66677
-6.66677
-6.66679
-6.66717
-6.66725
-6.66768
-6.66814
-6.66798
-6.66753
-6.66678
-6.66704
-6.66732
-6.66731
-6.66701
-6.66706
-6.66618
-6.6663
-6.66645
-6.66631
-6.66685
-6.66742
-6.66802
-6.66801
-6.66804
-6.66777
-6.66786
-6.66765
-6.6678
-6.66831
-6.66884
-6.66973
-6.67032
-6.67029
-6.67158
-6.67225
-6.67262
-6.67366
-6.67538
-6.67646
-6.67757
-6.67805
-6.67854
-6.67937
-6.6799
-6.6801
-6.68129
-6.68217
-6.68337
-6.68457
-6.68514
-6.68602
-6.6869
-6.68713
-6.6893
-6.68983
-6.69004
-6.6912
-6.69202
-6.69315
-6.69361
-6.69438
-6.69479
-6.69518
-6.69587
-6.69652
-6.69585
-6.69612
-6.69699
-6.69815
-6.69862
-6.6984
-6.69814
-6.69913
-6.69877
-6.69902
-6.69953
-6.69967
-6.69942
-6.69977
-6.69909
-6.699
-6.69918
-6.69929
-6.69837
-6.69771
-6.69699
-6.69652
-6.69631
-6.69507
-6.69473
-6.694
-6.69384
-6.6933
-6.69237
-6.69136
-6.69029
-6.68915
-6.68794
-6.68667
-6.68533
-6.68424
-6.68309
-6.68188
-6.68028
-6.67861
-6.67721
-6.67574
-6.67357
-6.67166
-6.66936
-6.66701
-6.66493
-6.66279
-6.6606
-6.65835
-6.65606
-6.65339
-6.65068
-6.64857
-6.64609
-6.64389
-6.641
-6.63904
-6.63638
-6.63369
-6.63129
-6.62852
-6.62573
-6.6229
-6.61939
-6.61682
-6.61358
-6.61096
-6.60831
-6.60532
-6.60231
-6.59896
-6.59624
-6.59286
-6.59044
-6.58606
-6.58363
-6.58054
-6.57746
-6.57405
-6.57097
-6.56789
-6.5645
-6.56113
-6.55842
-6.55605
-6.55339
-6.55043
-6.5475
-6.5446
-6.54206
-6.53957
-6.53647
-6.53375
-6.53108
-6.52847
-6.52656
-6.5244
-6.5223
-6.51995
-6.51768
-6.51484
-6.51338
-6.51136
-6.50976
-6.50663
-6.50489
-6.50358
-6.50172
-6.50029
-6.49898
-6.49777
-6.49603
-6.49505
-6.49418
-6.49408
-6.49378
-6.49328
-6.49096
-6.49103
-6.49057
-6.49121
-6.49133
-6.49189
-6.49258
-6.49209
-6.4927
-6.49343
-6.49396
-6.49493
-6.49602
-6.49722
-6.49919
-6.50126
-6.50215
-6.50444
-6.5049
-6.50739
-6.50935
-6.51139
-6.51288
-6.51543
-6.51742
-6.51981
-6.52228
-6.52483
-6.52713
-6.53079
-6.53322
-6.53604
-6.53891
-6.54119
-6.54385
-6.54752
-6.55091
-6.55402
-6.55651
-6.55968
-6.56321
-6.56611
-6.56935
-6.57293
-6.5762
-6.57915
-6.58243
-6.58668
-6.589
-6.59227
-6.59587
-6.59977
-6.60301
-6.60592
-6.6088
-6.61165
-6.61546
-6.61891
-6.62169
-6.62508
-6.62779
-6.6308
-6.63376
-6.63669
-6.63958
-6.64243
-6.64524
-6.64768
-6.6504
-6.65373
-6.65637
-6.65832
-6.66087
-6.66306
-6.66585
-6.66925
-6.67163
-6.6743
-6.67692
-6.67886
-6.68109
-6.68295
-6.6851
-6.68689
-6.68865
-6.69102
-6.69369
-6.69535
-6.69731
-6.69989
-6.70179
-6.70367
-6.70488
-6.70736
-6.70916
-6.71127
-6.71271
-6.71445
-6.71585
-6.71755
-6.71956
-6.72025
-6.7219
-6.72353
-6.72514
-6.72738
-6.72896
-6.73052
-6.7311
-6.73263
-6.73512
-6.73629
-6.73776
-6.73858
-6.74034
-6.74177
-6.74317
-6.74488
-6.74657
-6.74825
-6.74989
-6.75087
-6.75248
-6.75276
-6.754
-6.75488
-6.75574
-6.75689
-6.75737
-6.75814
-6.75889
-6.75928
-6.76061
-6.76158
-6.76253
-6.76311
-6.76463
-6.76579
-6.76659
-6.76702
-6.76807
-6.76908
-6.76973
-6.77034
-6.77058
-6.7711
-6.77158
-6.77169
-6.77208
-6.77243
-6.77305
-6.77298
-6.77286
-6.77302
-6.77215
-6.77156
-6.77092
-6.77055
-6.77013
-6.7703
-6.7701
-6.77016
-6.77017
-6.76915
-6.76938
-6.7689
-6.76804
-6.76745
-6.76745
-6.76674
-6.76663
-6.76613
-6.7659
-6.76562
-6.76398
-6.76197
-6.76152
-6.75972
-6.75819
-6.75693
-6.75562
-6.75458
-6.75349
-6.75235
-6.75051
-6.74928
-6.74735
-6.74603
-6.74499
-6.74326
-6.74084
-6.73936
-6.7372
-6.73565
-6.73376
-6.73248
-6.73053
-6.72792
-6.72626
-6.72425
-6.72159
-6.72053
-6.71882
-6.7171
-6.71603
-6.71302
-6.7113
-6.70927
-6.70724
-6.70426
-6.70161
-6.69963
-6.69735
-6.69541
-6.6935
-6.69161
-6.68975
-6.68793
-6.68646
-6.68536
-6.68397
-6.6823
-6.68099
-6.68006
-6.6782
-6.67671
-6.67591
-6.6742
-6.67286
-6.67157
-6.67098
-6.67044
-6.66898
-6.66758
-6.66623
-6.66558
-6.66434
-6.66379
-6.66298
-6.66189
-6.6602
-6.65889
-6.65796
-6.65739
-6.6572
-6.65705
-6.6563
-6.6556
-6.65558
-6.6556
-6.65598
-6.65608
-6.65557
-6.65541
-6.65529
-6.65552
-6.65513
-6.65542
-6.65574
-6.65608
-6.65612
-6.65554
-6.65563
-6.65541
-6.65554
-6.65633
-6.65649
-6.65699
-6.65654
-6.65739
-6.65793
-6.65719
-6.65808
-6.65898
-6.65956
-6.65919
-6.65882
-6.65975
-6.66069
-6.66099
-6.66129
-6.6616
-6.66191
-6.6619
-6.66255
-6.66287
-6.66255
-6.6632
-6.66386
-6.66387
-6.6642
-6.66454
-6.6652
-6.66586
-6.66619
-6.66588
-6.66686
-6.66655
-6.66753
-6.66785
-6.66818
-6.66882
-6.66881
-6.66945
-6.66878
-6.66972
-6.67034
-6.67095
-6.67122
-6.67182
-6.67272
-6.67264
-6.67255
-6.67342
-6.6733
-6.67349
-6.67334
-6.67349
-6.67395
-6.67471
-6.6748
-6.67455
-6.67395
-6.67365
-6.6743
-6.67428
-6.67423
-6.67415
-6.67372
-6.67391
-6.67375
-6.67355
-6.67398
-6.67307
-6.67247
-6.67215
-6.67181
-6.67078
-6.67102
-6.67091
-6.67011
-6.66994
-6.6694
-6.6682
-6.66728
-6.66699
-6.66602
-6.66502
-6.66431
-6.66294
-6.66154
-6.66109
-6.66094
-6.66044
-6.65993
-6.65875
-6.65755
-6.65731
-6.65673
-6.65582
-6.65424
-6.65297
-6.65235
-6.65138
-6.65009
-6.64911
-6.64813
-6.64714
-6.64679
-6.6458
-6.64383
-6.64219
-6.6412
-6.64021
-6.63922
-6.63889
-6.63726
-6.63532
-6.63371
-6.63275
-6.63181
-6.63119
-6.62994
-6.6287
-6.62779
-6.62722
-6.62634
-6.62547
-6.62461
-6.62377
-6.62326
-6.62212
-6.621
-6.62021
-6.61945
-6.61934
-6.61861
-6.61789
-6.61752
-6.61684
-6.61618
-6.61521
-6.61459
-6.61334
-6.61244
-6.61156
-6.61102
-6.61083
-6.61033
-6.60921
-6.60908
-6.60929
-6.60824
-6.60752
-6.60716
-6.60681
-6.60617
-6.60521
-6.60525
-6.60532
-6.60475
-6.60485
-6.60432
-6.60382
-6.60366
-6.60416
-6.60339
-6.60264
-6.60255
-6.6028
-6.60275
-6.60271
-6.60269
-6.60203
-6.60236
-6.60239
-6.6034
-6.60345
-6.60287
-6.60328
-6.60371
-6.60318
-6.60397
-6.60444
-6.60526
-6.60544
-6.60532
-6.60585
-6.60576
-6.60601
-6.60628
-6.60689
-6.60784
-6.60817
-6.60787
-6.60824
-6.6083
-6.60839
-6.60915
-6.61026
-6.61074
-6.61125
-6.61178
-6.61234
-6.61292
-6.61321
-6.61385
-6.61484
-6.61585
-6.61658
-6.61765
-6.61876
-6.6199
-6.62074
-6.62162
-6.62188
-6.62282
-6.62379
-6.62511
-6.62647
-6.62753
-6.62895
-6.63007
-6.63123
-6.63209
-6.63298
-6.63391
-6.63454
-6.63584
-6.63685
-6.63757
-6.63864
-6.64005
-6.6415
-6.64296
-6.64413
-6.64629
-6.64848
-6.65004
-6.65162
-6.65321
-6.65483
-6.65646
-6.65811
-6.65945
-6.66145
-6.66249
-6.66419
-6.6659
-6.66729
-6.66869
-6.6701
-6.67215
-6.67388
-6.67562
-6.67735
-6.67941
-6.68114
-6.68286
-6.68458
-6.68597
-6.68865
-6.69003
-6.69204
-6.69405
-6.69539
-6.69737
-6.69901
-6.70096
-6.70257
-6.70416
-6.70606
-6.70729
-6.70947
-6.7113
-6.71377
-6.71556
-6.717
-6.7181
-6.72014
-6.72151
-6.72318
-6.72449
-6.72546
-6.72736
-6.72892
-6.73077
-6.73195
-6.73309
-6.73421
-6.73529
-6.737
-6.73802
-6.73902
-6.73933
-6.74027
-6.74117
-6.7414
-6.74225
-6.74306
-6.74417
-6.74492
-6.74596
-6.74633
-6.7473
-6.74825
-6.74949
-6.7494
-6.74928
-6.74977
-6.75023
-6.75001
-6.7504
-6.75109
-6.75141
-6.75203
-6.75261
-6.75219
-6.7527
-6.7535
-6.75362
-6.75403
-6.75505
-6.75442
-6.75376
-6.75338
-6.75297
-6.75316
-6.75299
-6.75214
-6.75222
-6.7513
-6.75098
-6.75159
-6.75054
-6.7501
-6.74929
-6.74844
-6.74787
-6.74726
-6.74661
-6.74591
-6.74581
-6.74502
-6.74385
-6.74297
-6.74138
-6.73975
-6.73873
-6.73765
-6.73652
-6.73599
-6.73508
-6.73316
-6.73183
-6.73077
-6.72967
