0.991784 0
0.993511 0.00122125
0.994196 0.000987816
0.996297 0.00196437
0.997265 0.00179443
0.997289 0.00149552
0.997499 0.00129647
0.99869 0.00159011
0.999017 0.00144676
0.999678 0.00144518
0.999438 0.00133356
0.999637 0.0012372
0.99958 0.00114335
0.999347 0.00108526
0.999436 0.00101657
0.999163 0.000988937
0.99925 0.000934508
0.999479 0.000910397
0.99959 0.000869176
0.999563 0.000826132
0.999937 0.000867443
0.999886 0.000829524
0.999946 0.000795646
0.999996 0.000764031
1.00004 0.00073477
1.00024 0.000733309
1.00048 0.000744142
1.00033 0.000731876
1.00011 0.00074027
0.999988 0.000725373
1.00015 0.00072059
1.00029 0.000710312
1.00035 0.000691838
1.00032 0.0006723
1.00048 0.000672858
1.00043 0.000656142
1.0006 0.000659836
1.00045 0.000658743
1.00052 0.000645403
1.00059 0.000632774
