1.01823 0
1.00895 0.00656458
1.00309 0.00648093
1.00077 0.00526088
1.00419 0.0052033
1.01007 0.00689777
1.00862 0.00606269
1.00746 0.00541454
1.00342 0.00613794
1.00347 0.0055244
1.00332 0.00502431
1.00315 0.00460862
1.00241 0.00431286
1.00126 0.00415486
1.00091 0.00389292
1.003 0.00417488
1.00298 0.00392933
1.00197 0.00383964
1.00117 0.00371934
0.999676 0.0038228
0.999744 0.00364138
1.00164 0.00394062
1.00204 0.0037892
1.00103 0.00376497
1.00023 0.00369664
0.999666 0.00359795
0.999696 0.00346482
0.998818 0.00345054
0.998438 0.0033524
0.998177 0.00325076
0.998141 0.0031461
0.997437 0.00312557
0.998233 0.00313059
0.997741 0.00307698
0.998509 0.00308363
0.99767 0.00311012
0.998344 0.00309833
0.998301 0.0030171
0.998608 0.00295533
0.998671 0.0028821
