453.788
447.72
443.662
440.286
424.306
415.892
405.165
400.218
392.979
392.597
391.014
389.829
389.612
375.494
375.494
374.106
371.532
371.532
367.891
365.01
358.353
357.299
356.967
353.013
351.217
347.174
347.174
340.692
336.999
336.015
336.015
330.456
329.942
329.911
325.4
325.4
323.779
320.391
317.592
317.592
317.592
314.274
314.274
314.274
313.753
310.893
306.598
305.519
302.06
302.06
301.354
300.431
297.469
295.781
295.52
284.891
284.814
284.814
281.005
277.56
274.617
274.617
273.644
273.644
273.497
269.416
269.416
269.416
268.495
265.477
265.477
265.477
263.989
263.989
258.053
258.053
256.045
256.045
256.045
256.045
251.26
249.232
249.232
249.232
249.232
249.232
247.185
247.185
239.712
239.712
238.052
236.582
236.582
236.582
236.582
235.781
231.371
229.79
229.79
229.79
228.859
228.859
227.339
227.339
225.253
225.253
224.879
224.879
224.172
224.172
224.172
220.896
220.655
220.655
220.42
220.028
219.608
219.608
218.128
218.128
218.128
218.128
217.515
217.327
216.68
216.68
216.377
215.671
213.754
213.754
213.613
213.613
213.613
211.937
211.654
210.709
209.343
208.731
206.978
206.978
206.978
206.771
205.95
205.95
205.95
204.763
204.763
204.414
197.105
196.95
196.95
196.95
196.95
193.809
193.809
193.809
193.809
192.63
192.606
192.606
192.606
192.606
192.091
191.442
190.925
187.668
187.668
186.503
185.566
185.566
185.237
185.237
185.055
185.055
183.069
183.055
181.839
180.843
180.843
180.843
180.843
180.843
180.843
179.697
179.697
177.132
177.132
177.132
177.132
177.132
177.132
177.132
176.982
176.982
176.982
176.967
174.824
174.824
173.342
173.108
173.108
172.377
172.377
171.165
171.165
171.104
169.957
169.957
169.957
169.957
169.957
167.744
167.744
165.389
165.389
163.358
163.358
163.358
163.344
163.344
163.344
162.936
161.366
161.366
160.443
160.443
159.765
159.765
159.325
158.959
158.905
158.905
158.905
158.435
155.473
155.473
155.473
155.473
155.473
155.183
155.183
155.183
155.183
154.507
154.507
154.032
154.032
153.08
151.164
151.164
151.164
151.164
151.164
151.108
150.48
150.48
150.48
149.68
149.68
149.68
149.68
149.68
149.68
149.332
149.332
149.322
149.198
148.588
148.588
147.145
147.145
146.576
146.576
146.29
146.29
145.771
145.716
145.716
145.716
145.716
145.55
144.58
144.58
144.58
143.982
143.982
143.982
143.982
143.982
143.098
143.098
142.927
142.927
141.851
140.723
140.723
139.115
139.115
139.115
139.115
138.747
138.747
138.747
138.747
137.642
137.642
137.642
137.47
137.47
136.508
136.505
136.388
136.388
136.205
135.085
135.025
135.025
135.025
135.025
135.025
133.905
133.905
133.871
133.871
133.406
133.406
133.406
133.406
133.406
133.406
132.658
132.658
132.658
131.989
131.989
131.789
131.789
131.789
131.311
131.311
131.311
129.995
129.995
129.995
128.782
128.782
128.782
128.782
127.658
127.658
126.356
126.356
126.356
126.204
126.204
125.92
125.92
125.579
125.579
125.579
125.545
125.545
125.545
124.651
124.651
124.651
123.781
123.781
123.781
123.781
123.781
123.677
122.796
122.692
122.692
122.692
122.692
122.692
122.692
122.689
122.639
122.201
122.201
122.15
122.15
122.15
122.033
121.923
121.923
121.923
121.923
121.923
121.923
121.923
121.923
121.218
121.218
121.218
121.218
121.218
121.218
121.218
121.218
121.218
121.207
121.207
121.207
121.207
121.207
121.207
121.207
121.207
121.207
121.026
121.026
121.026
121.026
121.026
121.026
120.909
120.909
120.909
120.909
120.405
120.405
120.077
120.077
120.077
119.549
119.549
119.549
119.549
119.549
119.549
118.697
117.748
117.73
117.647
117.647
116.468
116.468
116.468
116.468
116.468
116.468
116.463
116.463
116.328
116.323
116.323
116.323
116.323
116.323
116.323
116.323
116.198
116.198
116.198
115.602
115.602
115.602
115.602
115.602
115.602
115.42
114.805
114.805
114.805
114.805
114.688
114.688
114.076
114.076
112.705
112.705
112.589
112.589
110.022
110.022
110.022
109.941
108.11
108.11
107.513
107.513
107.513
107.513
107.513
107.513
106.957
106.957
106.957
106.957
106.783
106.646
106.228
106.228
106.228
106.079
105.979
105.616
105.181
103.803
103.803
103.803
103.713
103.713
103.515
102.819
102.638
102.638
102.638
102.638
102.638
102.638
102.638
102.023
101.011
101.011
101.011
101.011
100.934
100.934
100.934
100.934
100.763
100.763
100.763
100.763
100.609
100.609
100.609
100.609
100.609
100.609
100.609
100.609
100.609
98.5912
98.5912
98.5912
98.5912
98.5912
98.4908
98.4742
98.4742
98.4742
98.4742
98.0775
98.0775
98.0775
98.0775
98.0775
98.0775
97.9771
97.9771
97.9771
97.9771
97.5885
97.5885
97.5002
97.5002
97.5002
97.5002
97.5002
97.5002
97.4627
97.4627
97.1032
97.1032
96.9804
96.9804
96.8878
96.5696
96.5696
96.5696
96.5696
96.5696
96.5696
96.5597
96.5597
96.5597
96.5597
96.5597
96.5597
96.5597
96.5597
96.2881
96.2881
96.2881
96.2881
96.2881
95.7415
95.7415
95.7415
95.7415
95.7415
95.7415
95.7415
95.7415
95.6568
95.6568
95.6568
95.6568
95.3596
95.3596
94.9474
94.9474
94.9474
94.7678
94.7678
94.7678
94.7678
94.7678
94.7678
94.7678
94.7678
94.7678
94.7678
94.7678
94.7678
94.7678
94.386
94.386
94.386
94.2631
94.2631
94.2445
94.2445
94.2445
94.2445
94.2445
94.1217
94.1217
94.1217
94.1217
94.1217
93.4444
93.4444
93.4444
93.4444
93.4444
93.4444
93.4444
93.4444
93.4444
93.4444
93.4444
93.4444
93.4444
93.4444
93.4444
93.4444
93.4444
93.4444
93.4444
93.4444
93.4444
93.4444
93.4444
93.4444
93.2653
93.2653
93.2653
93.2653
93.1741
93.1482
93.1482
93.1482
93.1482
93.1482
93.1482
93.1482
93.1482
93.1482
93.1482
93.1482
93.1301
93.1301
93.1301
93.1301
93.1301
93.1301
93.1301
93.1301
93.1301
93.1301
93.1301
93.1301
93.1301
93.1301
93.1301
93.1301
93.1301
93.1301
93.1301
93.1301
93.1301
93.1301
93.1301
92.436
92.436
92.436
92.436
92.436
92.436
92.436
92.436
92.436
92.436
92.436
92.436
92.436
92.436
92.3862
92.3862
92.3862
92.3862
92.3862
92.3315
92.3315
92.3315
92.3315
92.3315
92.3315
92.3315
92.3315
92.3315
92.3315
92.3315
92.3315
92.3315
92.3315
92.3315
92.3315
92.1772
92.1772
92.1772
92.1772
92.1772
92.1772
92.1772
92.1772
92.1772
92.1772
92.1772
92.1772
92.1772
92.1772
92.1735
92.1735
92.1735
92.1735
92.1735
92.1684
91.6914
91.6914
91.6914
91.6914
91.6914
91.6585
91.6585
91.6585
91.6585
91.2847
91.2847
91.2847
91.2847
91.2847
91.2847
90.6505
90.6505
90.6505
90.6505
89.0214
89.0214
89.0214
89.0214
89.0214
89.0214
89.0214
89.0214
89.0214
89.0214
89.0214
89.0214
88.9641
88.9641
88.9641
88.9641
88.9641
88.9641
88.9641
88.9641
88.9641
88.9641
88.9641
88.3609
88.3609
88.3609
88.3609
88.3444
88.3444
88.3444
88.3444
88.123
88.123
88.123
88.123
88.123
88.123
88.123
88.123
88.123
88.123
88.123
88.0701
88.0701
88.0701
88.0701
88.0701
88.0701
88.0701
88.0701
88.0701
86.249
86.249
86.249
86.249
86.249
86.249
86.249
86.249
86.249
86.249
86.249
86.1831
86.1831
86.1831
86.1831
86.1831
86.1831
86.1831
86.1831
86.1831
86.1831
86.1831
86.1831
86.1831
86.1831
86.1831
86.1831
86.1831
85.9637
84.8151
84.8151
84.8151
84.8151
84.8151
84.5957
84.5957
84.5957
84.5957
84.5957
84.5957
84.5957
84.5957
84.5957
84.5957
84.5957
84.5957
84.5957
84.5957
84.5957
84.5957
84.5957
84.5957
84.5957
84.5957
84.5957
84.5957
84.5957
84.5957
84.5957
84.5957
84.5957
84.5957
84.5957
84.5957
84.5957
84.5957
84.5957
84.5957
84.5957
84.5957
84.5957
84.5957
84.5957
84.5957
84.5957
84.4583
84.4583
84.4583
84.4583
84.4583
84.4583
84.4583
84.4583
84.4583
84.4583
84.4583
84.4583
84.4583
84.4583
84.4583
83.7968
83.7968
83.7968
83.7968
83.7968
83.656
83.656
83.656
83.656
83.656
83.656
83.656
83.656
83.656
83.656
83.656
83.656
83.5617
83.5617
83.5617
83.512
83.512
83.512
83.1396
83.1396
83.1396
83.1396
83.1396
82.8715
82.8715
82.8715
82.8715
82.7486
82.7486
82.7486
82.7486
82.7486
82.7027
82.7027
82.7027
82.7027
82.7027
82.7027
82.7027
82.7027
82.7027
82.7027
82.7027
82.7027
82.7027
82.7027
82.7027
82.4304
82.4304
82.4304
82.4304
82.4304
82.4304
82.4304
82.4304
82.4304
82.4304
82.4304
82.4304
82.4304
82.4304
82.4304
82.4304
82.4304
82.4304
82.4304
82.4304
82.4304
82.4304
82.4304
82.4304
82.0882
82.0882
82.0882
82.0882
82.0882
82.0882
82.0882
82.0882
82.0882
82.0882
82.0882
82.0882
82.0882
82.0882
82.0882
82.0882
82.0882
82.0882
82.0882
82.0882
82.0882
82.0882
82.0882
82.0882
82.0882
82.0882
82.0882
82.0882
82.0882
82.0882
82.0882
82.0882
82.0882
82.0882
82.0882
82.0882
82.0882
82.0882
82.0882
82.0882
82.0882
82.0882
82.0882
82.0882
82.0882
82.0882
82.0882
82.0882
82.0882
82.0882
82.0882
82.0882
82.0882
82.0882
82.0882
82.0882
82.0882
82.0882
82.0882
82.0882
82.0882
82.0882
82.0882
82.0882
82.0882
82.0882
82.0882
82.0882
82.0882
82.0882
82.0882
82.0882
82.0882
82.0882
82.0882
82.0882
82.0882
82.0882
82.0882
82.0882
82.0882
82.0882
82.0882
82.0882
82.0882
82.0882
82.0882
82.0882
82.0882
82.0882
82.0882
82.0882
82.0882
82.0882
82.0882
82.0882
82.0882
82.0882
82.0882
82.0882
82.0882
82.0882
82.0882
82.0882
82.0882
82.0882
82.0882
82.0882
82.0882
82.0882
82.0882
82.0882
82.0882
82.0882
82.0882
82.0882
82.0882
82.0882
82.0882
82.0882
82.0882
82.0882
82.0882
82.0882
82.0882
82.0882
82.0882
82.0882
82.0882
82.0882
82.0882
82.0882
82.0882
82.0882
82.0882
82.0882
82.0882
82.0882
82.0882
82.0882
82.0882
82.0882
81.6049
81.6049
81.6049
81.6049
81.6049
81.6049
81.6049
81.6049
81.6049
81.6049
81.6049
81.6049
81.6049
81.5158
81.5158
81.5158
81.5158
81.5158
81.5158
81.5158
81.5158
81.5158
81.5158
81.5158
81.5158
81.5158
81.5158
81.3376
81.3376
81.3376
81.3376
81.3376
81.251
81.251
81.251
81.251
81.251
81.251
81.251
81.251
81.251
81.251
81.251
81.251
81.251
81.251
81.251
81.251
79.7763
79.7763
79.7763
79.7763
79.7763
79.7763
79.7763
79.7763
79.4881
79.4881
79.4881
78.9238
78.9238
78.9238
78.9238
78.9238
78.9238
78.9238
78.9238
78.9238
78.9238
78.9238
78.9238
78.9238
78.9238
78.9238
78.9238
78.9238
78.9238
78.9238
78.9238
78.9238
78.9238
78.9238
78.9238
78.9238
78.4868
78.4868
78.4868
78.4868
78.4868
78.4868
78.4868
78.4868
78.4868
78.4868
78.4868
78.4868
78.4868
78.4868
78.4868
78.4868
78.4868
78.4868
78.4868
78.4868
78.4868
78.4868
78.4868
78.4309
78.4309
78.4309
78.4309
78.4309
77.0659
77.0659
77.0659
77.0659
77.0659
77.0659
77.0659
77.0659
77.0659
77.0659
77.0659
77.0659
77.0659
77.0659
77.0659
77.0659
77.0659
77.0659
77.0659
77.0659
77.0659
76.7202
76.7202
76.7202
76.7202
76.6763
76.6763
76.6763
76.6763
75.9895
75.9895
75.9895
75.9895
75.9895
75.9895
75.9895
75.9895
75.9895
75.5518
75.5518
75.5518
75.5518
75.5518
75.5518
75.5518
75.5518
75.5518
75.5518
75.5518
75.5518
75.5518
74.948
74.948
74.948
74.948
74.948
74.948
74.948
74.948
74.948
74.948
74.948
74.7244
74.7244
74.7244
74.7244
74.7244
74.7244
74.7244
74.7244
74.7244
74.7244
74.7244
74.7244
74.7244
74.7244
74.7244
74.7244
74.7244
74.7244
74.7244
74.7244
74.7244
74.7244
74.7244
74.7244
74.7244
74.7244
74.7244
74.7244
74.7244
74.7244
74.7244
74.7244
74.7244
74.7244
74.7244
74.7244
74.7244
74.7244
74.7244
74.7244
74.7244
74.7244
74.7244
74.7244
74.7244
74.7244
74.7244
74.6131
74.6131
74.5826
74.5826
74.5826
74.5826
74.5826
74.5826
74.5826
74.5826
74.5826
74.5826
74.5826
74.5826
74.302
74.302
74.302
74.302
74.302
74.302
74.302
74.302
74.302
74.302
74.302
74.302
74.302
74.302
74.302
74.302
74.302
74.302
74.302
74.302
74.302
74.302
74.302
74.302
74.302
74.302
74.2813
74.2813
74.2813
74.2813
74.2813
74.2813
74.2813
74.2813
74.2813
74.2813
74.2813
74.2813
74.2813
74.2813
74.2813
74.2813
74.2813
74.2813
73.8947
73.8947
73.8947
73.8947
73.8947
73.8947
73.8947
73.8947
73.8947
73.8947
73.8947
73.8947
73.8947
73.8947
73.8947
73.8947
73.8947
73.8947
73.8947
73.8947
73.8947
73.8947
73.8947
73.8947
73.8947
73.8947
73.8947
73.8947
73.8947
73.8947
73.8947
73.8947
73.8947
73.8947
73.8947
73.8947
73.8947
73.8947
73.8947
73.8844
73.8844
73.8844
73.8844
73.8844
73.8844
73.6572
73.6572
73.6572
73.6572
73.6572
73.6572
73.6572
73.6572
73.6572
73.6572
73.6572
73.6572
73.6572
73.6572
73.6572
73.6572
73.6572
73.6572
73.6572
73.6572
73.5038
73.5038
73.5038
73.5038
73.4858
73.4858
73.4858
73.4858
73.4858
73.4858
73.4858
73.4858
73.4858
73.4858
72.9177
72.9177
72.9177
72.9177
72.9177
72.9177
72.9177
72.9177
72.9177
72.9177
72.9177
72.9177
72.9177
72.9177
72.9177
72.9177
72.9177
72.9177
72.9177
72.9177
72.9177
72.9177
72.9177
72.9177
72.9177
72.9177
72.9177
72.9177
72.9177
72.9177
72.9177
72.9177
72.9177
72.9177
72.9177
72.9177
72.9177
72.9177
72.9177
72.9177
72.9177
72.9177
72.9177
72.9177
72.9177
72.9177
72.9177
72.9177
72.9177
72.9177
72.9177
72.9177
72.9177
72.9177
72.9177
72.9177
72.9177
72.9177
72.9177
72.9177
72.9177
72.9177
72.9177
72.9177
72.9177
72.9177
72.9177
72.9177
72.9177
72.9177
72.9177
72.9177
72.9177
72.9177
72.9177
72.9177
72.9177
72.9177
72.9177
72.9177
72.9177
72.9177
72.9177
72.9177
72.9177
72.9177
72.9177
72.9177
72.9177
72.9177
72.9177
72.9177
72.9177
72.9177
72.9177
72.9177
72.8269
72.8269
72.2054
72.2054
72.2054
72.2054
72.1511
72.1511
72.1511
72.1511
72.1511
72.1511
72.1511
72.1511
72.1511
72.1511
72.1511
72.1511
72.1511
72.1511
72.1511
72.1511
72.1511
72.1511
72.1511
72.1511
72.1511
72.1511
72.1511
72.1511
71.9493
71.9493
71.9493
71.9493
71.9493
71.9493
71.9493
71.9493
71.9493
71.9493
71.9493
71.9493
71.9493
71.9493
71.9493
71.9493
71.9493
71.9493
71.9493
71.9493
71.9493
71.9493
71.9493
71.9493
71.9493
71.9493
71.9493
71.9493
71.9493
71.9493
71.9493
71.9493
71.9493
71.9493
71.9493
71.9493
71.9493
71.9493
71.9493
71.9493
71.9493
71.9493
71.9493
71.9493
71.9493
71.9493
71.9493
71.9493
71.9493
71.9493
71.9493
71.9493
71.9493
71.9493
71.9493
71.9493
71.9493
71.9493
71.9493
71.9493
71.9493
71.9493
71.9493
71.9493
71.9493
71.9493
71.9493
71.9493
71.9493
71.9493
71.9493
71.9493
71.9493
71.9493
71.9493
71.9493
71.9493
71.9493
71.9493
71.9493
71.9493
71.9493
71.9493
71.9493
71.9493
71.9493
71.9493
71.9493
71.9493
71.9493
71.9493
71.9493
71.9493
71.9493
71.9493
71.9493
71.9493
71.9493
71.9493
71.9493
71.9493
71.9493
71.9493
71.9493
71.9493
71.9493
71.9493
71.9493
71.9493
71.9493
71.9493
71.9493
71.9493
71.9493
71.9493
71.9493
71.9493
71.9493
71.9493
71.9493
71.9493
71.9493
71.9493
71.9493
71.9493
71.9493
71.9493
71.9493
71.9493
71.9493
71.9493
71.9493
71.9493
71.9493
71.9493
71.9493
71.9493
71.9493
71.9493
71.9493
71.9493
71.9493
71.9493
71.9493
71.9493
71.9493
71.9493
71.9493
71.9493
71.9493
71.9493
71.9493
71.9493
71.9493
71.9493
71.9493
71.9493
71.9493
71.9493
71.9493
71.9493
71.9493
71.9493
71.9493
71.9493
71.9493
71.9493
71.9493
71.9493
71.9493
71.9493
71.9493
71.9493
71.9493
71.9493
71.9493
71.9493
71.9493
71.9493
71.9493
71.9493
71.9493
71.9493
71.9493
71.9493
71.9493
71.9493
71.9493
71.9493
71.9493
71.9493
71.9493
71.9493
71.9493
71.9493
71.9493
71.9493
71.9493
71.9493
71.9493
71.9493
71.9493
71.9493
71.9493
71.9493
71.9493
71.9493
71.9493
71.9493
71.9493
71.9493
71.9493
71.9493
71.9493
71.9493
71.9493
71.9493
71.9493
71.9493
71.9493
71.9493
71.9493
71.9493
71.9493
71.9493
71.9493
71.9493
71.9493
71.9493
71.9493
71.9493
71.9493
71.9493
71.9493
71.9493
71.9493
71.9493
71.9493
71.9493
71.9493
71.9493
71.9493
71.9493
71.9493
71.9493
71.9493
71.9493
71.9493
71.9493
71.9493
71.4786
71.4786
71.4786
71.4786
71.4786
71.4786
71.4786
71.4786
71.4786
71.4786
71.4786
71.4786
71.4786
71.4786
71.4786
71.4786
71.4786
71.4786
71.4786
71.4786
71.4786
71.4786
71.4786
71.4786
71.4786
71.4786
71.4786
71.4786
71.4786
71.4786
71.4786
71.4786
71.4786
71.4786
71.4786
71.4786
71.4786
71.4786
71.4786
71.4786
71.4786
71.4786
71.4786
71.4786
71.4786
71.4786
71.4786
71.4786
71.4786
71.4786
71.4786
71.4786
71.4786
71.4786
71.4786
71.4786
71.4786
71.4786
71.4786
71.4786
71.4786
71.4786
71.4786
71.4786
71.4786
71.4786
71.4786
71.4786
71.4786
71.4786
71.4786
71.4786
71.4786
71.4786
71.4786
71.4786
71.4786
71.4786
71.4786
71.4786
71.4786
71.4786
71.4786
71.4786
71.4786
71.4786
71.4786
71.4786
71.4786
71.4786
71.4786
71.4786
71.4786
71.4786
71.4786
71.4786
71.4786
71.4786
71.4786
71.4786
71.4786
71.4786
71.4786
71.4786
71.4786
71.4786
71.4786
71.4786
71.4786
71.4786
71.4786
71.4786
71.4786
71.4786
71.4786
71.4786
71.4786
71.4786
71.4786
71.4786
71.4786
71.4786
71.4786
71.4786
71.4786
71.4786
71.4786
71.4786
71.4786
71.4786
71.4786
71.4786
71.4786
71.4786
71.4786
71.4786
71.4786
71.4786
71.4786
71.4786
71.4786
71.4786
71.4786
71.4786
71.4786
71.4786
71.4786
71.4786
71.4786
71.4786
71.4786
71.4786
71.4786
71.4786
71.4786
71.4786
71.4786
71.4786
71.4786
71.4786
71.4786
71.4786
71.4786
71.4786
71.4786
71.4786
71.4786
71.4786
71.4786
71.4786
71.4786
71.4786
71.4786
71.4786
71.4786
71.4786
71.4786
71.4786
71.4786
71.4786
71.4786
71.4786
71.4786
71.4786
71.4786
71.4786
71.331
71.331
71.331
71.331
71.331
71.331
71.331
71.331
71.331
71.331
71.331
71.331
71.331
71.331
71.331
71.331
71.331
71.331
71.331
71.331
71.331
71.331
71.331
71.0649
71.0649
71.0649
71.0649
71.0649
71.0649
71.0649
71.0649
71.0649
71.0649
71.0649
71.0649
71.0649
71.0649
71.0649
71.0649
71.0649
71.0649
71.0649
71.0649
71.0649
71.0649
71.0649
71.0649
71.0649
71.0649
71.0649
71.0649
71.0649
71.0649
71.0649
71.0649
71.0649
71.0649
71.0649
71.0649
71.0649
71.0649
71.0649
71.0649
71.0649
71.0649
71.0649
71.0649
71.0649
71.0649
71.0649
71.0649
71.0649
71.0649
71.0649
71.0649
71.0649
71.0649
71.0649
71.0649
71.0649
71.0649
71.0649
71.0649
71.0649
71.0649
71.0649
71.0649
71.0649
71.0649
71.0649
71.0649
71.0649
71.0649
71.0649
71.0649
71.0649
71.0649
71.0649
71.0649
71.0649
71.0649
71.0649
71.0649
71.0649
71.0649
71.0649
71.0649
71.0649
71.0649
71.0649
71.0649
71.0649
71.0649
71.0649
71.0649
71.0649
71.0649
71.0649
71.0649
71.0649
71.0649
71.0649
71.0649
71.0649
71.0649
71.0649
71.0649
71.0649
71.0649
71.0649
71.0649
71.0649
71.0649
71.0649
71.0649
71.0649
71.0649
71.0649
71.0649
71.0649
71.0649
71.0649
71.0649
71.0649
71.0649
71.0649
71.0649
71.0649
71.0649
71.0649
71.0649
71.0649
71.0649
71.0649
71.0649
71.0649
71.0649
71.0649
71.0649
71.0649
71.0649
71.0649
71.0649
71.0649
71.0649
71.0649
71.0649
71.0649
71.0649
71.0649
71.0649
71.0649
71.0649
71.0649
71.0649
71.0649
71.0649
71.0649
71.0649
71.0649
71.0649
71.0649
71.0649
71.0649
71.0649
71.0649
71.0649
71.0649
71.0649
71.0649
71.0649
71.0649
71.0649
71.0649
71.0649
71.0649
71.0649
71.0649
71.0649
71.0649
71.0649
71.0649
71.0649
71.0649
71.0649
71.0649
70.4095
70.4095
70.4095
70.4095
70.4095
70.4095
70.4095
70.4095
70.4095
70.4095
70.4095
70.4095
70.4095
70.4095
70.4095
70.4095
70.4095
70.4095
70.4095
70.4095
70.4095
70.4095
70.4095
70.4095
70.4095
70.4095
70.4095
70.4095
70.4095
70.4095
70.4095
70.4095
70.4095
70.4095
70.4095
70.4095
70.4095
70.4095
70.4095
70.4095
70.4095
70.4095
70.4095
70.4095
70.4095
70.4095
70.4095
70.4095
70.4095
70.4095
70.4095
70.4095
70.4095
70.4095
70.4095
70.4095
70.4095
70.4095
70.4095
70.4095
70.4095
70.4095
70.4095
70.4095
70.4095
70.4095
70.4095
70.4095
70.4095
70.4095
70.4095
70.4095
70.4095
70.4095
70.4095
70.4095
70.4095
70.4095
70.4095
70.4095
70.4095
70.4095
70.4095
70.4095
70.4095
70.4095
70.4095
70.4095
70.4095
70.4095
70.4095
70.4095
70.4095
70.4095
70.4095
70.4095
70.4095
70.4095
70.4095
70.4095
70.4095
70.4095
70.4095
70.4095
70.4095
70.4095
70.4095
70.4095
70.4095
70.4095
70.4095
70.4095
70.4095
70.4095
70.4095
70.4095
70.4095
70.4095
70.4095
70.4095
70.4095
70.4095
70.4095
70.4095
70.4095
70.4095
70.4095
70.4095
70.4095
70.4095
70.4095
70.4095
70.4095
70.4095
70.4095
70.4095
70.4095
70.4095
70.4095
70.4095
70.4095
70.4095
70.4095
70.4095
70.4095
70.4095
70.4095
70.4095
70.4095
70.4095
70.4095
70.4095
70.4095
70.4095
70.4095
70.4095
70.4095
70.4095
70.4095
70.4095
70.4095
70.4095
70.4095
70.4095
70.4095
70.4095
70.4095
70.4095
70.4095
70.4095
70.4095
70.4095
70.4095
70.4095
70.4095
70.4095
70.4095
70.4095
70.4095
70.4095
70.4095
70.4095
70.4095
70.4095
70.4095
70.4095
70.4095
70.4095
70.4095
70.4095
70.4095
70.4095
70.4095
70.4095
70.4095
70.4095
70.4095
70.4095
70.4095
70.4095
70.4095
70.4095
70.4095
70.4095
70.4095
70.4095
70.4095
70.4095
70.4095
70.4095
70.4095
70.4095
70.4095
70.4095
70.4095
70.4095
70.4095
70.4095
70.4095
70.4095
70.4095
70.4095
70.4095
70.4095
70.4095
70.4095
70.4095
70.4095
70.4095
70.4095
70.4095
70.4095
70.4095
70.4095
70.4095
70.4095
70.4095
70.4095
70.4095
70.4095
70.4095
70.4095
70.4095
70.4095
70.4095
70.4095
70.4095
70.4095
70.4095
70.4095
70.4095
70.4095
70.4095
70.4095
70.4095
70.4095
70.4095
70.4095
70.4095
70.4095
70.4095
70.4095
70.4095
70.4095
70.4095
70.4095
70.4095
70.4095
70.4095
70.4095
70.4095
70.4095
70.4095
70.4095
70.4095
70.4095
70.4095
70.4095
70.4095
70.4095
70.4095
70.4095
70.4095
70.4095
70.4095
70.4095
70.4095
70.4095
70.4095
70.4095
70.4095
70.4095
70.4095
70.4095
70.4095
70.4095
70.4095
70.4095
70.4095
70.4095
70.4095
70.4095
70.4095
70.4095
70.4095
70.4095
70.4095
70.4095
70.4095
70.4095
70.4095
70.4095
70.4095
70.4095
70.4095
70.4095
70.4095
70.4095
70.4095
70.4095
70.4095
70.4095
70.4095
70.4095
70.4095
70.4095
70.4095
70.4095
70.4095
70.4095
70.4095
70.4095
70.4095
70.4095
70.4095
70.4095
70.4095
70.4095
70.4095
70.4095
70.4095
70.4095
70.4095
70.3126
70.3126
70.3126
70.3126
70.3126
70.3126
70.3126
70.3126
70.3126
70.3126
70.3126
70.3126
70.3126
70.3126
70.3126
70.3126
70.3126
70.3126
70.3126
70.3126
70.3126
70.3126
70.3126
70.3126
70.3126
70.3126
70.3126
70.3126
70.3126
70.3126
70.3126
70.3126
70.3126
70.3126
70.3126
70.3126
70.3126
70.3126
70.3126
70.3126
70.3126
70.3126
70.3126
70.3126
70.3126
70.3126
70.3126
70.3126
70.3126
70.3126
70.3126
70.3126
70.3126
70.3126
70.3126
70.3126
70.3126
70.3126
70.3126
70.3126
70.3126
70.3126
70.3126
70.3126
70.3126
70.3126
70.3126
70.3126
70.3126
70.3126
70.3126
70.3126
70.3126
70.3126
70.3126
70.3126
70.3126
70.3126
70.3126
70.3126
70.3126
70.3126
70.3126
70.3126
70.3126
70.3126
70.3126
70.3126
70.3126
70.3126
70.3126
70.3126
70.3126
70.3126
70.3126
70.3126
70.3126
70.3126
70.3126
70.3126
70.3126
70.3126
70.3126
70.3126
70.3126
70.3126
70.3126
70.3126
70.3126
70.3126
70.3126
70.3126
70.3126
70.3126
70.3126
70.3126
70.3126
70.3126
70.3126
70.3126
70.3126
70.3126
70.3126
70.3126
70.3126
70.3126
70.3126
70.3126
70.3126
70.3126
70.3126
70.3126
70.3126
70.3126
70.3126
70.3126
70.3126
70.3126
70.3126
70.3126
70.3126
70.3126
70.3126
70.3126
70.3126
70.3126
70.3126
70.3126
70.3126
70.3126
70.3126
70.3126
70.3126
70.3126
70.3126
70.3126
70.3126
70.3126
70.3126
70.3126
70.3126
70.3126
70.3126
70.3126
70.3126
70.3126
70.3126
70.3126
70.3126
70.3126
70.3126
70.3126
70.3126
70.3126
70.3126
70.3126
70.3126
70.3126
70.3126
70.3126
70.3126
70.3126
70.3126
70.3126
70.3126
70.3126
70.3126
70.3126
70.3126
70.3126
70.3126
70.3126
70.3126
70.3126
70.3126
70.3126
70.3126
70.3126
70.3126
70.3126
70.3126
70.3126
70.3126
70.3126
70.3126
70.3126
70.3126
70.3126
70.3126
70.3126
70.3126
70.3126
70.3126
70.3126
70.3126
70.3126
70.3126
70.3126
70.3126
70.3126
70.3126
70.3126
70.3126
70.3126
70.3126
70.3126
70.3126
70.3126
70.3126
70.3126
70.3126
70.3126
70.3126
70.3126
70.3126
70.3126
70.3126
70.3126
70.3126
70.3126
70.3126
70.3126
70.3126
70.3126
70.3126
70.3126
70.3126
70.3126
70.3126
70.3126
70.3126
70.3126
70.3126
70.3126
70.3126
70.3126
70.3126
70.3126
70.3126
70.3126
70.3126
70.3126
70.3126
70.3126
70.3126
70.3126
70.3126
70.3126
70.3126
70.3126
70.3126
70.3126
70.3126
70.3126
70.3126
70.3126
70.3126
70.3126
70.3126
70.3126
70.3126
70.3126
70.3126
70.3126
70.3126
70.3126
70.3126
70.3126
70.3126
70.3126
70.3126
70.3126
70.3126
70.3126
70.3126
70.3126
70.3126
70.3126
70.3126
70.3126
70.3126
70.3126
70.3126
70.3126
70.3126
70.3126
70.3126
70.3126
70.3126
70.3126
70.3126
70.3126
70.3126
70.3126
70.3126
70.3126
70.3126
70.3126
70.3126
70.3126
70.3126
70.3126
70.3126
70.3126
70.3126
70.3126
70.3126
70.3126
70.3126
70.3126
70.3126
70.3126
70.3126
70.3126
70.3126
70.3126
70.3126
70.3126
70.3126
70.3126
70.3126
70.3126
70.3126
70.3126
70.3126
70.3126
70.3126
70.3126
70.3126
70.3126
70.3126
70.3126
70.3126
70.3126
70.3126
70.3126
70.3126
70.3126
70.3126
70.3126
70.3126
70.3126
70.3126
70.3126
70.3126
70.3126
70.3126
70.3126
70.3126
70.3126
70.3126
70.3126
70.3126
70.3126
70.3126
70.3126
70.3126
70.3126
70.3126
70.3126
70.3126
70.3126
70.3126
70.3126
70.3126
70.3126
70.3126
70.3126
70.3126
70.3126
70.3126
70.3126
70.3126
70.3126
70.3126
70.3126
70.3126
70.3126
70.3126
70.3126
70.3126
70.3126
70.3126
70.3126
70.3126
70.3126
70.3126
70.3126
70.3126
70.3126
70.3126
70.3126
70.3126
70.3126
70.3126
70.3126
70.3126
70.3126
70.3126
70.3126
70.3126
70.3126
70.3126
70.3126
70.3126
70.3126
70.3126
70.3126
70.3126
70.3126
70.3126
70.3126
70.3126
70.3126
70.3126
70.3126
70.3126
70.3126
70.3126
70.3126
70.3126
70.3126
70.3126
70.3126
70.3126
70.3126
70.3126
70.3126
70.3126
70.3126
70.3126
70.3126
70.3126
70.3126
70.3126
70.3126
70.3126
70.3126
70.3126
70.3126
70.3126
70.3126
70.3126
70.3126
70.3126
70.3126
70.3126
70.3126
70.3126
70.3126
70.3126
70.3126
70.3126
70.3126
70.3126
70.3126
70.3126
70.3126
70.3126
70.3126
70.3126
70.3126
70.3126
70.3126
70.3126
70.3126
70.3126
70.3126
70.3126
70.3126
70.3126
70.3126
70.3126
70.3126
70.3126
70.3126
70.3126
70.3126
70.3126
70.3126
70.3126
70.3126
70.3126
70.3126
70.3126
70.3126
70.3126
70.3126
70.3126
70.3126
70.3126
70.3126
70.3126
70.3126
70.3126
70.3126
70.3126
70.3126
70.3126
70.3126
70.3126
70.3126
70.3126
70.3126
70.3126
70.3126
70.3126
70.3126
70.3126
70.3126
70.3126
70.3126
70.3126
70.3126
70.3126
70.3126
70.3126
70.3126
70.3126
70.3126
70.3126
70.3126
70.3126
70.3126
70.3126
70.3126
70.3126
70.3126
70.3126
70.3126
70.3126
70.3126
70.3126
70.3126
70.3126
70.3126
70.3126
70.3126
70.3126
70.3126
70.3126
70.3126
70.3126
70.3126
70.3126
70.3126
70.3126
70.3126
70.3126
70.3126
70.3126
70.3126
70.3126
70.3126
70.3126
70.3126
70.3126
70.3126
70.3126
70.3126
70.3126
70.3126
70.3126
70.3126
70.3126
70.3126
70.3126
70.3126
70.3126
70.3126
70.3126
70.3126
70.3126
70.3126
70.3126
70.3126
70.3126
70.3126
70.3126
70.3126
70.3126
70.3126
70.3126
70.3126
70.3126
70.3126
70.3126
70.3126
70.3126
70.3126
70.3126
70.3126
70.3126
70.3126
70.3126
70.3126
70.3126
70.3126
70.3126
70.3126
70.3126
70.3126
70.3126
70.3126
70.3126
70.3126
70.3126
70.3126
70.3126
70.3126
70.3126
70.3126
70.3126
70.3126
70.3126
70.3126
70.3126
70.3126
70.3126
70.3126
70.3126
70.3126
70.3126
70.3126
70.3126
70.3126
70.3126
70.3126
70.3126
70.3126
70.3126
70.3126
70.3126
70.3126
70.3126
70.3126
70.3126
70.3126
70.3126
70.3126
70.3126
70.3126
70.3126
70.3126
70.3126
70.3126
70.3126
70.3126
70.3126
70.3126
70.3126
70.3126
70.3126
70.3126
70.3126
70.3126
70.3126
70.3126
70.3126
70.3126
70.3126
70.3126
70.3126
70.3126
70.3126
70.3126
70.3126
70.3126
70.3126
70.3126
70.3126
70.3126
70.3126
70.3126
70.3126
70.3126
70.3126
70.3126
70.3126
70.3126
70.3126
70.3126
70.3126
70.3126
70.3126
70.3126
70.3126
70.3126
70.3126
70.3126
70.3126
70.3126
70.3126
70.3126
70.3126
70.3126
70.3126
70.3126
70.3126
70.3126
70.3126
70.3126
70.3126
70.3126
70.3126
70.3126
70.3126
70.3126
70.3126
70.3126
70.3126
70.3126
70.3126
70.3126
70.3126
70.3126
70.3126
70.3126
70.3126
70.3126
70.3126
70.3126
70.3126
70.3126
70.3126
70.3126
70.3126
70.3126
70.3126
70.3126
70.3126
70.3126
70.3126
70.3126
70.3126
70.3126
70.3126
70.3126
70.3126
70.3126
70.3126
70.3126
70.3126
70.3126
70.3126
70.3126
70.3126
70.3126
70.3126
70.3126
70.3126
70.3126
70.3126
70.3126
70.3126
70.3126
70.3126
70.3126
70.3126
70.3126
70.3126
70.3126
70.3126
70.3126
70.3126
70.3126
70.3126
70.3126
70.3126
70.3126
70.3126
70.3126
70.3126
70.3126
70.3126
70.3126
70.3126
70.3126
70.3126
70.3126
70.3126
70.3126
70.3126
70.3126
70.3126
70.3126
70.3126
70.3126
70.3126
70.3126
70.3126
70.3126
70.3126
70.3126
70.3126
70.3126
70.3126
70.3126
70.3126
70.3126
70.3126
70.3126
70.3126
70.3126
70.3126
70.3126
70.3126
70.3126
70.3126
70.3126
70.3126
70.3126
70.3126
70.3126
70.3126
70.3126
70.3126
70.3126
70.3126
70.3126
70.3126
70.3126
70.3126
70.3126
70.3126
70.3126
70.3126
70.3126
70.3126
70.3126
70.3126
70.3126
70.3126
70.3126
70.3126
70.3126
70.3126
70.3126
70.3126
70.3126
70.3126
70.3126
70.3126
70.3126
70.3126
70.3126
70.3126
70.3126
70.3126
70.3126
70.3126
70.3126
70.3126
70.3126
70.3126
70.3126
70.3126
70.3126
70.3126
70.3126
70.3126
70.3126
70.3126
70.3126
70.3126
70.3126
70.3126
70.3126
70.3126
70.3126
70.3126
70.3126
70.3126
70.3126
70.3126
70.3126
70.3126
70.3126
70.3126
70.3126
70.3126
70.3126
70.3126
70.3126
70.3126
70.3126
70.3126
70.3126
70.3126
70.3126
70.3126
70.3126
70.3126
70.3126
70.3126
70.3126
70.3126
70.3126
70.3126
70.3126
70.3126
70.3126
70.3126
70.3126
70.3126
70.3126
70.3126
70.3126
70.3126
70.3126
70.3126
70.3126
70.3126
70.3126
70.3126
70.3126
70.3126
70.3126
70.3126
70.3126
70.3126
70.3126
70.3126
70.3126
70.3126
70.3126
70.3126
70.3126
70.3126
70.3126
70.3126
70.3126
70.3126
70.3126
70.3126
70.3126
70.3126
70.3126
70.3126
70.3126
70.3126
70.3126
70.3126
70.3126
70.3126
70.3126
70.3126
70.3126
70.3126
70.3126
70.3126
70.3126
70.3126
70.3126
70.3126
70.3126
70.3126
70.3126
70.3126
70.3126
70.3126
70.3126
70.3126
70.3126
70.3126
70.3126
70.3126
70.3126
70.3126
70.3126
70.3126
70.3126
70.3126
70.3126
70.3126
70.3126
70.3126
70.3126
70.3126
70.3126
70.3126
70.3126
70.3126
70.3126
70.3126
70.3126
70.3126
70.3126
70.3126
70.3126
70.3126
70.3126
70.3126
70.3126
70.3126
70.3126
70.3126
70.3126
70.3126
70.3126
70.3126
70.3126
70.3126
70.3126
70.3126
70.3126
70.3126
70.3126
70.3126
70.3126
70.3126
70.3126
70.3126
70.3126
70.3126
70.3126
70.3126
70.3126
70.3126
70.3126
70.3126
70.3126
70.3126
70.3126
70.3126
70.3126
70.3126
70.3126
70.3126
70.3126
70.3126
70.3126
70.3126
70.3126
70.3126
70.3126
70.3126
70.3126
70.3126
70.3126
70.3126
70.3126
70.3126
70.3126
70.3126
70.3126
70.3126
70.3126
70.3126
70.3126
70.3126
70.3126
70.3126
70.3126
70.3126
70.3126
70.3126
70.3126
70.3126
70.3126
70.3126
70.3126
70.3126
70.3126
70.3126
70.3126
70.3126
70.3126
70.3126
70.3126
70.3126
70.3126
70.3126
70.3126
70.3126
70.3126
70.3126
70.3126
70.3126
70.3126
70.3126
70.3126
70.3126
70.3126
70.3126
70.3126
70.3126
70.3126
70.3126
70.3126
70.3126
70.3126
70.3126
70.3126
70.3126
70.3126
70.3126
70.3126
70.3126
70.3126
70.3126
70.3126
70.3126
70.3126
70.3126
70.3126
70.3126
70.3126
70.3126
70.3126
70.3126
70.3126
70.3126
70.3126
70.3126
70.3126
70.3126
70.3126
70.3126
70.3126
70.3126
70.3126
70.3126
70.3126
70.3126
70.3126
70.3126
70.3126
70.3126
70.3126
70.3126
70.3126
70.3126
70.3126
70.3126
70.3126
70.3126
70.3126
70.3126
70.3126
70.3126
70.3126
70.3126
70.3126
70.3126
70.3126
70.3126
70.3126
70.3126
70.3126
70.3126
70.3126
70.3126
70.3126
70.3126
70.3126
70.3126
70.3126
70.3126
70.3126
70.3126
70.3126
70.3126
70.3126
70.3126
70.3126
70.3126
70.3126
70.3126
70.3126
70.3126
70.3126
70.3126
70.3126
70.3126
70.3126
70.3126
70.3126
70.3126
70.3126
70.3126
70.3126
70.3126
70.3126
70.3126
70.3126
70.3126
70.3126
70.3126
70.3126
70.3126
70.3126
70.3126
70.3126
70.3126
70.3126
70.3126
70.3126
70.3126
70.3126
70.3126
70.3126
70.3126
70.3126
70.3126
70.3126
70.3126
70.3126
70.3126
70.3126
70.3126
70.3126
70.3126
70.3126
70.3126
70.3126
70.3126
70.3126
70.3126
70.3126
70.3126
70.3126
70.3126
70.3126
70.3126
70.3126
70.3126
70.3126
70.3126
70.3126
70.3126
70.3126
70.3126
70.3126
70.3126
70.3126
70.3126
70.3126
70.3126
70.3126
70.3126
70.3126
70.3126
70.3126
70.3126
70.3126
70.3126
70.3126
70.3126
70.3126
70.3126
70.3126
70.3126
70.3126
70.3126
70.3126
70.3126
70.3126
70.3126
70.3126
70.3126
70.3126
70.3126
70.3126
70.3126
70.3126
70.3126
70.3126
70.3126
70.3126
70.3126
70.3126
70.3126
70.3126
70.3126
70.3126
70.3126
70.3126
70.3126
70.3126
70.3126
70.3126
70.3126
70.3126
70.3126
70.3126
70.3126
70.3126
70.3126
70.3126
70.3126
70.3126
70.3126
70.3126
70.3126
70.3126
70.3126
70.3126
70.3126
70.3126
70.3126
70.3126
70.3126
70.3126
70.3126
70.3126
70.3126
70.3126
70.3126
70.3126
70.3126
70.3126
70.3126
70.3126
70.3126
70.3126
70.3126
70.3126
70.3126
70.3126
70.3126
70.3126
70.3126
70.3126
70.3126
70.3126
70.3126
70.3126
70.3126
70.3126
70.3126
70.3126
70.3126
70.3126
70.3126
70.3126
70.3126
70.3126
70.3126
70.3126
70.3126
70.3126
70.3126
70.3126
70.3126
70.3126
70.3126
70.3126
70.3126
70.3126
70.3126
70.3126
70.3126
70.3126
70.3126
70.3126
70.3126
70.3126
70.3126
70.3126
70.3126
70.3126
70.3126
70.3126
70.3126
70.3126
70.3126
70.3126
70.3126
70.3126
70.3126
70.3126
70.3126
70.3126
70.3126
70.3126
70.3126
70.3126
70.3126
70.3126
70.3126
70.3126
70.3126
70.3126
70.3126
70.3126
70.3126
70.3126
70.3126
70.3126
70.3126
70.3126
70.3126
70.3126
70.3126
70.3126
70.3126
70.3126
70.3126
70.3126
70.3126
70.3126
70.3126
70.3126
70.3126
70.3126
70.3126
70.3126
70.3126
70.3126
70.3126
70.3126
70.3126
70.3126
70.3126
70.3126
70.3126
70.3126
70.3126
70.3126
70.3126
70.3126
70.3126
70.3126
70.3126
70.3126
70.3126
70.3126
70.3126
70.3126
70.3126
70.3126
70.3126
70.3126
70.3126
70.3126
70.3126
70.3126
70.3126
70.3126
70.3126
70.3126
70.3126
70.3126
70.3126
70.3126
70.3126
70.3126
70.3126
70.3126
70.3126
70.3126
70.3126
70.3126
70.3126
70.3126
70.3126
70.3126
70.3126
70.3126
70.3126
70.3126
70.3126
70.3126
70.3126
70.3126
70.3126
70.3126
70.3126
70.3126
70.3126
70.3126
70.3126
70.3126
70.3126
70.3126
70.3126
70.3126
70.3126
70.3126
70.3126
70.3126
70.3126
70.3126
70.3126
70.3126
70.3126
70.3126
70.3126
70.3126
70.3126
70.3126
70.3126
70.3126
70.3126
70.3126
70.3126
70.3126
70.3126
70.3126
70.3126
70.3126
70.3126
70.3126
70.3126
70.3126
70.3126
70.3126
70.3126
70.3126
70.3126
70.3126
70.3126
70.3126
70.3126
70.3126
70.3126
70.3126
70.3126
70.3126
70.3126
70.3126
70.3126
70.3126
70.3126
70.3126
70.3126
70.3126
70.3126
70.3126
70.3126
70.3126
70.3126
70.3126
70.3126
70.3126
70.3126
70.3126
70.3126
70.3126
70.3126
70.3126
70.3126
70.3126
70.3126
70.3126
70.3126
70.3126
70.3126
70.3126
70.3126
70.3126
70.3126
70.3126
70.3126
70.3126
70.3126
70.3126
70.3126
70.3126
70.3126
70.3126
70.3126
70.3126
70.3126
70.3126
70.3126
70.3126
70.3126
70.3126
70.3126
70.3126
70.3126
70.3126
70.3126
70.3126
70.3126
70.3126
70.3126
70.3126
70.3126
70.3126
70.3126
70.3126
70.3126
70.3126
70.3126
70.3126
70.3126
70.3126
70.3126
70.3126
70.3126
70.3126
70.3126
70.3126
70.3126
70.3126
70.3126
70.3126
70.3126
70.3126
70.3126
70.3126
70.3126
70.3126
70.3126
70.3126
70.3126
70.3126
70.3126
70.3126
70.3126
70.3126
70.3126
70.3126
70.3126
70.3126
70.3126
70.3126
70.3126
70.3126
70.3126
70.3126
70.3126
70.3126
70.3126
70.3126
70.3126
70.3126
70.3126
70.3126
70.3126
70.3126
70.3126
70.3126
70.3126
70.3126
70.3126
70.3126
70.3126
70.3126
70.3126
70.3126
70.3126
70.3126
70.3126
70.3126
70.3126
70.3126
70.3126
70.3126
70.3126
70.3126
70.3126
70.3126
70.3126
70.3126
70.3126
70.3126
70.3126
70.3126
70.3126
70.3126
70.3126
70.3126
70.3126
70.3126
70.3126
70.3126
70.3126
70.3126
70.3126
70.3126
70.3126
70.3126
70.3126
70.3126
70.3126
70.3126
70.3126
70.3126
70.3126
70.3126
70.3126
70.3126
70.3126
70.3126
70.3126
70.3126
70.3126
70.3126
70.3126
70.3126
70.3126
70.3126
70.3126
70.3126
70.3126
70.3126
70.3126
70.3126
70.3126
70.3126
70.3126
70.3126
70.3126
70.3126
70.3126
70.3126
70.3126
70.3126
70.3126
70.3126
70.3126
70.3126
70.3126
70.3126
70.3126
70.3126
70.3126
70.3126
70.3126
70.3126
70.3126
70.3126
70.3126
70.3126
70.3126
70.3126
70.3126
70.3126
70.3126
70.3126
70.3126
70.3126
70.3126
70.3126
70.3126
70.3126
70.3126
70.3126
70.3126
70.3126
70.3126
70.3126
70.3126
70.3126
70.3126
70.3126
70.3126
70.3126
70.3126
70.3126
70.3126
70.3126
70.3126
70.3126
70.3126
70.3126
70.3126
70.3126
70.3126
70.3126
70.3126
70.3126
70.3126
70.3126
70.3126
70.3126
70.3126
70.3126
70.3126
70.3126
70.3126
70.3126
70.3126
70.3126
70.3126
70.3126
70.3126
70.3126
70.3126
70.3126
70.3126
70.3126
70.3126
70.3126
70.3126
70.3126
70.3126
70.3126
70.3126
70.3126
70.3126
70.3126
70.3126
70.267
70.267
70.267
70.267
70.267
70.267
70.267
70.267
70.267
70.267
70.267
70.267
70.267
70.267
70.267
70.267
70.267
70.267
70.267
70.267
70.267
70.267
70.267
70.267
70.267
70.267
70.267
70.267
70.267
70.267
69.8752
69.8752
69.8752
69.8752
69.8752
69.8752
69.8752
69.8752
69.8752
69.8752
69.8752
69.8752
69.8752
69.8752
69.8752
69.8752
69.8752
69.8752
69.8752
69.8752
69.8752
69.8752
69.8752
69.8752
69.8752
69.8752
69.8752
69.8752
69.8752
69.8752
69.8752
69.8752
69.8752
69.8752
69.8752
69.8752
69.8752
69.8752
69.8752
69.8752
69.8752
69.8752
69.8752
69.8752
69.8752
69.8752
69.8752
69.8752
69.8752
69.8752
69.8752
69.8752
69.8752
69.8752
69.8752
69.8752
69.8752
69.8752
69.8752
69.8752
69.8752
69.8752
69.8752
69.8752
69.8752
69.8752
69.8752
69.8752
69.8752
69.8752
69.8752
69.8752
69.8752
69.8752
69.8752
69.8752
69.8752
69.8752
69.8752
69.8752
69.8752
69.8752
69.8752
69.8752
69.8752
69.8752
69.8752
69.8752
69.8752
69.8752
69.8752
69.8752
69.8752
69.8752
69.8752
69.8752
69.8752
69.8752
69.8752
69.8752
69.8752
69.8752
69.8752
69.8752
69.8752
69.8752
69.8752
69.8752
69.8752
69.8752
69.8752
69.8752
69.8752
69.8752
69.8752
69.8752
69.8752
69.8752
69.8752
69.8752
69.8752
69.8752
69.8752
69.8752
69.8752
69.8752
69.8752
69.8752
69.8752
69.8752
69.8752
69.8752
69.8752
69.8752
69.8752
69.8752
69.8752
69.8752
69.8752
69.8752
69.8752
69.8752
69.8752
69.8752
69.8752
69.8752
69.8752
69.8752
69.8752
69.8752
69.8752
69.8752
69.8752
69.8752
69.8752
69.8752
69.8752
69.8752
69.8752
69.8752
69.8752
69.8752
69.8752
69.8752
69.8752
69.8752
69.8752
69.8752
69.8752
69.8752
69.8752
69.8752
69.8752
69.8752
69.8752
69.8752
69.8752
69.8752
69.8752
69.8752
69.8752
69.8752
69.8752
69.8752
69.8752
69.8752
69.8752
69.8752
69.8752
69.8752
69.8752
69.8752
69.8752
69.8752
69.8752
69.8752
69.8752
69.8752
69.8752
69.8752
69.8752
69.8752
69.8752
69.8752
69.8752
69.8752
69.8752
69.8752
69.8752
69.8752
69.8752
69.8752
69.8752
69.8752
69.8752
69.8752
69.8752
69.8752
69.8752
69.8752
69.8752
69.8752
69.8752
69.8752
69.8752
69.8752
69.8752
69.8752
69.8752
69.8752
69.8752
69.8752
69.8752
69.8752
69.8752
69.8752
69.8752
69.8752
69.8752
69.8752
69.8752
69.8752
69.8752
69.8752
69.8752
69.8752
69.8752
69.8752
69.8752
69.8752
69.8752
69.8752
69.8752
69.8752
69.8752
69.8752
69.8752
69.8752
69.8752
69.8752
69.8752
69.8752
69.8752
69.8752
69.8752
69.8752
69.8752
69.8752
69.8752
69.8752
69.8752
69.8752
69.8752
69.8752
69.8752
69.8752
69.8752
69.8752
69.8752
69.8752
69.8752
69.8752
69.8752
69.8752
69.8752
69.8752
69.8752
69.8752
69.8752
69.8752
69.8752
69.8752
69.8752
69.8752
69.8752
69.8752
69.8752
69.8752
69.8752
69.8752
69.8752
69.8752
69.8752
69.8752
69.8752
69.8752
69.8752
69.8752
69.8752
69.8752
69.8752
69.8752
69.8752
69.8752
69.8752
69.8752
69.8752
69.8752
69.8752
69.8752
69.8752
69.8752
69.8752
69.8752
69.8752
69.8752
69.8752
69.8752
69.8752
69.8752
69.8752
69.8752
69.8752
69.8752
69.8752
69.8752
69.8752
69.8752
69.8752
69.8752
69.8752
69.8752
69.8752
69.8752
69.8752
69.8752
69.8752
69.8752
69.8752
69.8752
69.8752
69.8752
69.8752
69.8752
69.8752
69.8752
69.8752
69.8752
69.8752
69.8752
69.8752
69.8752
69.8752
69.8752
69.8752
69.8752
69.8752
69.8752
69.8752
69.8752
69.8752
69.8752
69.8752
69.8752
69.8752
69.8752
69.8752
69.8752
69.8752
69.8752
69.8752
69.8752
69.8752
69.8752
69.8752
69.8752
69.8752
69.8752
69.8752
69.8752
69.8752
69.8752
69.8752
69.8752
69.8752
69.8752
69.8752
69.8752
69.8752
69.8752
69.8752
69.8752
69.8752
69.8752
69.8752
69.8752
69.8752
69.8752
69.8752
69.8752
69.8752
69.8752
69.8752
69.8752
69.8752
69.8752
69.8752
69.8752
69.8752
69.8752
69.8752
69.8752
69.8752
69.8752
69.8752
69.8752
69.8752
69.8752
69.8752
69.8752
69.8752
69.8752
69.8752
69.8752
69.8752
69.8752
69.8752
69.8752
69.8752
69.8752
69.8752
69.8752
69.8752
69.8752
69.8752
69.8752
69.8752
69.8752
69.8752
69.8752
69.8752
69.8752
69.8752
69.8752
69.8752
69.8752
69.8752
69.8752
69.8752
69.8752
69.8752
69.8752
69.8752
69.8752
69.8752
69.8752
69.8752
69.8752
69.8752
69.8752
69.8752
69.8752
69.8752
69.8752
69.8752
69.8752
69.8752
69.8752
69.8752
69.8752
69.8752
69.8752
69.8752
69.8752
69.8752
69.8752
69.8752
69.8752
69.8752
69.8752
69.8752
69.8752
69.8752
69.8752
69.8752
69.8752
69.8752
69.8752
69.8752
69.8752
69.8752
69.8752
69.8752
69.8752
69.8752
69.8752
69.8752
69.8752
69.8752
69.8752
69.8752
69.8752
69.8752
69.8752
69.8752
69.8752
69.8752
69.8752
69.8752
69.8752
69.8752
69.8752
69.8752
69.8752
69.8752
69.8752
69.8752
69.8752
69.8752
69.8752
69.8752
69.8752
69.8752
69.8752
69.8752
69.8752
69.8752
69.8752
69.8752
69.8752
69.8752
69.8752
69.8752
69.8752
69.8752
69.8752
69.8752
69.8752
69.8752
69.8752
69.8752
69.8752
69.8752
69.8752
69.8752
69.8752
69.8752
69.8752
69.8752
69.8752
69.8752
69.8752
69.8752
69.8752
69.8752
69.8752
69.8752
69.8752
69.8752
69.8752
69.8752
69.8752
69.8752
69.8752
69.8752
69.8752
69.8752
69.8752
69.8752
69.8752
69.8752
69.8752
69.8752
69.8752
69.8752
69.8752
69.8752
69.8752
69.8752
69.8752
69.8752
69.8752
69.8752
69.8752
69.8752
69.8752
69.8752
69.8752
69.8752
69.8752
69.8752
69.8752
69.8752
69.8752
69.8752
69.8752
69.8752
69.8752
69.8752
69.8752
69.8752
69.8752
69.8752
69.8752
69.8752
69.8752
69.8752
69.8752
69.8752
69.8752
69.8752
69.8752
69.8752
69.8752
69.8752
69.8752
69.8752
69.8752
69.8752
69.8752
69.8752
69.8752
69.8752
69.8752
69.8752
69.8752
69.8752
69.8752
69.8752
69.8752
69.8752
69.8752
69.8752
69.8752
69.8752
69.8752
69.8752
69.8752
69.8752
69.8752
69.8752
69.8752
69.8752
69.8752
69.8752
69.8752
69.8752
69.8752
69.8752
69.8752
69.8752
69.8752
69.8752
69.8752
69.8752
69.8752
69.8752
69.8752
69.8752
69.8752
69.8752
69.8752
69.8752
69.8752
69.8752
69.8752
69.8752
69.8752
69.8752
69.8752
69.8752
69.8752
69.8752
69.8752
69.8752
69.8752
69.8752
69.8752
69.8752
69.8752
69.8752
69.8752
69.8752
69.8752
69.8752
69.8752
69.8752
69.8752
69.8752
69.8752
69.8752
69.8752
69.8752
69.8752
69.8752
69.8752
69.8752
69.8752
69.8752
69.8752
69.8752
69.8752
69.8752
69.8752
69.8752
69.8752
69.8752
69.8752
69.8752
69.8752
69.8752
69.8752
69.8752
69.8752
69.8752
69.8752
69.8752
69.8752
69.8752
69.8752
69.8752
69.8752
69.8752
69.8752
69.8752
69.8752
69.8752
69.8752
69.8752
69.8752
69.8752
69.8752
69.8752
69.8752
69.8752
69.8752
69.8752
69.8752
69.8752
69.8752
69.8752
69.8752
69.8752
69.8752
69.8752
69.8752
69.8752
69.8752
69.8752
69.8752
69.8752
69.8752
69.8752
69.8752
69.8752
69.8752
69.8752
69.8752
69.8752
69.8752
69.8752
69.8752
69.8752
69.8752
69.8752
69.8752
69.8752
69.8752
69.8752
69.8752
69.8752
69.8752
69.8752
69.8752
69.8752
69.8752
69.8752
69.8752
69.8752
69.8752
69.8752
69.8752
69.8752
69.8752
69.8752
69.8752
69.8752
69.8752
69.8752
69.8752
69.8752
69.8752
69.8752
69.8752
69.8752
69.8752
69.8752
69.8752
69.8752
69.8752
69.8752
69.8752
69.8752
69.8752
69.8752
69.8752
69.8752
69.8752
69.8752
69.8752
69.8752
69.8752
69.8752
69.8752
69.8752
69.8752
69.8752
69.8752
69.8752
69.8752
69.8752
69.8752
69.8752
69.8752
69.8752
69.8752
69.8752
69.8752
69.8752
69.8752
69.8752
69.8752
69.8752
69.8752
69.8752
69.8752
69.8752
69.8752
69.8752
69.8752
69.8752
69.8752
69.8752
69.8752
69.8752
69.8752
69.8752
69.8752
69.8752
69.8752
69.8752
69.8752
69.8752
69.8752
69.8752
69.8752
69.8752
69.8752
69.8752
69.8752
69.8752
69.8752
69.8752
69.8752
69.8752
69.8752
69.8752
69.8752
69.8752
69.8752
69.8752
69.8752
69.8752
69.8752
69.8752
69.8752
69.8752
69.8752
69.8752
69.8752
69.8752
69.8752
69.8752
69.8752
69.8752
69.8752
69.8752
69.8752
69.8752
69.8752
69.8752
69.8752
69.8752
69.8752
69.8752
69.8752
69.8752
69.8752
69.8752
69.8752
69.8752
69.8752
69.8752
69.8752
69.8752
69.8752
69.8752
69.8752
69.8752
69.8752
69.8752
69.8752
69.8752
69.8752
69.8752
69.8752
69.8752
69.8752
69.8752
69.8752
69.8752
69.8752
69.8752
69.8752
69.8752
69.8752
69.8752
69.8752
69.8752
69.8752
69.8752
69.8752
69.8752
69.8752
69.8752
69.8752
69.8752
69.8752
69.8752
69.8752
69.8752
69.8752
69.8752
69.8752
69.8752
69.8752
69.8752
69.8752
69.8752
69.8752
69.8752
69.8752
69.8752
69.8752
69.8752
69.8752
69.8752
69.8752
69.8752
69.8752
69.8752
69.8752
69.8752
69.8752
69.8752
69.8752
69.8752
69.8752
69.8752
69.8752
69.8752
69.8752
69.8752
69.8752
69.8752
69.8752
69.8752
69.8752
69.8752
69.8752
69.8752
69.8752
69.8752
69.8752
69.8752
69.8752
69.8752
69.8752
69.8752
69.8752
69.8752
69.8752
69.8752
69.8752
69.8752
69.8752
69.8752
69.8752
69.8752
69.8752
69.8752
69.8752
69.8752
69.8752
69.8752
69.8752
69.8752
69.8752
69.8752
69.8752
69.8752
69.8752
69.8752
69.8752
69.8752
69.8752
69.8752
69.8752
69.8752
69.8752
69.8752
69.8752
69.8752
69.8752
69.8752
69.8752
69.8752
69.8752
69.8752
69.8752
69.8752
69.8752
69.8752
69.8752
69.8752
69.8752
69.8752
69.8752
69.8752
69.8752
69.8752
69.8752
69.8752
69.8752
69.8752
69.8752
69.8752
69.8752
69.8752
69.8752
69.8752
69.8752
69.8752
69.8752
69.8752
69.8752
69.8752
69.8752
69.8752
69.8752
69.8752
69.8752
69.8752
69.8752
69.8752
69.8752
69.8752
69.8752
69.8752
69.8752
69.8752
69.8752
69.8752
69.8752
69.8752
69.8752
69.8752
69.8752
69.8752
69.8752
69.8752
69.8752
69.8752
69.8752
69.8752
69.8752
69.8752
69.8752
69.8752
69.8752
69.8752
69.8752
69.8752
69.8752
69.8752
69.8752
69.8752
69.8752
69.8752
69.8752
69.8752
69.8752
69.8752
69.8752
69.8752
69.8752
69.8752
69.8752
69.8752
69.8752
69.8752
69.8752
69.8752
69.8752
69.8752
69.8752
69.8752
69.8752
69.8752
69.8752
69.8752
69.8752
69.8752
69.8752
69.8752
69.8752
69.8752
69.8752
69.8752
69.8752
69.8752
69.8752
69.8752
69.8752
69.8752
69.8752
69.8752
69.8752
69.8752
69.8752
69.8752
69.8752
69.8752
69.8752
69.8752
69.8752
69.8752
69.8752
69.8752
69.8752
69.8752
69.8752
69.8752
69.8752
69.8752
69.8752
69.8752
69.8752
69.8752
69.8752
69.8752
69.8752
69.8752
69.8752
69.8752
69.8752
69.8752
69.8752
69.8752
69.8752
69.8752
69.8752
69.8752
69.8752
69.8752
69.8752
69.8752
69.8752
69.8752
69.8752
69.8752
69.8752
69.8752
69.8752
69.4642
69.4642
69.4642
69.4642
69.4642
69.4642
69.4642
69.4642
69.4642
69.4642
69.4642
69.4642
69.4642
69.4642
69.4642
69.4642
69.4642
69.4642
69.4642
69.4642
69.4642
69.4642
69.4642
69.4642
69.4642
69.4642
69.4642
69.4642
69.4642
69.4642
69.4642
69.4642
69.4642
69.4642
69.4642
69.4642
69.4642
69.4642
69.4642
69.4642
69.4642
69.4642
69.4642
69.4642
69.4642
69.4642
69.4642
69.4642
69.4642
69.4642
69.4642
69.4642
69.4642
69.4642
69.4642
69.4642
69.4642
69.4642
69.4642
69.4642
69.4642
69.4642
69.4642
69.4642
69.4642
69.4642
69.4642
69.4642
69.4642
69.4642
69.4642
69.223
69.223
69.223
69.223
69.223
69.223
69.223
69.223
69.223
69.223
69.223
69.223
69.223
69.223
69.223
69.223
69.223
69.223
69.223
69.223
69.223
69.223
69.223
69.223
69.223
69.223
69.223
69.223
69.223
69.223
69.223
69.223
69.223
69.223
69.223
69.223
69.223
69.223
69.223
69.223
69.223
69.223
69.223
69.223
69.223
69.223
69.223
69.223
69.223
69.223
69.223
69.223
69.223
69.223
69.223
69.223
69.223
69.223
69.223
69.223
69.223
69.223
69.223
69.223
69.223
69.223
69.223
69.223
69.223
69.223
69.223
69.223
69.223
69.223
69.223
69.223
69.223
69.223
69.223
69.223
69.223
69.223
69.223
69.223
69.223
69.223
69.223
69.223
69.223
69.223
69.223
69.223
69.223
69.223
69.223
69.223
69.223
69.223
69.223
69.223
69.223
69.223
69.223
69.223
69.223
69.223
69.223
69.223
69.223
69.223
69.223
69.223
69.223
69.223
69.223
69.223
69.223
69.223
69.223
69.223
69.223
69.223
69.223
69.223
69.223
69.223
69.223
69.223
69.223
69.223
69.223
69.223
69.223
69.223
69.223
69.223
69.223
69.223
69.223
69.223
69.223
69.223
69.223
69.223
69.223
69.223
69.223
69.223
69.223
69.223
69.223
69.223
69.223
69.223
69.223
69.223
69.223
69.223
69.223
69.223
69.223
69.223
69.223
69.223
69.223
69.223
69.223
69.223
69.223
69.223
69.223
69.223
69.223
69.223
69.223
69.223
69.223
69.223
69.223
69.223
69.223
69.223
69.223
69.223
69.223
69.223
69.223
69.223
69.223
69.223
69.223
69.223
69.223
69.223
69.223
69.223
69.223
69.223
69.223
69.223
69.223
69.223
69.223
69.223
69.223
69.223
69.223
69.223
69.223
69.223
69.223
69.223
69.223
69.223
69.223
69.223
69.223
69.223
69.223
69.223
69.223
69.223
69.223
69.223
69.223
69.223
69.223
69.223
69.223
69.223
69.223
69.223
69.223
69.223
69.223
69.223
69.223
69.223
69.223
69.223
69.223
69.223
69.223
69.223
69.223
69.223
69.223
69.223
69.223
69.223
69.223
69.223
69.223
69.223
69.223
69.223
69.223
69.223
69.223
69.223
69.223
69.223
69.223
69.223
69.223
69.223
69.223
69.223
69.223
69.223
69.223
69.223
69.223
69.223
69.223
69.223
69.223
69.223
69.223
69.223
69.223
69.223
69.223
69.223
69.223
69.223
69.223
69.223
69.223
69.223
69.223
69.223
69.223
69.223
69.223
69.223
69.223
69.223
69.223
69.223
69.223
69.223
69.223
69.223
69.223
69.223
69.223
69.223
69.223
69.223
69.223
69.223
69.223
69.223
69.223
69.223
69.223
69.223
69.223
69.223
69.223
69.223
69.223
69.223
69.223
69.223
69.223
69.223
69.223
69.223
69.223
69.223
69.223
69.223
69.223
69.223
69.223
69.223
69.223
69.223
69.223
69.223
69.223
69.223
69.223
69.223
69.223
69.223
69.223
69.223
69.223
69.223
69.223
69.223
69.223
69.223
69.223
69.223
69.223
69.223
69.223
69.223
69.223
69.223
69.223
69.223
69.223
69.223
69.223
69.223
69.223
69.223
69.223
69.223
69.223
69.223
69.223
69.223
69.223
69.223
69.223
69.223
69.223
69.223
69.223
69.223
69.223
69.223
69.223
69.223
69.223
69.223
69.223
69.223
69.223
69.223
69.223
69.223
69.223
69.223
69.223
69.223
69.223
69.223
69.223
69.223
69.223
69.223
69.223
69.223
69.223
69.223
69.223
69.223
69.223
69.223
69.223
69.223
69.223
69.223
69.223
69.223
69.223
69.223
69.223
69.223
69.223
69.223
69.223
69.223
69.223
69.223
69.223
69.223
69.223
69.223
69.223
69.223
69.223
69.223
69.223
69.223
69.223
69.223
69.223
69.223
69.223
69.223
69.223
69.223
69.223
69.223
69.223
69.223
69.223
69.223
69.223
69.223
69.223
69.223
69.223
69.223
69.223
69.223
69.223
69.223
69.223
69.223
69.223
69.223
69.223
69.223
69.223
69.223
69.223
69.223
69.223
69.223
69.223
69.223
69.223
69.223
69.223
69.223
69.223
69.223
69.223
69.223
69.223
69.223
69.223
69.223
69.223
69.223
69.223
69.223
69.223
69.223
69.223
69.223
69.223
69.223
69.223
69.223
69.223
69.223
69.223
69.223
69.223
69.223
69.223
69.223
69.223
69.223
69.223
69.223
69.223
69.223
69.223
69.223
69.223
69.223
69.223
69.223
69.223
69.223
69.223
69.223
69.223
69.223
69.223
69.223
69.223
69.223
69.223
69.223
69.223
69.223
69.223
69.223
69.223
69.223
69.223
69.223
69.223
69.223
69.223
69.223
69.223
69.223
69.223
69.223
69.223
69.223
69.223
69.223
69.223
69.223
69.223
69.223
69.223
69.223
69.223
69.223
69.223
69.223
69.223
69.223
69.223
69.223
69.223
69.223
69.223
69.223
69.223
69.223
69.223
69.223
69.223
69.223
69.223
69.223
69.223
69.223
69.223
69.223
69.223
69.223
69.223
69.223
69.223
69.223
69.223
69.223
69.223
69.223
69.223
69.223
69.223
69.223
69.223
69.223
69.223
69.223
69.223
69.223
69.223
69.223
69.223
69.223
69.223
69.223
69.223
69.223
69.223
69.223
69.223
69.223
69.223
69.223
69.223
69.223
69.223
69.223
69.223
69.223
69.223
69.223
69.223
69.223
69.223
69.223
69.223
69.223
69.223
69.223
69.223
69.223
69.223
69.223
69.223
69.223
69.223
69.223
69.223
69.223
69.223
69.223
69.223
69.223
69.223
69.223
69.223
69.223
69.223
69.223
69.223
69.223
69.1543
69.1543
69.1543
69.1543
69.1543
69.1543
69.1543
69.1543
69.1543
69.1543
69.1543
69.1543
69.1543
69.1543
69.1543
69.1543
69.1543
69.1543
69.1543
69.1543
69.1543
69.1543
69.1543
69.1543
69.1543
69.1543
69.1543
69.1543
69.1543
69.1543
69.1543
69.1543
69.1543
69.1543
69.1543
69.1543
69.1543
69.1543
69.1543
69.1543
69.1543
69.1543
69.1543
69.1543
69.1543
69.1543
69.1543
69.1543
69.1543
69.1543
69.1543
69.1543
69.1543
69.1543
69.1543
69.1543
69.1543
69.1543
69.1543
69.1543
69.1543
69.1543
69.1543
69.1543
69.1543
69.1543
69.1543
69.1543
69.1543
69.1543
69.1543
69.1543
69.1543
69.1543
68.8874
68.8874
68.8874
68.8874
68.8874
68.8874
68.8874
68.8874
68.8874
68.8874
68.8874
68.8874
68.8874
68.8874
68.8874
68.8874
68.8874
68.8874
68.8874
68.8874
68.8874
68.8874
68.8874
68.8874
68.8874
68.8874
68.8874
68.8874
68.8874
68.8874
68.8874
68.8874
68.8874
68.8874
68.8874
68.8874
68.8874
68.8874
68.8874
68.8874
68.8874
68.8874
68.8874
68.8874
68.8874
68.8874
68.8874
68.8874
68.8874
68.8874
68.8874
68.8874
68.8874
68.8874
68.8874
68.8874
68.8874
68.8874
68.8874
68.8874
68.8874
68.8874
68.8874
68.8874
68.8874
68.8874
68.8874
68.8874
68.8874
68.8874
68.8874
68.8874
68.8874
68.8874
68.8874
68.8874
68.8874
68.8874
68.8874
68.8874
68.8874
68.8874
68.8874
68.8874
68.8874
68.8874
68.8874
68.8874
68.8874
68.8874
68.8874
68.8874
68.8874
68.8874
68.8874
68.8874
68.8874
68.8874
68.8874
68.8874
68.8874
68.8874
68.8874
68.8874
68.8874
68.8874
68.8874
68.8874
68.8874
68.8874
68.8874
68.8874
68.8874
68.8874
68.8874
68.8874
68.8874
68.8874
68.8874
68.8874
68.8874
68.8874
68.8874
68.8874
68.8874
68.8874
68.8874
68.8874
68.8874
68.8874
68.8874
68.8874
68.8874
68.8874
68.8874
68.8874
68.8874
68.8874
68.8874
68.8874
68.8874
68.8874
68.8874
68.8874
68.8874
68.8874
68.8874
68.8874
68.8874
68.8874
68.8874
68.8874
68.8874
68.8874
68.8874
68.8874
68.8874
68.8874
68.8874
68.8874
68.8874
68.8874
68.8874
68.8874
68.8874
68.8874
68.8874
68.8874
68.8874
68.8874
68.8874
68.8874
68.8874
68.8874
68.8874
68.8874
68.8874
68.8874
68.8874
68.8874
68.8874
68.8874
68.8874
68.8874
68.8874
68.8874
68.8874
68.8874
68.8874
68.8874
68.8874
68.8874
68.8874
68.8874
68.8874
68.8874
68.8874
68.8874
68.8874
68.8874
68.8874
68.8874
68.8874
68.8874
68.8874
68.8874
68.8874
68.8874
68.8874
68.8874
68.8874
68.8874
68.8874
68.8874
68.8874
68.8874
68.8874
68.8874
68.8874
68.8874
68.8874
68.8874
68.8874
68.8874
68.8874
68.8874
68.8874
68.8874
68.8874
68.8874
68.8874
68.8874
68.8874
68.8874
68.8874
68.8874
68.8874
68.8874
68.8874
68.8874
68.8874
68.8874
68.8874
68.8874
68.8874
68.8874
68.8874
68.8874
68.8874
68.8874
68.8874
68.8874
68.8874
68.8874
68.8874
68.8874
68.8874
68.8874
68.8874
68.8874
68.8874
68.8874
68.8874
68.8874
68.8874
68.8874
68.8874
68.8874
68.8874
68.8874
68.8874
68.8874
68.8874
68.8874
68.8874
68.8874
68.8874
68.8874
68.8874
68.8874
68.8874
68.8874
68.8874
68.8874
68.8874
68.8874
68.8874
68.8874
68.8874
68.8874
68.8874
68.8874
68.8874
68.8874
68.8874
68.8874
68.8874
68.8874
68.8874
68.8874
68.8874
68.8874
68.8874
68.8874
68.8874
68.8874
68.8874
68.8874
68.8874
68.8874
68.8874
68.8874
68.8874
68.8874
68.8874
68.8874
68.8874
68.8874
68.8874
68.8874
68.8874
68.8874
68.8874
68.8874
68.8874
68.8874
68.8874
68.8874
68.8874
68.8874
68.8874
68.8874
68.8874
68.8874
68.8874
68.8874
68.8874
68.8874
68.8874
68.8874
68.8874
68.8874
68.8874
68.8874
68.8874
68.8874
68.8874
68.8874
68.8874
68.8874
68.8874
68.8874
68.8874
68.8874
68.8874
68.8874
68.8874
68.8874
68.8874
68.8874
68.8874
68.8874
68.8874
68.8874
68.8874
68.8874
68.8874
68.8874
68.8874
68.8874
68.8874
68.8874
68.8874
68.8874
68.8874
68.8874
68.8874
68.8874
68.8874
68.8874
68.8874
68.8874
68.8874
68.8874
68.8874
68.8874
68.8874
68.8874
68.8874
68.8874
68.8874
68.8874
68.8874
68.8874
68.8874
68.8874
68.8874
68.8874
68.8874
68.8874
68.8874
68.8874
68.8874
68.8874
68.8874
68.8874
68.8874
68.8874
68.8874
68.8874
68.8874
68.8874
68.8874
68.8874
68.8874
68.8874
68.8874
68.8874
68.8874
68.8874
68.8874
68.8874
68.8874
68.8874
68.8874
68.8874
68.8874
68.8874
68.8874
68.8874
68.8874
68.8874
68.8874
68.8874
68.8874
68.8874
68.8874
68.8874
68.8874
68.8874
68.8874
68.8874
68.8874
68.8874
68.8874
68.8874
68.8874
68.8874
68.8874
68.8874
68.8874
68.8874
68.8874
68.8874
68.8874
68.8874
68.8874
68.8874
68.8874
68.8874
68.8874
68.8874
68.8874
68.8874
68.8874
68.8874
68.8874
68.8874
68.8874
68.8874
68.8874
68.8874
68.8874
68.8874
68.8874
68.8874
68.8874
68.8874
68.8874
68.8874
68.8874
68.8874
68.8874
68.8874
68.8874
68.8874
68.8874
68.8874
68.8874
68.8874
68.8874
68.8874
68.8874
68.8874
68.8874
68.8874
68.8874
68.8874
68.8874
68.8874
68.8874
68.8874
68.8874
68.8874
68.8874
68.8874
68.8874
68.8874
68.8874
68.8874
68.8874
68.8874
68.8874
68.8874
68.8874
68.8874
68.8874
68.8874
68.8874
68.8874
68.8874
68.8874
68.8874
68.8874
68.8874
68.8874
68.8874
68.8874
68.8874
68.8874
68.8874
68.8874
68.8874
68.8874
68.8874
68.8874
68.8874
68.8874
68.8874
68.8874
68.8874
68.8874
68.8874
68.8874
68.8874
68.8874
68.8874
68.8874
68.8874
68.8874
68.8874
68.8874
68.8874
68.8874
68.8874
68.8874
68.8874
68.8874
68.8874
68.8874
68.8874
68.8874
68.8874
68.8874
68.8874
68.8874
68.8874
68.8874
68.8874
68.8874
68.8874
68.8874
68.8874
68.8874
68.8874
68.8874
68.8874
68.8874
68.8874
68.8874
68.8874
68.8874
68.8874
68.8874
68.8874
68.8874
68.8874
68.8874
68.8874
68.8874
68.8874
68.8874
68.8874
68.8874
68.8874
68.8874
68.8874
68.8874
68.8874
68.8874
68.8874
68.8874
68.8874
68.8874
68.8874
68.8874
68.8874
68.8874
68.8874
68.8874
68.8874
68.8874
68.8874
68.8874
68.8874
68.8874
68.8874
68.8874
68.8874
68.8874
68.8874
68.8874
68.8874
68.8874
68.8874
68.8874
68.8874
68.8874
68.8874
68.8874
68.8874
68.8874
68.8874
68.8874
68.8874
68.8874
68.8874
68.8874
68.8874
68.8874
68.8874
68.8874
68.8874
68.8874
68.8874
68.8874
68.8874
68.8874
68.8874
68.8874
68.8874
68.8874
68.8874
68.8874
68.8874
68.8874
68.8874
68.8874
68.8874
68.8874
68.8874
68.8874
68.8874
68.8874
68.8874
68.8874
68.8874
68.8874
68.8874
68.8874
68.8874
68.8874
68.8874
68.8874
68.8874
68.8874
68.8874
68.8874
68.8874
68.8874
68.8874
68.8874
68.8874
68.8874
68.8874
68.8874
68.8874
68.8874
68.8874
68.8874
68.8874
68.8874
68.8874
68.8874
68.8874
68.8874
68.8874
68.8874
68.8874
68.8874
68.8874
68.8874
68.8874
68.8874
68.8874
68.8874
68.8874
68.8874
68.8874
68.8874
68.8874
68.8874
68.8874
68.8874
68.8874
68.8874
68.8874
68.8874
68.8874
68.8874
68.8874
68.8874
68.8874
68.8874
68.8874
68.8874
68.8874
68.8874
68.8874
68.8874
68.8874
68.8874
68.8874
68.8874
68.8874
68.8874
68.8874
68.8874
68.8874
68.8874
68.8874
68.8874
68.8874
68.8874
68.8874
68.8874
68.8874
68.8874
68.8874
68.8874
68.8874
68.8874
68.8874
68.8874
68.8874
68.8874
68.8874
68.8874
68.8874
68.8874
68.8874
68.8874
68.8874
68.8874
68.8874
68.8874
68.8874
68.8874
68.8874
68.8874
68.8874
68.8874
68.8874
68.8874
68.8874
68.8874
68.8874
68.8874
68.8874
68.8874
68.8874
68.8874
68.8874
68.8874
68.8874
68.8874
68.8874
68.8874
68.8874
68.8874
68.8874
68.8874
68.8874
68.8874
68.8874
68.8874
68.8874
68.8874
68.8874
68.8874
68.8874
68.8874
68.8874
68.8874
68.8874
68.8874
68.8874
68.8874
68.8874
68.8874
68.8874
68.8874
68.8874
68.8874
68.8874
68.8874
68.8874
68.8874
68.8874
68.8874
68.8874
68.8874
68.8874
68.8874
68.8874
68.8874
68.8874
68.8874
68.8874
68.8874
68.8874
68.8874
68.8874
68.8874
68.8874
68.8874
68.8874
68.8874
68.8874
68.8874
68.8874
68.8874
68.8874
68.8874
68.8874
68.8874
68.8874
68.8874
68.8874
68.8874
68.8874
68.8874
68.8874
68.8874
68.8874
68.8874
68.8874
68.8874
68.8874
68.8874
68.8874
68.8874
68.8874
68.8874
68.8874
68.8874
68.8874
68.8874
68.8874
68.8874
68.8874
68.8874
68.8874
68.8874
68.8874
68.8874
68.8874
68.8874
68.8874
68.8874
68.8874
68.8874
68.8874
68.8874
68.8874
68.8874
68.8874
68.8874
68.8874
68.8874
68.8874
68.8874
68.8874
68.8874
68.8874
68.8874
68.8874
68.8874
68.8874
68.8874
68.8874
68.8874
68.8874
68.8874
68.8874
68.8874
68.8874
68.8874
68.8874
68.8874
68.8874
68.8874
68.8874
68.8874
68.8874
68.8874
68.8874
68.8874
68.8874
68.8874
68.8874
68.8874
68.8874
68.8874
68.8874
68.8874
68.8874
68.8874
68.8874
68.8874
68.8874
68.8874
68.8874
68.8874
68.8874
68.8874
68.8874
68.8874
68.8874
68.8874
68.8874
68.8874
68.8874
68.8874
68.8874
68.8874
68.8874
68.8874
68.8874
68.8874
68.8874
68.8874
68.8874
68.8874
68.8874
68.8874
68.8874
68.8874
68.8874
68.8874
68.8874
68.8874
68.8874
68.8874
68.8874
68.8874
68.8874
68.8874
68.8874
68.8874
68.8874
68.8874
68.8874
68.8874
68.8874
68.8874
68.8874
68.8874
68.8874
68.8874
68.8874
68.8874
68.8874
68.8874
68.8874
68.8874
68.8874
68.8874
68.8874
68.8874
68.8874
68.8874
68.8874
68.8874
68.8874
68.8874
68.8874
68.8874
68.8874
68.8874
68.8874
68.8874
68.8874
68.8874
68.8874
68.8874
68.8874
68.8874
68.8874
68.8874
68.8874
68.8874
68.8874
68.8874
68.8874
68.8874
68.8874
68.8874
68.8874
68.8874
68.8874
68.8874
68.8874
68.8874
68.8874
68.8874
68.8874
68.8874
68.8874
68.8874
68.8874
68.8874
68.8874
68.8874
68.8874
68.8874
68.8874
68.8874
68.8874
68.8874
68.8874
68.8874
68.8874
68.8874
68.8874
68.8874
68.8874
68.8874
68.8874
68.8874
68.8874
68.8874
68.8874
68.8874
68.8874
68.8874
68.8874
68.8874
68.8874
68.8874
68.8874
68.8874
68.8874
68.8874
68.8874
68.8874
68.8874
68.8874
68.8874
68.8874
68.8874
68.8874
68.8874
68.8874
68.8874
68.8874
68.8874
68.8874
68.8874
68.8874
68.8874
68.8874
68.8874
68.8874
68.8874
68.8874
68.8874
68.8874
68.8874
68.8874
68.8874
68.8874
68.8874
68.8874
68.8874
68.8874
68.8874
68.8874
68.8874
68.8874
68.8874
68.8874
68.8874
68.8874
68.8874
68.8874
68.8874
68.8874
68.8874
68.8874
68.8874
68.8874
68.8874
68.8874
68.8874
68.8874
68.8874
68.8874
68.8874
68.8874
68.8874
68.8874
68.8874
68.8874
68.8874
68.8874
68.8874
68.8874
68.8874
68.8874
68.8874
68.8874
68.8874
68.8874
68.8874
68.8874
68.8874
68.8874
68.8874
68.8874
68.8874
68.8874
68.8874
68.8874
68.8874
68.8874
68.8874
68.8874
68.8874
68.8874
68.8874
68.8874
68.8874
68.8874
68.8874
68.8874
68.8874
68.8874
68.8874
68.8874
68.8874
68.8874
68.8874
68.8874
68.8874
68.8874
68.8874
68.8874
68.8874
68.8874
68.8874
68.8874
68.8874
68.8874
68.8874
68.8874
68.8874
68.8874
68.8874
68.8874
68.8874
68.8874
68.8874
68.8874
68.8874
68.8874
68.8874
68.8874
68.8874
68.8874
68.8874
68.8874
68.8874
68.8874
68.8874
68.8874
68.8874
68.8874
68.8874
68.8874
68.8874
68.8874
68.8874
68.8874
68.8874
68.8874
68.8874
68.8874
68.8874
68.8874
68.8874
68.8874
68.8874
68.8874
68.8874
68.8874
68.8874
68.8874
68.8874
68.8874
68.8874
68.8874
68.8874
68.8874
68.8874
68.8874
68.8874
68.8874
68.8874
68.8874
68.8874
68.8874
68.8874
68.8874
68.8874
68.8874
68.8874
68.8874
68.8874
68.8874
68.8874
68.8874
68.8874
68.8874
68.8874
68.8874
68.8874
68.8874
68.8874
68.8874
68.8874
68.8874
68.8874
68.8874
68.8874
68.8874
68.8874
68.8874
68.8874
68.8874
68.8874
68.8874
68.8874
68.8874
68.8874
68.8874
68.8874
68.8874
68.8874
68.8874
68.8874
68.8874
68.8874
68.8874
68.8874
68.8874
68.8874
68.8874
68.8874
68.8874
68.8874
68.8874
68.8874
68.8874
68.8874
68.8874
68.8874
68.8874
68.8874
68.8874
68.8874
68.8874
68.8874
68.8874
68.8874
68.8874
68.8874
68.8874
68.8874
68.8874
68.8874
68.8874
68.8874
68.8874
68.8874
68.8874
68.8874
68.8874
68.8874
68.8874
68.8874
68.8874
68.8874
68.8874
68.8874
68.8874
68.8874
68.8874
68.8874
68.8874
68.8874
68.8874
68.8874
68.8874
68.8874
68.8874
68.8874
68.8874
68.8874
68.8874
68.8874
68.8874
68.8874
68.8874
68.8874
68.8874
68.8874
68.8874
68.8874
68.8874
68.8874
68.8874
68.8874
68.8874
68.8874
68.8874
68.8874
68.8874
68.8874
68.8874
68.8874
68.8874
68.8874
68.8874
68.8874
68.8874
68.8874
68.8874
68.8874
68.8874
68.8874
68.8874
68.8874
68.8874
68.8874
68.8874
68.8874
68.8874
68.8874
68.8874
68.8874
68.8874
68.8874
68.8874
68.8874
68.8874
68.8874
68.8874
68.8874
68.8874
68.8874
68.8874
68.8874
68.8874
68.8874
68.8874
68.8874
68.8874
68.8874
68.8874
68.8874
68.8874
68.8874
68.8874
68.8874
68.8874
68.8874
68.8874
68.8874
68.8874
68.8874
68.8874
68.8874
68.8874
68.8874
68.8874
68.8874
68.8874
68.8874
68.8874
68.8874
68.8874
68.8874
68.8874
68.8874
68.8874
68.8874
68.8874
68.8874
68.8874
68.8874
68.8874
68.8874
68.8874
68.8874
68.8874
68.8874
68.8874
68.8874
68.8874
68.8874
68.8874
68.8874
68.8874
68.8874
68.8874
68.8874
68.8874
68.8874
68.8874
68.8874
68.8874
68.8874
68.8874
68.8874
68.8874
68.8874
68.8874
68.8874
68.8874
68.8874
68.8874
68.8874
68.8874
68.8874
68.8874
68.8874
68.8874
68.8874
68.8874
68.8874
68.8874
68.8874
68.8874
68.8874
68.8874
68.8874
68.8874
68.8874
68.8874
68.8874
68.8874
68.8874
68.8874
68.8874
68.8874
68.8874
68.8874
68.8874
68.8874
68.8874
68.8874
68.8874
68.8874
68.8874
68.8874
68.8874
68.8874
68.8874
68.8874
68.8874
68.8874
68.8874
68.8874
68.8874
68.8874
68.8874
68.8874
68.8874
68.8874
68.8874
68.8874
68.8874
68.8874
68.8874
68.8874
68.8874
68.8874
68.8874
68.8874
68.8874
68.8874
68.8874
68.8874
68.8874
68.8874
68.8874
68.8874
68.8874
68.8874
68.8874
68.8874
68.8874
68.8874
68.8874
68.8874
68.8874
68.8874
68.8874
68.8874
68.8874
68.8874
68.8874
68.8874
68.8874
68.8874
68.8874
68.8874
68.8874
68.8874
68.8874
68.8874
68.8874
68.8874
68.8874
68.8874
68.8874
68.8874
68.8874
68.8874
68.8874
68.8874
68.8874
68.8874
68.8874
68.8874
68.8874
68.8874
68.8874
68.8874
68.8874
68.8874
68.8874
68.8874
68.8874
68.8874
68.8874
68.8874
68.8874
68.8874
68.8874
68.8874
68.8874
68.8874
68.8874
68.8874
68.8874
68.8874
68.8874
68.8874
68.8874
68.8874
68.8874
68.8874
68.8874
68.8874
68.8874
68.8874
68.8874
68.8874
68.8874
68.8874
68.8874
68.8874
68.8874
68.8874
68.8874
68.8874
68.8874
68.8874
68.8874
68.8874
68.8874
68.8874
68.8874
68.8874
68.8874
68.8874
68.8874
68.8874
68.8874
68.8874
68.8874
68.8874
68.8874
68.8874
68.8874
68.8874
68.8874
68.8874
68.8874
68.8874
68.8874
68.8874
68.8874
68.8874
68.8874
68.8874
68.8874
68.8874
68.8874
68.8874
68.8874
68.8874
68.8874
68.8874
68.8874
68.8874
68.8874
68.8874
68.8874
68.8874
68.8874
68.8874
68.8874
68.8874
68.8874
68.8874
68.8874
68.8874
68.8874
68.8874
68.8874
68.8874
68.8874
68.8874
68.8874
68.8874
68.8874
68.8874
68.8874
68.8874
68.8874
68.8874
68.8874
68.8874
68.8874
68.8874
68.8874
68.8874
68.8874
68.8874
68.8874
68.8874
68.8874
68.8874
68.8874
68.8874
68.8874
68.8874
68.8874
68.8874
68.8874
68.8874
68.8874
68.8874
68.8874
68.8874
68.8874
68.8874
68.8874
68.8874
68.8874
68.8874
68.8874
68.8874
68.8874
68.8874
68.8874
68.8874
68.8874
68.8874
68.8874
68.8874
68.8874
68.8874
68.8874
68.8874
68.8874
68.8874
68.8874
68.8874
68.8874
68.8874
68.8874
68.8874
68.8874
68.8874
68.8874
68.8874
68.8874
68.8874
68.8874
68.8874
68.8874
68.8874
68.8874
68.8874
68.8874
68.8874
68.8874
68.8874
68.8874
68.8874
68.8874
68.8874
68.8874
68.8874
68.8874
68.8874
68.8874
68.8874
68.8874
68.8874
68.8874
68.8874
68.8874
68.8874
68.8874
68.8874
68.8874
68.8874
68.8874
68.8874
68.8874
68.8874
68.8874
68.8874
68.8874
68.8874
68.8874
68.8874
68.8874
68.8874
68.8874
68.8874
68.8874
68.8874
68.8874
68.8874
68.8874
68.8874
68.8874
68.8874
68.8874
68.8874
68.8874
68.8874
68.8874
68.8874
68.8874
68.8874
68.8874
68.8874
68.8874
68.8874
68.8874
68.8874
68.8874
68.8874
68.8874
68.8874
68.8874
68.8874
68.8874
68.8874
68.8874
68.8874
68.8874
68.8874
68.8874
68.8874
68.8874
68.8874
68.8874
68.8874
68.8874
68.8874
68.8874
68.8874
68.8874
68.8874
68.8874
68.8874
68.8874
68.8874
68.8874
68.8874
68.8874
68.8874
68.8874
68.8874
68.8874
68.8874
68.8874
68.8874
68.8874
68.8874
68.8874
68.8874
68.8874
68.8874
68.8874
68.8874
68.8874
68.8874
68.8874
68.8874
68.8874
68.8874
68.8874
68.8874
68.8874
68.8874
68.8874
68.8874
68.8874
68.8874
68.8874
68.8874
68.8874
68.8874
68.8874
68.8874
68.8874
68.8874
68.8874
68.8874
68.8874
68.8874
68.8874
68.8874
68.8874
68.8874
68.8874
68.8874
68.8874
68.8874
68.8874
68.8874
68.8874
68.8874
68.8874
68.8874
68.8874
68.8874
68.8874
68.8874
68.8874
68.8874
68.8874
68.8874
68.8874
68.8874
68.8874
68.8874
68.8874
68.8874
68.8874
68.8874
68.8874
68.8874
68.8874
68.8874
68.8874
68.8874
68.8874
68.8874
68.8874
68.8874
68.8874
68.8874
68.8874
68.8874
68.8874
68.8874
68.8874
68.8874
68.8874
68.8874
68.8874
68.8874
68.8874
68.8874
68.8874
68.8874
68.8874
68.8874
68.8874
68.8874
68.8874
68.8874
68.8874
68.8874
68.8874
68.8874
68.8874
68.8874
68.8874
68.8874
68.8874
68.8874
68.8874
68.8874
68.8874
68.8874
68.8874
68.8874
68.8874
68.8874
68.8874
68.8874
68.8874
68.8874
68.8874
68.8874
68.8874
68.8874
68.8874
68.8874
68.8874
68.8874
68.8874
68.8874
68.8874
68.8874
68.8874
68.8874
68.8874
68.8874
68.8874
68.8874
68.8874
68.8874
68.8874
68.8874
68.8874
68.8874
68.8874
68.8874
68.8874
68.8874
68.8874
68.8874
68.8874
68.8874
68.8874
68.8874
68.8874
68.8874
68.8874
68.8874
68.8874
68.8874
68.8874
68.8874
68.8874
68.8874
68.8874
68.8874
68.8874
68.8874
68.8874
68.8874
68.8874
68.8874
68.8874
68.8874
68.8874
68.8874
68.8874
68.8874
68.8874
68.8874
68.8874
68.8874
68.8874
68.8874
68.8874
68.8874
68.8874
68.8874
68.8874
68.8874
68.8874
68.8874
68.8874
68.8874
68.8874
68.8874
68.8874
68.8874
68.8874
68.8874
68.8874
68.8874
68.8874
68.8874
68.8874
68.8874
68.8874
68.8874
68.8874
68.8874
68.8874
68.8874
68.8874
68.8874
68.8874
68.8874
68.8874
68.8874
68.8874
68.8874
68.8874
68.8874
68.8874
68.8874
68.8874
68.8874
68.8874
68.8874
68.8874
68.8874
68.8874
68.8874
68.8874
68.8874
68.8874
68.8874
68.8874
68.8874
68.8874
68.8874
68.8874
68.8874
68.8874
68.8874
68.8874
68.8874
68.8874
68.8874
68.8874
68.8874
68.8874
68.8874
68.8874
68.8874
68.8874
68.8874
68.8874
68.8874
68.8874
68.8874
68.8874
68.8874
68.8874
68.8874
68.8874
68.8874
68.8874
68.8874
68.8874
68.8874
68.8874
68.8874
68.8874
68.8874
68.8874
68.8874
68.8874
68.8874
68.8874
68.8874
68.8874
68.8874
68.8874
68.8874
68.8874
68.8874
68.8874
68.8874
68.8874
68.8874
68.8874
68.8874
68.8874
68.8874
68.8874
68.8874
68.8874
68.8874
68.8874
68.8874
68.8874
68.8874
68.8874
68.8874
68.8874
68.8874
68.8874
68.8874
68.8874
68.8874
68.8874
68.8874
68.8874
68.8874
68.8874
68.8874
68.8874
68.8874
68.8874
68.8874
68.8874
68.8874
68.8874
68.8874
68.8874
68.8874
68.8874
68.8874
68.8874
68.8874
68.8874
68.8874
68.8874
68.8874
68.8874
68.8874
68.8874
68.8874
68.8874
68.8874
68.8874
68.8874
68.8874
68.8874
68.8874
68.8874
68.8874
68.8874
68.8874
68.8874
68.8874
68.8874
68.8874
68.8874
68.8874
68.8874
68.8874
68.8874
68.8874
68.8874
68.8874
68.8874
68.8874
68.8874
68.8874
68.8874
68.8874
68.8874
68.8874
68.8874
68.8874
68.8874
68.8874
68.8874
68.8874
68.8874
68.8874
68.8874
68.8874
68.8874
68.8874
68.8874
68.8874
68.8874
68.8874
68.8874
68.8874
68.8874
68.8874
68.8874
68.8874
68.8874
68.8874
68.8874
68.8874
68.8874
68.8874
68.8874
68.8874
68.8874
68.8874
68.8874
68.8874
68.8874
68.8874
68.8874
68.8874
68.8874
68.8874
68.8874
68.8874
68.8874
68.8874
68.8874
68.8874
68.8874
68.8874
68.8874
68.8874
68.8874
68.8874
68.8874
68.8874
68.8874
68.8874
68.8874
68.8874
68.8874
68.8874
68.8874
68.8874
68.8874
68.8874
68.8874
68.8874
68.8874
68.8874
68.8874
68.8874
68.8874
68.8874
68.8874
68.8874
68.8874
68.8874
68.8874
68.8874
68.8874
68.8874
68.8874
68.8874
68.8874
68.8874
68.8874
68.8874
68.8874
68.8874
68.8874
68.8874
68.8874
68.8874
68.8874
68.8874
68.8874
68.8874
68.8874
68.8874
68.8874
68.8874
68.8874
68.8874
68.8874
68.8874
68.8874
68.8874
68.8874
68.8874
68.8874
68.8874
68.8874
68.8874
68.8874
68.8874
68.8874
68.8874
68.8874
68.8874
68.8874
68.8874
68.8874
68.8874
68.8874
68.8874
68.8874
68.8874
68.8874
68.8874
68.8874
68.8874
68.8874
68.8874
68.8874
68.8874
68.8874
68.8874
68.8874
68.8874
68.8874
68.8874
68.8874
68.8874
68.8874
68.8874
68.8874
68.8874
68.8874
68.8874
68.8874
68.8874
68.8874
68.8874
68.8874
68.8874
68.8874
68.8874
68.8874
68.8874
68.8874
68.8874
68.8874
68.8874
68.8874
68.8874
68.8874
68.8874
68.8874
68.8874
68.8874
68.8874
68.8874
68.8874
68.8874
68.8874
68.8874
68.8874
68.8874
68.8874
68.8874
68.8874
68.8874
68.8874
68.8874
68.8874
68.8874
68.8874
68.8874
68.8874
68.8874
68.8874
68.8874
68.8874
68.8874
68.8874
68.8874
68.8874
68.8874
68.8874
68.8874
68.8874
68.8874
68.8874
68.8874
68.8874
68.8874
68.8874
68.8874
68.8874
68.8874
68.8874
68.8874
68.8874
68.8874
68.8874
68.8874
68.8874
68.8874
68.8874
68.8874
68.8874
68.8874
68.8874
68.8874
68.8874
68.8874
68.8874
68.8874
68.8874
68.8874
68.8874
68.8874
68.8874
68.8874
68.8874
68.8874
68.8874
68.8874
68.8874
68.8874
68.8874
68.8874
68.8874
68.8874
68.8874
68.8874
68.8874
68.8874
68.8874
68.8874
68.8874
68.8874
68.8874
68.8874
68.8874
68.8874
68.8874
68.8874
68.8874
68.8874
68.8874
68.8874
68.8874
68.8874
68.8874
68.8874
68.8874
68.8874
68.8874
68.8874
68.8874
68.8874
68.8874
68.8874
68.8874
68.8874
68.8874
68.8874
68.8874
68.8874
68.8874
68.8874
68.8874
68.8874
68.8874
68.8874
68.8874
68.8874
68.8874
68.8874
68.8874
68.8874
68.8874
68.8874
68.8874
68.8874
68.8874
68.8874
68.8874
68.8874
68.8874
68.8874
68.8874
68.8874
68.8874
68.8874
68.8874
68.8874
68.8874
68.8874
68.8874
68.8874
68.8874
68.8874
68.8874
68.8874
68.8874
68.8874
68.8874
68.8874
68.8874
68.8874
68.8874
68.8874
68.8874
68.8874
68.8874
68.8874
68.8874
68.8874
68.8874
68.8874
68.8874
68.8874
68.8874
68.8874
68.8874
68.8874
68.8874
68.8874
68.8874
68.8874
68.8874
68.8874
68.8874
68.8874
68.8874
68.8874
68.8874
68.8874
68.8874
68.8874
68.8874
68.8874
68.8874
68.8874
68.8874
68.8874
68.8874
68.8874
68.8874
68.8874
68.8874
68.8874
68.8874
68.8874
68.8874
68.8874
68.8874
68.8874
68.8874
68.8874
68.8874
68.8874
68.8874
68.8874
68.8874
68.8874
68.8874
68.8874
68.8874
68.8874
68.8874
68.8874
68.8874
68.8874
68.8874
68.8874
68.8874
68.8874
68.8874
68.8874
68.8874
68.8874
68.8874
68.8874
68.8874
68.8874
68.8874
68.8874
68.8874
68.8874
68.8874
68.8874
68.8874
68.8874
68.8874
68.8874
68.8874
68.8874
68.8874
68.8874
68.8874
68.8874
68.8874
68.8874
68.8874
68.8874
68.8874
68.8874
68.8874
68.8874
68.8874
68.8874
68.8874
68.8874
68.8874
68.8874
68.8874
68.8874
68.8874
68.8874
68.8874
68.8874
68.8874
68.8874
68.8874
68.8874
68.8874
68.8874
68.8874
68.8874
68.8874
68.8874
68.8874
68.8874
68.8874
68.8874
68.8874
68.8874
68.8874
68.8874
68.8874
68.8874
68.8874
68.8874
68.8874
68.8874
68.8874
68.8874
68.8874
68.8874
68.8874
68.8874
68.8874
68.8874
68.8874
68.8874
68.8874
68.8874
68.8874
68.8874
68.8874
68.8874
68.8874
68.8874
68.8874
68.8874
68.8874
68.8874
68.8874
68.8874
68.8874
68.8874
68.8874
68.8874
68.8874
68.8874
68.8874
68.8874
68.8874
68.8874
68.8874
68.8874
68.8874
68.8874
68.8874
68.8874
68.8874
68.8874
68.8874
68.8874
68.8874
68.8874
68.8874
68.8874
68.8874
68.8874
68.8874
68.8874
68.8874
68.8874
68.8874
68.8874
68.8874
68.8874
68.8874
68.8874
68.8874
68.8874
68.8874
68.8874
68.8874
68.8874
68.8874
68.8874
68.8874
68.8874
68.8874
68.8874
68.8874
68.8874
68.8874
68.8874
68.8874
68.8874
68.8874
68.8874
68.8874
68.8874
68.8874
68.8874
68.8874
68.8874
68.8874
68.8874
68.8874
68.8874
68.8874
68.8874
68.8874
68.8874
68.8874
68.8874
68.8874
68.8874
68.8874
68.8874
68.8874
68.8874
68.8874
68.8874
68.8874
68.8874
68.8874
68.8874
68.8874
68.8874
68.8874
68.8874
68.8874
68.8874
68.8874
68.8874
68.8874
68.8874
68.8874
68.8874
68.8874
68.8874
68.8874
68.8874
68.8874
68.8874
68.8874
68.8874
68.8874
68.8874
68.8874
68.8874
68.8874
68.8874
68.8874
68.8874
68.8874
68.8874
68.8874
68.8874
68.8874
68.8874
68.8874
68.8874
68.8874
68.8874
68.8874
68.8874
68.8874
68.8874
68.8874
68.8874
68.8874
68.8874
68.8874
68.8874
68.8874
68.8874
68.8874
68.8874
68.8874
68.8874
68.8874
68.8874
68.8874
68.8874
68.8874
68.8874
68.8874
68.8874
68.8874
68.8874
68.8874
68.8874
68.8874
68.8874
68.8874
68.8874
68.8874
68.8874
68.8874
68.8874
68.8874
68.8874
68.8874
68.8874
68.8874
68.8874
68.8874
68.8874
68.8874
68.8874
68.8874
68.8874
68.8874
68.8874
68.8874
68.8874
68.8874
68.8874
68.8874
68.8874
68.8874
68.8874
68.8874
68.8874
68.8874
68.8874
68.8874
68.8874
68.8874
68.8874
68.8874
68.8874
68.8874
68.8874
68.8874
68.8874
68.8874
68.8874
68.8874
68.8874
68.8874
68.8874
68.8874
68.8874
68.8874
68.8874
68.8874
68.8874
68.8874
68.8874
68.8874
68.8874
68.8874
68.8874
68.8874
68.8874
68.8874
68.8874
68.8874
68.8874
68.8874
68.8874
68.8874
68.8874
68.8874
68.8874
68.8874
68.8874
68.8874
68.8874
68.8874
68.8874
68.8874
68.8874
68.8874
68.8874
68.8874
68.8874
68.8874
68.8874
68.8874
68.8874
68.8874
68.8874
68.8874
68.8874
68.8874
68.8874
68.8874
68.8874
68.8874
68.8874
68.8874
68.8874
68.8874
68.8874
68.8874
68.8874
68.8874
68.8874
68.8874
68.8874
68.8874
68.8874
68.8874
68.8874
68.8874
68.8874
68.8874
68.8874
68.8874
68.8874
68.8874
68.8874
68.8874
68.8874
68.8874
68.8874
68.8874
68.8874
68.8874
68.8874
68.8874
68.8874
68.8874
68.8874
68.8874
68.8874
68.8874
68.8874
68.8874
68.8874
68.8874
68.8874
68.8874
68.8874
68.8874
68.8874
68.8874
68.8874
68.8874
68.8874
68.8874
68.8874
68.8874
68.8874
68.8874
68.8874
68.8874
68.8874
68.8874
68.8874
68.8874
68.8874
68.8874
68.8874
68.8874
68.8874
68.8874
68.8874
68.8874
68.8874
68.8874
68.8874
68.8874
68.8874
68.8874
68.8874
68.8874
68.8874
68.8874
68.8874
68.8874
68.8874
68.8874
68.8874
68.8874
68.8874
68.8874
68.8874
68.8874
68.8874
68.8874
68.8874
68.8874
68.8874
68.8874
68.8874
68.8874
68.8874
68.8874
68.8874
68.8874
68.8874
68.8874
68.8874
68.8874
68.8874
68.8874
68.8874
68.8874
68.8874
68.8874
68.8874
68.8874
68.8874
68.8874
68.8874
68.8874
68.8874
68.8874
68.8874
68.8874
68.8874
68.8874
68.8874
68.8874
68.8874
68.8874
68.8874
68.8874
68.8874
68.8874
68.8874
68.8874
68.8874
68.8874
68.8874
68.8874
68.8874
68.8874
68.8874
68.8874
68.8874
68.8874
68.8874
68.8874
68.8874
68.8874
68.8874
68.8874
68.8874
68.8874
68.8874
68.8874
68.8874
68.8874
68.8874
68.8874
68.8874
68.8874
68.8874
68.8874
68.8874
68.8874
68.8874
68.8874
68.8874
68.8874
68.8874
68.8874
68.8874
68.8874
68.8874
68.8874
68.8874
68.8874
68.8874
68.8874
68.8874
68.8874
68.8874
68.8874
68.8874
68.8874
68.8874
68.8874
68.8874
68.8874
68.8874
68.8874
68.8874
68.8874
68.8874
68.8874
68.8874
68.8874
68.8874
68.8874
68.8874
68.8874
68.8874
68.8874
68.8874
68.8874
68.8874
68.8874
68.8874
68.8874
68.8874
68.8874
68.8874
68.8874
68.8874
68.8874
68.8874
68.8874
68.8874
68.8874
68.8874
68.8874
68.8874
68.8874
68.8874
68.8874
68.8874
68.8874
68.8874
68.8874
68.8874
68.8874
68.8874
68.8874
68.8874
68.8874
68.8874
68.8874
68.8874
68.8874
68.8874
68.8874
68.8874
68.8874
68.8874
68.8874
68.8874
68.8874
68.8874
68.8874
68.8874
68.8874
68.8874
68.8874
68.8874
68.8874
68.8874
68.8874
68.8874
68.8874
68.8874
68.8874
68.8874
68.8874
68.8874
68.8874
68.8874
68.8874
68.8874
68.8874
68.8874
68.8874
68.8874
68.8874
68.8874
68.8874
68.8874
68.8874
68.8874
68.8874
68.8874
68.8874
68.8874
68.8874
68.8874
68.8874
68.8874
68.8874
68.8874
68.8874
68.8874
68.8874
68.8874
68.8874
68.8874
68.8874
68.8874
68.8874
68.8874
68.8874
68.8874
68.8874
68.8874
68.8874
68.8874
68.8874
68.8874
68.8874
68.8874
68.8874
68.8874
68.8874
68.8874
68.8874
68.8874
68.8874
68.8874
68.8874
68.8874
68.8874
68.8874
68.8874
68.8874
68.8874
68.8874
68.8874
68.8874
68.8874
68.8874
68.8874
68.8874
68.8874
68.8874
68.8874
68.8874
68.8874
68.8874
68.8874
68.8874
68.8874
68.8874
68.8874
68.8874
68.8874
68.8874
68.8874
68.8874
68.8874
68.8874
68.8874
68.8874
68.8874
68.8874
68.8874
68.8874
68.8874
68.8874
68.8874
68.8874
68.8874
68.8874
68.8874
68.8874
68.8874
68.8874
68.8874
68.8874
68.8874
68.8874
68.8874
68.8874
68.8874
68.8874
68.8874
68.8874
68.8874
68.8874
68.8874
68.8874
68.8874
68.8874
68.8874
68.8874
68.8874
68.8874
68.8874
68.8874
68.8874
68.8874
68.8874
68.8874
68.8874
68.8874
68.8874
68.8874
68.8874
68.8874
68.8874
68.8874
68.8874
68.8874
68.8874
68.8874
68.8874
68.8874
68.8874
68.8874
68.8874
68.8874
68.8874
68.8874
68.8874
68.8874
68.8874
68.8874
68.8874
68.8874
68.8874
68.8874
68.8874
68.8874
68.8874
68.8874
68.8874
68.8874
68.8874
68.8874
68.8874
68.8874
68.8874
68.8874
68.8874
68.8874
68.8874
68.8874
68.8874
68.8874
68.8874
68.8874
68.8874
68.8874
68.8874
68.8874
68.8874
68.8874
68.8874
68.8874
68.8874
68.8874
68.8874
68.8874
68.8874
68.8874
68.8874
68.8874
68.8874
68.8874
68.8874
68.8874
68.8874
68.8874
68.8874
68.8874
68.8874
68.8874
68.8874
68.8874
68.8874
68.8874
68.8874
68.8874
68.8874
68.8874
68.8874
68.8874
68.8874
68.8874
68.8874
68.8874
68.8874
68.8874
68.8874
68.8874
68.8874
68.8874
68.8874
68.8874
68.8874
68.8874
68.8874
68.8874
68.8874
68.8874
68.8874
68.8874
68.8874
68.8874
68.8874
68.8874
68.8874
68.8874
68.8874
68.8874
68.8874
68.8874
68.8874
68.8874
68.8874
68.8874
68.8874
68.8874
68.8874
68.8874
68.8874
68.8874
68.8874
68.8874
68.8874
68.8874
68.8874
68.8874
68.8874
68.8874
68.8874
68.8874
68.8874
68.8874
68.8874
68.8874
68.8874
68.8874
68.8874
68.8874
68.8874
68.8874
68.8874
68.8874
68.8874
68.8874
68.8874
68.8874
68.8874
68.8874
68.8874
68.8874
68.8874
68.8874
68.8874
68.8874
68.8874
68.8874
68.8874
68.8874
68.8874
68.8874
68.8874
68.8874
68.8874
68.8874
68.8874
68.8874
68.8874
68.8874
68.8874
68.8874
68.8874
68.8874
68.8874
68.8874
68.8874
68.8874
68.8874
68.8874
68.8874
68.8874
68.8874
68.8874
68.8874
68.8874
68.8874
68.8874
68.8874
68.8874
68.8874
68.8874
68.8874
68.8874
68.8874
68.8874
68.8874
68.8874
68.8874
68.8874
68.8874
68.8874
68.8874
68.8874
68.8874
68.8874
68.8874
68.8874
68.8874
68.8874
68.8874
68.8874
68.8874
68.8874
68.8874
68.8874
68.8874
68.8874
68.8874
68.8874
68.8874
68.8874
68.8874
68.8874
68.8874
68.8874
68.8874
68.8874
68.8874
68.8874
68.8874
68.8874
68.8874
68.8874
68.8874
68.8874
68.8874
68.8874
68.8874
68.8874
