442.118
442.118
438.565
432.604
418.589
413.984
411.704
411.704
411.431
411.431
408.739
406.741
398.465
398.465
387.899
381.211
381.211
378.814
378.814
374.745
368.572
352.921
352.921
352.921
352.256
346.167
344.513
341.444
341.444
336.281
332.167
332.167
332.167
328.734
324.266
324.266
324.21
324.21
320.309
318.049
318.049
312.962
312.704
311.53
309.942
299.988
292.191
290.046
290.046
289.677
286.071
286.071
286.071
282.305
280.815
273.086
273.086
269.874
262.644
262.644
255.457
255.457
255.457
255.457
255.457
254.183
252.552
250.401
250.115
249.869
249.869
249.869
248.716
244.952
244.952
244.418
241.794
241.794
241.794
240.877
238.711
238.711
237.45
232.575
232.575
232.575
232.575
232.436
230.368
226.223
226.223
224.126
223.069
223.069
222.836
220.684
220.684
220.684
220.684
218.129
218.129
218.129
217.884
217.427
215.33
215.11
208.726
208.726
208.726
208.726
206.703
206.703
206.051
204.613
204.613
204.613
201.956
201.956
201.622
199.612
196.929
196.929
196.929
196.762
196.251
193.032
193.032
193.032
192.601
192.601
190.84
189.505
189.505
188.828
187.143
187.143
187.143
186.662
186.662
186.662
186.6
185.205
185.205
181.837
181.837
181.582
180.955
180.587
180.587
180.235
180.235
180.235
180.235
178.163
178.163
178.163
175.563
175.49
175.007
175.007
175.007
173.668
173.668
173.473
173.374
172.939
169.646
169.646
169.349
169.349
168.495
168.495
168.201
168.201
168.201
167.218
167.218
166.215
166.215
165.474
165.474
165.474
165.457
165.13
165.13
165.13
164.466
163.855
161.823
161.823
161.823
161.44
161.44
160.808
160.338
160.338
160.007
158.393
157.959
157.959
157.923
156.601
155.871
154.967
154.967
153.828
153.828
151.43
151.43
151.43
151.43
151.43
151.43
150.533
150.533
150.533
150.533
150.533
148.666
147.762
147.762
147.762
147.762
147.762
147.029
147.029
147.029
146.766
146.766
146.098
146.098
146.098
145.634
145.634
145.634
145.634
145.634
144.986
144.986
144.986
144.986
144.986
144.055
144.055
144.055
144.055
144.055
143.931
143.931
143.931
143.332
143.332
142.26
142.26
141.992
141.992
141.772
141.772
140.663
140.663
140.663
140.663
140.663
140.663
140.596
140.596
140.516
140.516
140.157
140.157
140.111
139.779
139.779
139.383
139.383
139.383
138.177
138.177
138.177
138.177
138.177
138.177
137.804
137.804
137.804
137.804
137.759
137.294
137.294
135.701
135.701
135.701
134.904
133.122
133.122
133.122
132.325
132.325
132.325
132.325
132.325
132.325
132.325
131.666
131.666
131.666
131.471
131.471
131.132
131.132
131.132
131.132
130.809
130.751
130.751
130.751
130.341
130.341
130.341
130.341
130.341
130.341
130.048
130.048
130.048
130.048
130.048
130.048
130.048
130.048
130.048
127.171
127.171
127.171
127.171
127.171
127.171
125.651
125.651
125.651
125.651
125.651
124.688
124.688
124.688
124.688
124.221
124.221
124.221
124.221
124.221
124.221
124.221
123.799
123.799
123.799
123.799
123.766
123.766
123.376
123.376
123.376
123.376
123.121
122.289
122.289
122.289
122.289
122.222
121.915
121.915
121.915
121.915
121.915
121.915
121.686
121.076
120.81
120.81
120.81
119.493
119.493
119.493
119.493
118.733
118.733
118.733
118.444
118.318
116.967
116.967
116.967
116.967
116.967
116.967
116.967
116.967
116.967
116.967
116.967
116.967
116.967
116.967
116.967
116.967
116.961
115.892
115.892
115.892
115.818
113.952
113.952
113.952
113.952
113.952
113.952
113.886
113.873
112.954
112.954
112.954
112.954
112.954
112.954
112.13
112.13
112.13
112.13
112.04
112.04
112.04
110.131
110.131
110.131
110.025
110.025
110.025
110.025
110.025
110.025
110.025
110.025
110.025
109.357
109.357
108.109
108.109
108.109
108.109
108.109
108.026
108.026
108.026
108.026
108.026
108.026
107.807
107.807
107.625
104.371
104.371
104.371
104.227
104.227
104.227
104.227
104.227
104.227
104.227
104.227
103.677
103.677
103.677
103.677
103.677
103.677
103.677
103.677
103.677
103.677
103.677
103.677
103.677
103.677
103.601
103.601
103.601
103.601
103.02
103.02
103.02
103.02
101.584
101.584
101.584
101.175
101.175
101.175
101.175
100.283
100.283
100.283
100.283
100.283
100.283
100.283
100.283
100.283
100.283
100.283
100.283
100.283
100.283
99.6045
99.6045
99.6045
99.093
99.093
99.093
99.093
99.093
99.093
99.093
99.093
99.093
99.093
99.093
99.093
99.093
97.5817
97.5817
97.5817
97.5817
97.5817
97.5817
97.5817
97.5817
97.0932
97.0932
97.0932
97.0932
97.0932
97.0932
97.0932
97.0932
97.0932
97.0932
96.9511
96.6337
96.6337
96.6337
96.6337
96.6337
96.6337
96.6337
96.4555
96.4555
96.4555
96.4555
96.4555
95.6602
95.6602
95.6602
95.6602
95.6602
95.6602
95.2637
95.2637
95.2637
95.2637
95.2637
95.2637
95.2637
95.2637
95.2637
95.2637
95.1019
95.1019
95.1019
95.1019
95.1019
95.1019
95.1019
95.1019
94.7821
94.7821
94.7821
94.7821
94.7821
94.7821
94.7821
94.3212
94.3212
94.3212
94.3212
94.2897
94.2897
94.2323
94.2323
94.2323
94.2221
94.2221
94.123
94.123
94.0713
93.2276
92.9553
92.9553
92.9553
92.9553
92.9553
92.5844
92.5844
92.505
92.505
92.505
92.505
92.505
92.505
92.3512
92.3512
92.3512
92.3512
92.3512
92.3512
91.2764
91.2764
91.2764
91.2764
91.2764
91.2764
91.2764
91.2764
91.2764
91.2764
91.2764
91.2764
91.2764
91.2764
91.2764
90.3706
90.3706
90.3706
90.3706
90.3706
90.3706
90.3706
90.3706
90.3706
90.3706
90.3706
90.2168
90.2168
90.2168
90.2168
90.2168
90.2168
90.2168
90.2168
90.2168
90.2168
90.2168
90.1978
90.1978
90.1978
90.1978
90.1978
90.1978
89.8977
89.3533
89.3533
89.3533
89.3533
89.3533
89.3533
89.3533
89.3533
89.3533
89.3533
89.2346
89.2346
89.2346
89.2346
89.1317
89.1317
89.1317
89.1317
89.1317
89.1286
89.1286
89.1286
89.1286
88.379
88.379
88.379
88.379
88.379
88.379
88.36
88.36
88.36
88.36
88.36
88.36
88.36
88.36
88.36
88.36
88.36
88.0036
88.0036
88.0036
88.0036
88.0036
88.0036
88.0036
88.0036
87.6467
87.6467
87.3041
87.3041
87.3041
87.3041
87.3041
87.3041
87.3041
87.3041
87.3041
87.3041
87.3041
87.3041
87.3041
87.3041
87.3041
87.3041
87.3041
87.3041
87.3041
87.3041
87.3041
87.3041
87.3041
87.3041
87.3041
87.1325
87.1325
87.1325
87.1325
87.1325
87.1325
87.1325
87.1325
87.1325
87.1325
87.1325
87.1325
87.1325
87.1325
87.1325
87.1325
87.1325
87.1325
87.1173
87.1173
87.1173
87.1173
87.1173
87.1173
87.1173
87.0738
87.0738
87.0738
87.0003
87.0003
87.0003
86.8807
86.8807
86.8807
86.8807
86.4221
86.4221
86.4118
85.1763
85.1763
85.1763
85.1763
85.1763
85.1763
85.1763
85.1763
85.1763
85.1763
84.6104
84.6104
84.6104
84.6104
84.6104
84.6104
84.6104
84.6104
84.6104
84.597
84.597
84.597
84.597
84.597
84.597
84.5574
84.5574
84.5574
84.5574
84.5574
83.8582
83.8582
83.8582
83.8582
83.8582
83.8453
83.8453
83.7318
83.2804
83.2804
83.2804
83.2804
83.2804
83.154
83.154
83.154
82.9089
82.9089
82.9089
82.9089
82.9089
82.7787
82.7787
82.7787
82.7773
82.6427
82.5859
82.5859
82.5859
82.5859
82.0456
82.0456
82.0456
82.0456
82.0456
82.0456
82.0456
82.0456
82.0158
82.0158
82.0158
82.0158
81.897
81.897
81.8957
81.8523
81.8523
81.8523
81.8523
81.8523
81.8523
81.8523
81.8523
81.8523
81.8127
81.8127
81.8127
81.2373
81.2373
81.2243
81.2243
81.2243
81.2243
81.2243
81.2243
81.2243
81.2243
81.2243
81.2243
81.2243
81.2243
81.2243
81.2243
81.2243
81.2243
81.2243
80.9526
80.9526
80.9526
80.9526
80.9526
80.9526
80.951
80.951
80.951
80.951
80.5702
80.5702
80.545
80.545
80.545
80.545
80.545
80.545
80.545
80.0096
80.0096
80.0096
80.0096
79.9833
79.9833
79.9833
79.9833
79.7561
79.7561
79.7561
79.6109
79.6109
79.6109
79.6109
79.6109
79.6109
79.6109
79.6109
79.6095
79.6095
79.6095
79.3529
79.3529
79.3529
79.3529
79.3529
79.3529
79.3529
79.3529
79.3529
79.3529
79.3529
79.0559
79.0559
79.0559
79.0559
79.0559
79.0559
79.0559
79.0559
79.0559
79.0559
79.0559
78.8471
78.8471
78.8471
78.8471
78.8471
78.8471
78.8471
78.2654
78.2654
78.2654
78.2654
78.0567
78.0567
78.0567
78.0567
78.0567
78.0567
78.0567
78.0567
78.0567
77.5976
77.5976
77.5976
77.5976
77.5976
77.5976
77.5976
77.5976
77.5976
77.5976
77.5976
77.5976
77.5976
77.5976
77.5976
77.5976
77.5976
77.5976
77.5976
77.5976
77.5976
77.5976
77.5976
77.5976
77.5976
77.5976
77.5976
77.5976
77.5976
77.5976
77.5976
77.5976
77.5976
77.5976
77.5976
77.5976
77.5976
77.5976
77.5976
77.3549
77.3549
77.3549
77.3549
77.3549
77.3549
77.3549
77.3549
77.3549
77.0903
77.0903
77.0903
77.0903
77.0903
77.0903
77.0903
77.0903
76.7553
76.7553
76.7553
76.7553
76.7553
76.7553
76.7553
76.7553
76.7553
76.7553
76.7553
76.7553
76.7553
76.7553
76.5615
76.2047
76.2047
76.2047
76.2047
76.2047
76.2047
76.2047
76.2047
76.2047
76.2047
76.2005
76.2005
75.9822
75.9822
75.9822
75.9822
75.9822
75.9822
75.9822
75.9822
75.9822
75.9822
75.9822
75.9822
75.9822
75.8789
75.8789
75.8789
75.8789
75.8789
75.8789
75.8789
75.8789
75.8789
75.8789
75.8789
75.8789
75.8789
75.8789
75.8789
75.6581
75.6581
75.6581
75.6581
75.6581
75.6581
75.6581
75.6581
75.6581
75.6581
75.6581
75.6538
75.6538
75.6538
75.6538
75.6538
75.6538
75.6538
75.6538
75.6538
75.6538
75.6538
75.6538
75.6538
75.6538
75.6538
75.6538
75.6538
75.6538
75.6538
75.6538
75.6538
75.6538
75.6538
75.6538
75.6538
75.6538
75.6538
75.6538
75.6538
75.6538
75.6538
75.6538
75.6538
75.6538
75.6538
75.6538
75.6538
75.6538
75.6538
75.6522
75.6522
75.6522
75.6522
75.3036
75.3036
75.3036
74.6198
74.6198
74.6193
74.6193
74.6193
74.6193
74.6193
74.6193
74.6193
74.6193
74.6193
74.6193
74.6193
74.5375
74.5375
74.5375
74.5375
74.5375
74.5375
74.5375
74.5375
74.5375
74.5375
74.5375
74.5375
74.5375
74.5375
74.5375
74.5375
74.5264
74.5264
74.5264
74.5264
74.5264
74.5264
74.5264
74.5264
74.5264
74.5264
74.5264
74.5264
74.5264
74.5264
74.5264
74.5264
74.5264
74.5264
74.5264
74.0375
74.0375
74.0375
74.0375
74.0375
74.0375
74.0375
74.0375
74.0375
74.0375
74.0375
74.0375
74.0375
74.0375
74.0375
74.0375
74.0375
74.0375
74.0375
73.9373
73.9373
73.9373
73.9373
73.9373
73.9373
73.9373
73.9373
73.9373
73.9373
73.9373
73.9373
73.9373
73.9373
73.9373
73.9373
73.9373
73.9373
73.9373
73.9373
73.9373
73.9373
73.9373
73.9373
73.9373
73.9373
73.9373
73.9373
73.9373
73.9373
73.9373
73.9373
73.9373
73.9373
73.9373
73.9373
73.9373
73.9373
73.9373
73.9373
73.9373
73.9373
73.9373
73.9373
73.9373
73.9373
73.9373
73.9373
73.9373
73.9373
73.9373
73.9373
73.9373
73.9373
73.9373
73.9373
73.9373
73.9373
73.9373
73.9373
73.9373
73.9373
73.9373
73.9373
73.9373
73.9373
73.9373
73.9373
73.9373
73.9373
73.9373
73.9373
73.9373
73.9373
73.9373
73.9373
72.5757
72.5757
72.5757
72.5757
72.5757
72.5757
72.5757
72.5757
72.5757
72.5757
72.5757
72.5757
72.5757
72.5757
72.5757
72.5757
71.824
71.824
71.824
71.824
71.824
71.824
71.824
71.824
71.824
71.8089
71.8089
71.8089
71.8059
71.8059
71.8059
71.8059
71.8059
71.8059
71.7908
71.7908
71.7908
71.7908
71.7908
71.7908
71.7908
71.7908
71.7908
71.7908
71.7908
71.7908
71.7908
71.7908
71.7908
71.7908
71.7908
71.7908
71.7908
71.7908
71.7908
71.7908
71.7908
71.7908
71.7908
71.7908
71.7908
71.7908
71.7908
71.7908
71.7908
71.7908
71.7908
71.7908
71.7908
71.7908
71.7908
71.7908
71.7908
71.7908
71.7908
71.7908
71.7908
71.7908
71.7908
71.7908
71.7908
71.7908
71.7908
71.7908
71.7908
71.7908
71.7908
71.7908
71.7908
71.7908
71.7908
71.7908
71.7908
71.7908
71.7908
71.7908
71.7908
71.7908
71.7908
71.7908
71.7908
71.7908
71.7908
71.7908
71.7908
71.7908
71.7908
71.7908
71.7908
71.7908
71.7908
71.7908
71.7908
71.7908
71.7908
71.7908
71.7908
71.7908
71.7908
71.7908
71.7908
71.7908
71.7908
71.7908
71.7908
71.7908
71.7808
71.7808
71.7808
71.7808
71.7808
71.7808
71.7808
71.7808
71.7808
71.7808
71.7808
71.7808
71.7808
71.7808
71.7808
71.7808
71.7808
71.7808
71.7808
71.7808
71.7808
71.7808
71.7808
71.7808
71.7808
71.7808
71.7808
71.7808
71.7808
71.6144
71.6144
71.6144
71.6144
71.6144
71.6144
71.6144
71.6144
71.6144
71.6144
71.6144
71.6144
71.6144
71.6144
71.6144
71.6144
71.6144
71.6144
71.6144
71.6144
71.6144
71.6144
71.6144
71.6144
71.6144
71.6144
71.6144
71.6144
71.6144
71.6144
71.6144
71.6144
71.6144
71.6144
71.2507
71.2507
71.2507
71.2507
71.2507
71.2507
71.2507
71.2507
71.2507
71.2507
71.2507
71.2507
71.2507
71.2097
71.2097
71.2097
71.2097
71.2097
71.2097
71.2097
71.2097
71.2097
71.2097
71.2097
71.2097
71.2097
71.2097
71.2097
71.2097
71.2097
71.2097
71.2097
71.2097
71.2097
71.2097
71.2097
71.2097
71.2097
71.2097
71.2097
71.2097
71.2097
71.2097
71.2097
71.2097
71.2097
71.2097
71.2097
71.2097
71.2097
71.2097
71.2097
71.2097
71.2097
71.2097
71.2097
71.2097
71.2097
71.2097
71.2097
71.2097
71.2097
71.2097
71.2097
71.2097
71.2097
71.2097
71.2097
71.2097
71.2097
71.2097
71.2097
71.2097
71.2097
71.2097
71.2097
71.2097
71.2097
71.2097
71.2097
71.2097
71.2097
71.2097
71.2097
71.2097
71.2097
71.2097
71.2097
71.2097
71.2097
71.2097
71.2097
70.6229
70.6229
70.6229
70.6229
70.6229
70.6229
70.6229
70.6229
70.6229
70.6229
70.6229
70.6229
70.6229
70.6229
70.6229
70.6229
70.6229
70.6229
70.6229
70.6229
70.6229
70.6229
70.6229
70.6229
70.6229
70.6229
70.6229
70.6229
70.6229
70.6229
70.6229
70.6229
70.6229
70.6229
70.6229
70.6229
70.6229
70.6229
70.6229
70.6229
70.6229
70.6229
70.6229
70.6229
70.6229
70.6229
70.6229
70.6229
70.6229
70.6229
70.6229
70.6229
70.6229
70.6229
70.6229
70.6229
70.6229
70.6229
70.6229
70.6229
70.6229
70.6229
70.6229
70.6229
70.6229
70.6229
70.6229
70.6229
70.6229
70.6229
70.6229
70.6229
70.6229
70.6229
70.6229
70.6229
70.6229
70.6229
70.6229
70.6229
70.6229
70.6229
70.6229
70.6229
70.6229
70.6229
70.6229
70.6229
70.6229
70.6229
70.6229
70.6229
70.6229
70.6229
70.6229
70.6229
70.6229
70.6229
70.6229
70.6229
70.6229
70.6229
70.6229
70.6229
70.6229
70.6229
70.6229
70.6229
70.6229
70.6229
70.6229
70.6229
70.6229
70.6229
70.6229
70.6229
70.6229
70.6229
70.6229
70.6229
70.6229
70.6229
70.6229
70.6229
70.6229
70.6229
70.6229
70.6229
70.6229
70.6229
70.6229
70.6229
70.6229
70.6229
70.6229
70.6229
70.6229
70.6229
70.6229
70.6229
70.6229
70.6229
70.6229
70.6229
70.6229
70.6229
70.6229
70.6229
70.6229
70.6229
70.6229
70.6229
70.6229
70.6229
70.6229
70.6229
70.6229
70.6229
70.6229
70.6229
70.6229
70.6229
70.6229
70.6229
70.6229
70.6229
70.6229
70.6229
70.6229
70.6229
70.6229
70.6229
70.6229
70.6229
70.6229
70.6229
70.6229
70.6229
70.6229
70.6229
70.6229
70.6229
70.6229
70.6229
70.6229
70.6229
70.6229
70.6229
70.6229
70.6229
70.6229
70.6229
70.6229
70.6229
70.6229
70.6229
70.6229
70.6229
70.6229
70.6229
70.6229
70.6229
70.6229
70.6229
70.6229
70.6229
70.6229
70.6229
70.6229
70.6229
70.6229
70.6229
70.6229
70.6229
70.6229
70.6229
70.6229
70.6229
70.6229
70.6229
70.6229
70.6229
70.6229
70.6229
70.6229
70.6229
70.6229
70.6229
70.6229
70.6229
70.6229
70.6229
70.6229
70.6229
70.6229
70.6229
70.6229
70.6229
70.6229
70.6229
70.6229
70.6229
70.6229
70.6229
70.6229
70.6229
70.6229
70.6229
70.6229
70.6229
70.6229
70.6229
70.6229
70.6229
70.6229
70.6229
70.6229
70.6229
70.6229
70.6229
70.6229
70.6229
70.6229
70.6229
70.6229
70.6229
70.6229
70.6229
70.6229
70.6229
70.6229
70.6229
70.6229
70.6229
70.6229
70.6229
70.6229
70.6229
70.6229
70.6229
70.6229
70.6229
70.6229
70.6229
70.6229
70.6229
70.6229
70.6229
70.6229
70.6229
70.6229
70.6229
70.6229
70.6229
70.6229
70.6229
70.6229
70.6229
70.6229
70.6229
70.6229
70.6229
70.6229
70.6229
70.6229
70.6229
70.6229
70.6229
70.6229
70.6229
70.6229
70.6229
70.6229
70.6229
70.6229
70.6229
70.6229
70.6229
70.6229
70.6229
70.6229
70.6229
70.6229
70.6229
70.6229
70.6229
70.6229
70.6229
70.6229
70.0884
70.0884
70.0884
70.0884
70.0884
70.0884
70.0884
70.0884
70.0884
70.0884
70.0884
70.0884
70.0884
70.0884
70.0884
70.0884
70.0884
70.0884
70.0884
70.0884
70.0884
70.0884
70.0884
70.0884
70.0884
70.0884
70.0884
70.0884
70.0884
70.0884
70.0884
70.0884
70.0884
70.0884
70.0884
70.0884
70.0884
70.0884
70.0884
70.0884
70.0884
70.0884
70.0884
70.0884
70.0884
70.0884
70.0884
69.8698
69.8698
69.8698
69.8698
69.8698
69.8698
69.8698
69.8698
69.8698
69.8698
69.8698
69.8698
69.8698
69.8698
69.8698
69.8698
69.8698
69.8698
69.6181
69.6181
69.6181
69.6181
69.6181
69.6181
69.6181
69.6181
69.6181
69.6181
69.6181
69.6181
69.6181
69.6181
69.6181
69.6181
69.6181
69.6181
69.6181
69.6181
69.4601
69.4601
69.4601
69.4601
69.4601
69.4601
69.4601
69.4601
69.4601
69.4601
69.4601
69.4601
69.4601
69.4601
69.4601
69.4601
69.4601
69.4601
69.4601
69.4601
69.4601
69.4601
69.4601
69.4601
69.4601
69.4601
69.4601
69.4601
69.4601
69.4601
69.4601
69.4601
69.4601
69.4601
69.4601
69.4601
69.4601
69.4601
69.4601
69.4601
69.4601
69.4596
69.4596
69.4596
69.4596
69.4596
69.4596
69.4596
69.4596
69.4596
69.4596
69.4596
69.4596
69.4596
69.4596
69.4596
69.4596
69.4596
69.4596
69.4596
69.4596
69.4596
69.4454
69.4454
69.4454
69.4454
69.4454
69.4454
69.4454
69.4454
69.4454
69.4454
69.4454
69.4454
69.4454
69.4454
69.4454
69.4454
69.4454
69.4454
69.4454
69.4454
69.4454
69.4454
69.4454
69.4454
69.4454
69.4454
69.4454
69.4454
69.4454
69.4454
69.4454
69.4454
69.4454
69.4454
69.4454
69.4454
69.4454
69.4454
69.4454
69.4454
69.4454
69.4454
69.4454
69.4454
69.4454
69.4454
69.4454
69.4454
69.4454
69.4454
69.4454
69.4454
69.4454
69.4454
69.1898
69.1898
69.1898
69.1898
69.1898
69.1898
69.1898
69.1898
69.1898
69.1898
69.1898
69.1898
69.1898
69.1898
69.1898
69.1898
69.1898
69.1898
69.1898
69.1898
69.1898
69.1898
69.1898
69.1898
69.1898
69.1898
69.1898
69.1898
69.1898
69.1898
69.1898
69.1898
69.1898
69.1898
69.1898
69.1898
69.1898
69.1898
69.1898
69.1898
69.1898
69.1898
69.1898
69.1898
69.1898
69.1898
69.1898
69.1898
69.1898
69.1898
69.1898
69.1898
69.1898
69.1898
69.1898
69.1898
69.1898
69.1898
69.1898
69.1898
69.1898
69.1898
69.1898
69.1898
69.1898
69.1898
69.1898
69.1898
69.1898
69.1898
69.1898
69.1898
69.1898
69.1898
69.1898
69.1898
69.1898
69.1898
69.1898
69.1898
69.1898
69.1898
69.1898
69.1898
69.1898
69.1898
69.1898
69.1898
69.1898
69.1898
69.1898
69.1898
69.1898
69.1898
69.1898
69.1898
69.1898
69.1898
69.1898
69.1898
69.1898
69.1898
69.1898
69.1898
69.1898
69.1898
69.1898
69.1898
69.1898
69.1898
69.1898
69.1898
69.1898
69.1898
69.1898
69.1898
69.1898
69.1898
69.1898
69.1898
69.1898
69.1898
69.1898
69.1898
69.1898
69.1898
69.1898
69.1898
69.1898
69.1898
69.1898
69.1898
69.1898
69.1898
69.1898
69.1898
69.1898
69.1898
69.1898
69.1898
69.1898
69.1898
69.1898
69.1898
69.1898
69.1898
69.1898
69.1898
69.1898
69.1898
69.1898
69.1898
69.1898
69.1898
69.1898
69.1898
69.1898
69.1898
69.1898
69.1898
69.1898
69.1898
69.1898
69.1898
69.1898
69.1898
69.1898
69.1898
69.1898
69.1898
69.1898
69.1898
69.1898
69.1898
69.1898
69.1898
69.1898
69.1898
69.1898
69.1898
69.1898
69.1898
69.1898
69.1898
69.1898
69.1898
69.1898
69.1898
69.1898
69.1898
69.1898
69.1898
69.1898
69.1898
69.1898
69.1898
69.1898
69.1898
69.1898
69.1898
69.1898
69.1898
69.1898
69.1898
69.1898
69.1898
69.1898
69.1898
69.1898
69.1898
69.1898
69.1898
69.1898
69.1898
69.1898
69.1898
69.1898
69.1898
69.1898
69.1898
69.1898
69.1898
69.1898
69.1898
69.1898
69.1898
69.1898
69.1898
69.1898
69.1898
69.1898
69.1898
69.1898
69.1898
69.1898
69.1898
69.1898
69.1898
69.1898
69.1898
69.1898
69.1898
69.1898
69.1898
69.1898
69.1898
69.1898
69.1898
69.1898
69.1898
69.1898
69.1898
69.1898
69.1898
69.1898
69.1898
69.1898
69.1898
69.1898
69.1898
69.1898
69.1898
69.1898
69.1898
69.1898
69.1898
69.1898
69.1898
69.1898
69.1898
69.1898
69.1898
69.1898
69.1898
69.1898
69.1898
69.1898
69.1898
69.1898
69.1898
69.1898
69.1898
69.1898
69.1898
69.1898
69.1898
69.1898
69.1898
69.1898
69.1898
69.1898
69.1898
69.1898
69.1898
69.1898
69.1898
69.1898
69.1898
69.1898
69.1898
69.1898
69.1898
69.1898
69.1898
69.1898
69.1898
69.1898
69.1898
69.1898
69.1898
69.1898
69.1898
69.1898
69.1898
69.1898
69.1898
69.1898
69.1898
69.1898
69.1898
69.1898
69.1898
69.1898
69.1898
69.1898
69.1898
69.1898
69.1898
69.1898
69.1898
69.1898
69.1898
69.1898
69.1898
69.1898
69.1898
69.1898
69.1898
69.1898
69.1898
69.1898
69.1898
69.1898
69.1898
69.1898
69.1898
69.1898
69.1898
69.1898
69.1898
69.1898
69.1898
69.1898
69.1898
69.1898
69.1898
69.1898
69.1898
69.1898
69.1898
69.1898
69.1898
69.1898
69.1898
69.1898
69.1898
69.1898
69.1898
69.1898
69.1898
69.1898
69.1898
69.1898
69.1898
69.1898
69.1898
69.1898
69.1898
69.1898
69.1898
69.1898
69.1898
69.1898
69.1898
69.1898
69.1898
69.1898
69.1898
69.1898
69.1898
69.1898
69.1898
69.1898
69.1898
69.1898
69.1898
69.1898
69.1898
69.1898
69.1898
69.1898
69.1898
69.1898
69.1898
69.1898
69.1898
69.1898
69.1898
69.1898
69.1898
69.1898
69.1898
69.1898
69.1898
69.1898
69.1898
69.1898
69.1898
69.1898
69.1898
69.1898
69.1898
69.1898
69.1898
69.1898
69.1898
69.1898
69.1898
69.1898
69.1898
69.1898
69.1898
69.1898
69.1898
69.1898
69.1898
69.1898
69.1898
69.1898
69.1898
69.1898
69.1898
69.1898
69.1898
69.1898
69.1898
69.1898
69.1898
69.1898
69.1898
69.1898
69.1898
69.1898
69.1898
69.1898
69.1898
69.1898
69.1898
69.1898
69.1898
69.1898
69.1898
69.1898
69.1898
69.1898
69.1898
69.1898
69.1898
69.1898
69.1898
69.1898
69.1898
69.1898
69.1898
69.1898
69.1898
69.1898
69.1898
69.1898
69.1898
69.1898
69.1898
69.1898
69.1898
69.1898
69.1898
69.1898
69.1898
69.1898
69.1898
69.1898
69.1898
69.1898
69.1898
69.1898
69.1898
69.1898
69.1898
69.1898
69.1898
69.1898
69.1898
69.1898
69.1898
69.1898
69.1898
69.1898
69.1898
69.1898
69.1898
69.1898
69.1898
69.1898
69.1898
69.1898
69.1898
69.1898
69.1898
69.1898
69.1898
69.1898
69.1898
69.1898
69.1898
69.1898
69.1898
69.1898
69.1898
69.1898
69.1898
69.1898
69.1898
69.1898
69.1812
69.1812
69.1812
69.1812
69.1812
69.1812
69.1812
69.1812
69.1812
69.1812
69.1812
69.1812
69.1622
69.1622
69.1622
69.1622
69.1622
69.1622
69.1622
69.1622
69.1622
69.1622
69.1622
69.1622
69.1622
69.1622
69.1622
69.1622
69.1622
69.1622
69.1622
69.1622
69.1622
69.1622
69.1622
69.1622
69.1622
69.1622
69.1622
69.1622
69.1622
69.1622
69.1622
69.1622
69.1622
69.1622
69.1622
69.1622
69.1622
69.1622
69.1622
69.1622
69.1622
69.1622
69.1622
69.1622
69.1622
69.1622
69.1622
69.1622
69.1622
69.1622
69.1622
69.1622
69.1622
69.1622
69.1622
69.1622
69.1622
69.1622
69.1622
69.1622
69.1622
69.1622
69.1622
69.1622
69.1622
69.1622
69.1622
69.1622
69.1622
69.1622
69.1622
69.1622
69.1622
69.1622
69.1622
69.1622
69.1622
69.1622
69.1622
69.1622
69.1622
69.1622
69.1622
69.1622
69.1622
69.1622
69.1622
69.1622
69.1622
69.1622
69.1622
69.1622
69.1622
69.1622
69.1622
69.1622
69.1622
69.1622
69.1622
69.1622
69.1622
69.1622
69.1622
69.1622
69.1622
69.1622
69.1622
69.1622
69.1622
69.1622
69.1622
69.1622
69.1622
69.1622
69.1622
69.1622
69.1622
69.1622
69.1622
69.1622
69.1622
69.1622
69.1622
69.1622
69.1622
69.1622
69.1622
69.1622
69.1622
69.1622
69.1622
69.1622
69.1622
69.1622
69.1622
69.1622
69.1622
69.1622
69.1622
69.1622
69.1622
69.1622
69.1622
69.1622
69.1622
69.1622
69.1622
69.1622
69.1622
69.1622
69.1622
69.1622
69.1622
69.1622
69.1622
69.1622
69.1622
69.1622
69.1622
69.1622
69.1622
69.1622
69.1622
69.1622
69.1622
69.1622
69.1622
69.1622
69.1622
69.1622
69.1622
69.1622
69.1622
69.1622
69.1622
69.1622
69.1622
69.1622
69.1622
69.1622
69.1622
69.1622
69.1622
69.1622
69.1622
69.1622
69.1622
69.1622
69.1622
69.1622
69.1622
69.1622
69.1622
69.1622
69.1622
69.1622
69.1622
69.1622
69.1622
69.1622
69.1622
69.1622
69.1622
69.1622
69.1622
69.1622
69.1622
69.1622
69.1622
69.1622
69.1622
69.1622
69.1622
69.1622
69.1622
69.1622
69.1622
69.1622
69.1622
69.1622
69.1622
69.1622
69.1622
69.1622
69.1622
69.1622
69.1622
69.1622
69.1622
69.1622
69.1622
69.1622
69.1622
69.1622
69.1622
69.1622
69.1622
69.1622
69.1622
69.1622
69.1622
69.1622
69.1622
69.1622
69.1622
69.1622
69.1622
69.1622
69.1622
69.1622
69.1622
69.1622
69.1622
69.1622
69.1622
69.1622
69.1622
69.1622
69.1622
69.1622
69.1622
69.1622
69.1622
69.1622
69.1622
69.1622
69.1622
69.1622
69.1622
69.1622
69.1622
69.1622
69.1622
69.1622
69.1622
69.1622
69.1622
69.1622
69.1622
69.1622
69.1622
69.1622
69.1622
69.1622
69.1622
69.1622
69.1622
69.1622
68.71
68.71
68.71
68.71
68.71
68.71
68.71
68.71
68.71
68.71
68.71
68.71
68.71
68.71
68.71
68.71
68.71
68.71
68.71
68.71
68.71
68.71
68.71
68.71
68.71
68.71
68.71
68.71
68.71
68.71
68.71
68.71
68.71
68.71
68.71
68.71
68.71
68.71
68.71
68.71
68.71
68.71
68.71
68.71
68.71
68.71
68.71
68.71
68.71
68.71
68.71
68.71
68.71
68.71
68.71
68.71
68.71
68.71
68.71
68.71
68.71
68.71
68.71
68.71
68.71
68.71
68.71
68.71
68.71
68.71
68.71
68.71
68.71
68.71
68.71
68.71
68.71
68.71
68.71
68.71
68.71
68.71
68.71
68.71
68.71
68.71
68.71
68.71
68.71
68.71
68.71
68.71
68.71
68.71
68.71
68.71
68.71
68.71
68.71
68.71
68.71
68.71
68.71
68.71
68.71
68.71
68.71
68.71
68.71
68.71
68.71
68.71
68.71
68.71
68.71
68.71
68.71
68.71
68.71
68.71
68.71
68.71
68.71
68.71
68.71
68.71
68.71
68.71
68.71
68.71
68.71
68.71
68.71
68.71
68.71
68.71
68.71
68.71
68.71
68.71
68.71
68.71
68.71
68.71
68.71
68.71
68.71
68.71
68.71
68.71
68.71
68.71
68.71
68.71
68.71
68.71
68.71
68.71
68.71
68.71
68.71
68.71
68.71
68.71
68.71
68.71
68.71
68.71
68.71
68.71
68.71
68.71
68.71
68.71
68.71
68.71
68.71
68.71
68.71
68.71
68.71
68.71
68.71
68.71
68.71
68.71
68.71
68.71
68.71
68.71
68.71
68.71
68.71
68.71
68.71
68.71
68.71
68.71
68.71
68.71
68.71
68.71
68.71
68.71
68.71
68.71
68.71
68.71
68.71
68.71
68.71
68.71
68.71
68.71
68.71
68.71
68.71
68.71
68.71
68.71
68.71
68.71
68.71
68.71
68.71
68.71
68.71
68.71
68.71
68.71
68.71
68.71
68.71
68.71
68.71
68.71
68.71
68.71
68.71
68.71
68.71
68.71
68.71
68.71
68.71
68.71
68.71
68.71
68.71
68.71
68.71
68.71
68.71
68.71
68.71
68.71
68.71
68.71
68.71
68.71
68.71
68.71
68.71
68.71
68.71
68.71
68.71
68.71
68.71
68.71
68.71
68.71
68.71
68.71
68.71
68.71
68.71
68.71
68.71
68.71
68.71
68.71
68.71
68.71
68.71
68.71
68.71
68.71
68.71
68.71
68.71
68.71
68.71
68.71
68.71
68.71
68.71
68.71
68.71
68.71
68.71
68.71
68.71
68.71
68.71
68.71
68.71
68.71
68.71
68.71
68.71
68.71
68.71
68.71
68.71
68.71
68.71
68.71
68.71
68.71
68.71
68.71
68.71
68.71
68.71
68.71
68.71
68.71
68.71
68.71
68.71
68.71
68.71
68.71
68.71
68.71
68.71
68.71
68.71
68.71
68.71
68.71
68.71
68.71
68.71
68.71
68.71
68.71
68.71
68.71
68.71
68.71
68.71
68.71
68.71
68.71
68.71
68.71
68.71
68.71
68.71
68.71
68.71
68.71
68.71
68.71
68.71
68.71
68.71
68.71
68.71
68.71
68.71
68.71
68.71
68.71
68.71
68.71
68.71
68.71
68.71
68.71
68.71
68.71
68.71
68.71
68.71
68.71
68.71
68.71
68.71
68.71
68.71
68.71
68.71
68.71
68.71
68.71
68.71
68.71
68.71
68.71
68.71
68.71
68.71
68.71
68.71
68.71
68.71
68.71
68.71
68.71
68.71
68.71
68.71
68.71
68.71
68.71
68.71
68.71
68.71
68.71
68.71
68.71
68.71
68.71
68.71
68.71
68.71
68.71
68.71
68.71
68.71
68.71
68.71
68.71
68.71
68.71
68.71
68.71
68.71
68.71
68.71
68.71
68.71
68.71
68.71
68.71
68.71
68.71
68.71
68.71
68.71
68.71
68.71
68.71
68.71
68.71
68.71
68.71
68.71
68.71
68.71
68.71
68.71
68.71
68.71
68.71
68.71
68.71
68.71
68.71
68.71
68.71
68.71
68.71
68.71
68.71
68.71
68.71
68.71
68.71
68.71
68.71
68.71
68.71
68.71
68.71
68.71
68.71
68.71
68.71
68.71
68.71
68.71
68.71
68.71
68.71
68.71
68.71
68.71
68.71
68.71
68.71
68.71
68.71
68.71
68.71
68.71
68.71
68.71
68.71
68.71
68.71
68.71
68.71
68.71
68.71
68.71
68.71
68.71
68.71
68.71
68.71
68.71
68.71
68.71
68.71
68.71
68.71
68.71
68.71
68.71
68.71
68.71
68.71
68.71
68.71
68.71
68.71
68.71
68.71
68.71
68.71
68.71
68.71
68.71
68.71
68.71
68.71
68.71
68.71
68.71
68.71
68.71
68.71
68.71
68.71
68.71
68.71
68.71
68.71
68.71
68.71
68.71
68.71
68.71
68.71
68.71
68.71
68.71
68.71
68.71
68.71
68.71
68.71
68.71
68.71
68.71
68.71
68.71
68.71
68.71
68.71
68.71
68.71
68.71
68.71
68.71
68.71
68.71
68.71
68.71
68.71
68.71
68.71
68.71
68.71
68.71
68.71
68.71
68.71
68.71
68.71
68.71
68.71
68.71
68.71
68.71
68.71
68.71
68.71
68.71
68.71
68.71
68.71
68.71
68.71
68.71
68.71
68.71
68.71
68.71
68.71
68.71
68.71
68.71
68.71
68.71
68.71
68.71
68.71
68.71
68.71
68.71
68.71
68.71
68.71
68.71
68.71
68.71
68.71
68.71
68.71
68.71
68.71
68.71
68.71
68.71
68.71
68.71
68.71
68.71
68.71
68.71
68.71
68.71
68.71
68.71
68.71
68.71
68.71
68.71
68.71
68.71
68.71
68.71
68.71
68.71
68.71
68.71
68.71
68.71
68.71
68.71
68.71
68.71
68.71
68.71
68.71
68.71
68.71
68.71
68.71
68.71
68.71
68.71
68.71
68.71
68.71
68.71
68.71
68.71
68.71
68.71
68.71
68.71
68.71
68.71
68.71
68.71
68.71
68.71
68.71
68.71
68.71
68.71
68.71
68.71
68.71
68.71
68.71
68.71
68.71
68.71
68.71
68.71
68.71
68.71
68.71
68.71
68.71
68.71
68.71
68.71
68.71
68.71
68.71
68.71
68.71
68.71
68.71
68.71
68.71
68.71
68.71
68.71
68.71
68.71
68.71
68.71
68.71
68.71
68.71
68.71
68.71
68.71
68.71
68.71
68.71
68.71
68.71
68.71
68.71
68.71
68.71
68.71
68.71
68.71
68.71
68.71
68.71
68.71
68.71
68.71
68.71
68.71
68.71
68.71
68.71
68.71
68.71
68.71
68.71
68.71
68.71
68.71
68.71
68.71
68.71
68.71
68.71
68.71
68.71
68.71
68.71
68.71
68.71
68.71
68.71
68.71
68.71
68.71
68.71
68.71
68.71
68.71
68.71
68.71
68.71
68.71
68.71
68.71
68.71
68.71
68.71
68.71
68.71
68.71
68.71
68.71
68.71
68.71
68.71
68.71
68.71
68.71
68.71
68.71
68.71
68.71
68.71
68.71
68.71
68.71
68.71
68.71
68.71
68.71
68.71
68.71
68.71
68.71
68.71
68.71
68.71
68.71
68.71
68.71
68.71
68.71
68.71
68.71
68.71
68.71
68.71
68.71
68.71
68.71
68.71
68.71
68.71
68.71
68.71
68.71
68.71
68.71
68.71
68.71
68.71
68.71
68.71
68.71
68.71
68.71
68.71
68.71
68.71
68.71
68.71
68.71
68.71
68.71
68.71
68.71
68.71
68.71
68.71
68.71
68.71
68.71
68.71
68.71
68.71
68.71
68.71
68.71
68.71
68.71
68.71
68.71
68.71
68.71
68.71
68.71
68.71
68.71
68.71
68.71
68.71
68.71
68.71
68.71
68.71
68.71
68.71
68.71
68.71
68.71
68.71
68.71
68.71
68.71
68.71
68.71
68.71
68.71
68.71
68.71
68.71
68.71
68.71
68.71
68.71
68.71
68.71
68.71
68.71
68.71
68.71
68.71
68.71
68.71
68.71
68.71
68.71
68.71
68.71
68.71
68.71
68.71
68.71
68.71
68.71
68.71
68.71
68.71
68.71
68.71
68.71
68.71
68.71
68.71
68.71
68.71
68.71
68.71
68.71
68.71
68.71
68.71
68.71
68.71
68.71
68.71
68.71
68.71
68.71
68.71
68.71
68.71
68.71
68.71
68.71
68.71
68.71
68.71
68.71
68.71
68.71
68.71
68.71
68.71
68.71
68.71
68.71
68.71
68.71
68.71
68.71
68.71
68.71
68.71
68.71
68.71
68.71
68.71
68.71
68.71
68.71
68.71
68.71
68.71
68.71
68.71
68.71
68.71
68.71
68.71
68.71
68.71
68.71
68.71
68.71
68.71
68.71
68.71
68.71
68.71
68.71
68.71
68.71
68.71
68.71
68.71
68.71
68.71
68.71
68.71
68.71
68.71
68.71
68.71
68.71
68.71
68.71
68.71
68.71
68.71
68.71
68.71
68.71
68.71
68.71
68.71
68.71
68.71
68.71
68.71
68.71
68.71
68.71
68.71
68.71
68.71
68.71
68.71
68.71
68.71
68.71
68.71
68.71
68.71
68.71
68.71
68.71
68.71
68.71
68.71
68.71
68.71
68.71
68.71
68.71
68.71
68.71
68.71
68.71
68.71
68.71
68.71
68.71
68.71
68.71
68.6404
68.6404
68.6404
68.6404
68.6404
68.6404
68.6404
68.6404
68.6404
68.6404
68.6404
68.6404
68.6404
68.6404
68.6404
68.6404
68.6404
68.6404
68.6404
68.6404
68.6404
68.5499
68.5499
68.5499
68.5499
68.5499
68.5499
68.5499
68.5499
68.5499
68.5499
68.5499
68.5499
68.5499
68.5499
68.5499
68.5499
68.5499
68.5499
68.5499
68.5499
68.5499
68.5499
68.5499
68.5499
68.5499
68.5499
68.5499
68.5499
68.5499
68.5499
68.5499
68.5499
68.5499
68.5499
68.5499
68.5499
68.5499
68.5499
68.5499
68.5499
68.5499
68.5499
68.5499
68.5499
68.5499
68.5499
68.5499
68.5499
68.5499
68.5499
68.5499
68.5499
68.5499
68.5499
68.5499
68.5499
68.5499
68.5499
68.5499
68.5499
68.5499
68.5499
68.5499
68.5499
68.5499
68.5499
68.5499
68.5499
68.5499
68.5499
68.5499
68.5499
68.5499
68.5499
68.5499
68.5499
68.5499
68.5499
68.5499
68.5499
68.5499
68.5499
68.5499
68.5499
68.5499
68.5499
68.5499
68.5499
68.5499
68.5499
68.5499
68.5499
68.5499
68.5499
68.5499
68.5499
68.5499
68.5499
68.5499
68.5499
68.5499
68.5499
68.5499
68.5499
68.5499
68.5499
68.5499
68.5499
68.5499
68.5499
68.5499
68.5499
68.5499
68.5499
68.5499
68.5499
68.5499
68.5499
68.5499
68.5499
68.5499
68.5499
68.5499
68.5499
68.5499
68.5499
68.5499
68.5499
68.5499
68.5499
68.5499
68.5499
68.5499
68.5499
68.5499
68.5499
68.5499
68.5499
68.5499
68.5499
68.5499
68.5499
68.5499
68.5499
68.5499
68.5499
68.5499
68.5499
68.5499
68.5499
68.5499
68.5499
68.5499
68.5499
68.5499
68.5499
68.5499
68.5499
68.5499
68.5499
68.5499
68.5499
68.5499
68.5499
68.5499
68.5499
68.5499
68.5499
68.5499
68.5499
68.5499
68.5499
68.5499
68.5499
68.5499
68.5499
68.5499
68.5499
68.5499
68.5499
68.5499
68.5499
68.5499
68.5499
68.5499
68.5499
68.5499
68.5499
68.5499
68.5499
68.5499
68.5499
68.5499
68.5499
68.5499
68.5499
68.5499
68.5499
68.5499
68.5499
68.5499
68.5499
68.5499
68.5499
68.5499
68.5499
68.5499
68.5499
68.5499
68.5499
68.5499
68.5499
68.5499
68.5499
68.5499
68.5499
68.5499
68.5499
68.5499
68.5499
68.5499
68.5499
68.5499
68.5499
68.5499
68.5499
68.5499
68.5499
68.5499
68.5499
68.5499
68.5499
68.5499
68.5499
68.5499
68.5499
68.5499
68.5499
68.5499
68.5499
68.5499
68.5499
68.5499
68.5499
68.5499
68.5499
68.5499
68.5499
68.5499
68.5499
68.5499
68.5499
68.5499
68.5499
68.5499
68.5499
68.5499
68.5499
68.5499
68.5499
68.5499
68.5499
68.5499
68.5499
68.5499
68.5499
68.5499
68.5499
68.5499
68.5499
68.5499
68.5499
68.5499
68.5499
68.5499
68.5499
68.5499
68.5499
68.5499
68.5499
68.5499
68.5499
68.5499
68.5499
68.5499
68.5499
68.5499
68.5499
68.5499
68.5499
68.5499
68.5499
68.5499
68.5499
68.5499
68.5499
68.5499
68.5499
68.5499
68.5499
68.5499
68.5499
68.5499
68.5499
68.5499
68.5499
68.5499
68.5499
68.5499
68.5499
68.5499
68.5499
68.5499
68.5499
68.5499
68.5499
68.5499
68.5499
68.5499
68.5499
68.5499
68.5499
68.5499
68.5499
68.5499
68.5499
68.5499
68.5499
68.5499
68.5499
68.5499
68.5499
68.5499
68.5499
68.5499
68.5499
68.5499
68.5499
68.5499
68.5499
68.5499
68.5499
68.5499
68.5499
68.5499
68.5499
68.5499
68.5499
68.5499
68.5499
68.5499
68.5499
68.5499
68.5499
68.5499
68.5499
68.5499
68.5499
68.5499
68.5499
68.5499
68.5499
68.5499
68.5499
68.5499
68.5499
68.5499
68.5499
68.5499
68.5499
68.5499
68.5499
68.5499
68.5499
68.5499
68.5499
68.5499
68.5499
68.5499
68.5499
68.5499
68.5499
68.5499
68.5499
68.5499
68.5499
68.5499
68.5499
68.5499
68.5499
68.5499
68.5499
68.5499
68.5499
68.5499
68.5499
68.5499
68.5499
68.5499
68.5499
68.5499
68.5499
68.5499
68.5499
68.5499
68.5499
68.5499
68.5499
68.5499
68.5499
68.5499
68.5499
68.5499
68.5499
68.5499
68.5499
68.5499
68.5499
68.5499
68.5499
68.5499
68.5499
68.5499
68.5499
68.5499
68.5499
68.5499
68.5499
68.5499
68.5499
68.5499
68.5499
68.5499
68.5499
68.5499
68.5499
68.5499
68.5499
68.5499
68.5499
68.5499
68.5499
68.5499
68.5499
68.5499
68.5499
68.5499
68.5499
68.5499
68.5499
68.5499
68.5499
68.5499
68.5499
68.5499
68.5499
68.5499
68.5499
68.5499
68.5499
68.5499
68.5499
68.5499
68.5499
68.5499
68.5499
68.5499
68.5499
68.5499
68.5499
68.5499
68.5499
68.5499
68.5499
68.5499
68.5499
68.5499
68.5499
68.5499
68.5499
68.5499
68.5499
68.5499
68.5499
68.5499
68.5499
68.5499
68.5499
68.5499
68.5499
68.5499
68.5499
68.5499
68.5499
68.5499
68.5499
68.5499
68.5499
68.5499
68.5499
68.5499
68.5499
68.5499
68.5499
68.5499
68.5499
68.5499
68.5499
68.5499
68.5499
68.5499
68.5499
68.5499
68.5499
68.5499
68.5499
68.5499
68.5499
68.5499
68.5499
68.5499
68.5499
68.5499
68.5499
68.5499
68.5499
68.5499
68.5499
68.5499
68.5499
68.5499
68.5499
68.5499
68.5499
68.5499
68.5499
68.5499
68.5499
68.5499
68.5499
68.5499
68.5499
68.5499
68.5499
68.5499
68.5499
68.5499
68.5499
68.5499
68.5499
68.5499
68.5499
68.5499
68.5499
68.5499
68.5499
68.5499
68.5499
68.5499
68.5499
68.5499
68.5499
68.5499
68.5499
68.5499
68.5499
68.5499
68.5499
68.5499
68.5499
68.5499
68.5499
68.5499
68.5499
68.5499
68.5499
68.5499
68.5499
68.5499
68.5499
68.5499
68.5499
68.5499
68.5499
68.5499
68.5499
68.5499
68.5499
68.5499
68.5499
68.5499
68.5499
68.5499
68.5499
68.5499
68.5499
68.5499
68.5499
68.5499
68.5499
68.5499
68.5499
68.5499
68.5499
68.5499
68.5499
68.5499
68.5499
68.5499
68.5499
68.5499
68.5499
68.5499
68.5499
68.5499
68.5499
68.5499
68.5499
68.5499
68.5499
68.5499
68.5499
68.5499
68.5499
68.5499
68.5499
68.5499
68.5499
68.5499
68.5499
68.5499
68.5499
68.5499
68.5499
68.5499
68.5499
68.5499
68.5499
68.5499
68.5499
68.5499
68.5499
68.5499
68.5499
68.5499
68.5499
68.5499
68.5499
68.5499
68.5499
68.5499
68.5499
68.5499
68.5499
68.5499
68.5499
68.5499
68.5499
68.5499
68.5499
68.5499
68.5499
68.5499
68.5499
68.5499
68.5499
68.5499
68.5499
68.5499
68.5499
68.5499
68.5499
68.5499
68.5499
68.5499
68.5499
68.5499
68.5499
68.5499
68.5499
68.5499
68.5499
68.5499
68.5499
68.5499
68.5499
68.5499
68.5499
68.5499
68.5499
68.5499
68.5499
68.5499
68.5499
68.5499
68.5499
68.5499
68.5499
68.5499
68.5499
68.5499
68.5499
68.5499
68.5499
68.5499
68.5499
68.5499
68.5499
68.5499
68.5499
68.5499
68.5499
68.5499
68.5499
68.5499
68.5499
68.5499
68.5499
68.5499
68.5499
68.5499
68.5499
68.5499
68.5499
68.5499
68.5499
68.5499
68.5499
68.5499
68.5499
68.5499
68.5499
68.5499
68.5499
68.5499
68.5499
68.5499
68.5499
68.5499
68.5499
68.5499
68.5499
68.5499
68.5499
68.5499
68.5499
68.5499
68.5499
68.5499
68.5499
68.5499
68.5499
68.5499
68.5499
68.5499
68.5499
68.5499
68.5499
68.5499
68.5499
68.5499
68.5499
68.5499
68.5499
68.5499
68.5499
68.5499
68.5499
68.5499
68.5499
68.5499
68.5499
68.5499
68.5499
68.5499
68.5499
68.5499
68.5499
68.5499
68.5499
68.5499
68.5499
68.5499
68.5499
68.5499
68.5499
68.5499
68.5499
68.5499
68.5499
68.5499
68.5499
68.5499
68.5499
68.5499
68.5499
68.5499
68.5499
68.5499
68.5499
68.5499
68.5499
68.5499
68.5499
68.5499
68.5499
68.5499
68.5499
68.5499
68.5499
68.5499
68.5499
68.5499
68.5499
68.5499
68.5499
68.5499
68.5499
68.5499
68.5499
68.5499
68.5499
68.5499
68.5499
68.5499
68.5499
68.5499
68.5499
68.5499
68.5499
68.5499
68.5499
68.5499
68.5499
68.5499
68.5499
68.5499
68.5499
68.5499
68.5499
68.5499
68.5499
68.5499
68.5499
68.5499
68.5499
68.5499
68.5499
68.5499
68.5499
68.5499
68.5499
68.5499
68.5499
68.5499
68.5499
68.5499
68.5499
68.5499
68.5499
68.5499
68.5499
68.5499
68.5499
68.5499
68.5499
68.5499
68.5499
68.5499
68.5499
68.5499
68.5499
68.5499
68.5499
68.5499
68.5499
68.5499
68.5499
68.5499
68.5499
68.5499
68.5499
68.5499
68.5499
68.5499
68.5499
68.5499
68.5499
68.5499
68.5499
68.5499
68.5499
68.5499
68.5499
68.5499
68.5499
68.5499
68.5499
68.5499
68.5499
68.5499
68.5499
68.5499
68.5499
68.5499
68.5499
68.5499
68.5499
68.5499
68.5499
68.5499
68.5499
68.5499
68.5499
68.5499
68.5499
68.5499
68.5499
68.5499
68.5499
68.5499
68.5499
68.5499
68.5499
68.5499
68.5499
68.5499
68.5499
68.5499
68.5499
68.5499
68.5499
68.5499
68.5499
68.5499
68.5499
68.5499
68.5499
68.5499
68.5499
68.5499
68.5499
68.5499
68.5499
68.5499
68.5499
68.5499
68.5499
68.5499
68.5499
68.5499
68.5499
68.5499
68.5499
68.5499
68.5499
68.5499
68.5499
68.5499
68.5499
68.5499
68.5499
68.5499
68.5499
68.5499
68.5499
68.5499
68.5499
68.5499
68.5499
68.5499
68.5499
68.5499
68.5499
68.5499
68.5499
68.5499
68.5499
68.5499
68.5499
68.5499
68.5499
68.5499
68.5499
68.5499
68.5499
68.5499
68.5499
68.5499
68.5499
68.5499
68.5499
68.5499
68.5499
68.5499
68.5499
68.5499
68.5499
68.5499
68.5499
68.5499
68.5499
68.5499
68.5499
68.5499
68.5499
68.5499
68.5499
68.5499
68.5499
68.5499
68.5499
68.5499
68.5499
68.5499
68.5499
68.5499
68.5499
68.5499
68.5499
68.5499
68.5499
68.5499
68.5499
68.5499
68.5499
68.5499
68.5499
68.5499
68.5499
68.5499
68.5499
68.5499
68.5499
68.5499
68.5499
68.5499
68.5499
68.5499
68.5499
68.5499
68.5499
68.5499
68.5499
68.5499
68.5499
68.5499
68.5499
68.5499
68.5499
68.5499
68.5499
68.5499
68.5499
68.5499
68.5499
68.5499
68.5499
68.5499
68.5499
68.5499
68.5499
68.5499
68.5499
68.5499
68.5499
68.5499
68.5499
68.5499
68.5499
68.5499
68.5499
68.5499
68.5499
68.5499
68.5499
68.5499
68.5499
68.5499
68.5499
68.5499
68.5499
68.5499
68.5499
68.5499
68.5499
68.5499
68.5499
68.5499
68.5499
68.5499
68.5499
68.5499
68.5499
68.5499
68.5499
68.5499
68.5499
68.5499
68.5499
68.5499
68.5499
68.5499
68.5499
68.5499
68.5499
68.5499
68.5499
68.5499
68.5499
68.5499
68.5499
68.5499
68.5499
68.5499
68.5499
68.5499
68.5499
68.5499
68.5499
68.5499
68.5499
68.5499
68.5499
68.5499
68.5499
68.5499
68.5499
68.5499
68.5499
68.5499
68.5499
68.5499
68.5499
68.5499
68.5499
68.5499
68.5499
68.5499
68.5499
68.5499
68.5499
68.5499
68.5499
68.5499
68.5499
68.5499
68.5499
68.5499
68.5499
68.5499
68.5499
68.5499
68.5499
68.5499
68.5499
68.5499
68.5499
68.5499
68.5499
68.5499
68.5499
68.5499
68.5499
68.5499
68.5499
68.5499
68.5499
68.5499
68.5499
68.5499
68.5499
68.5499
68.5499
68.5499
68.5499
68.5499
68.5499
68.5499
68.5499
68.5499
68.5499
68.5499
68.5499
68.5499
68.5499
68.5499
68.5499
68.5499
68.5499
68.5499
68.5499
68.5499
68.5499
68.5499
68.5499
68.5499
68.5499
68.5499
68.5499
68.5499
68.5499
68.5499
68.5499
68.5499
68.5499
68.5499
68.5499
68.5499
68.5499
68.5499
68.5499
68.5499
68.5499
68.5499
68.5499
68.5499
68.5499
68.5499
68.5499
68.5499
68.5499
68.5499
68.5499
68.5499
68.5499
68.5499
68.5499
68.5499
68.5499
68.5499
68.5499
68.5499
68.5499
68.5499
68.5499
68.5499
68.5499
68.5499
68.5499
68.5499
68.5499
68.5499
68.5499
68.5499
68.5499
68.5499
68.5499
68.5499
68.5499
68.5499
68.5499
68.5499
68.5499
68.5499
68.5499
68.5499
68.5499
68.5499
68.5499
68.5499
68.5499
68.5499
68.5499
68.5499
68.5499
68.5499
68.5499
68.5499
68.5499
68.5499
68.5499
68.5499
68.5499
68.5499
68.5499
68.5499
68.5499
68.5499
68.5499
68.5499
68.5499
68.5499
68.5499
68.5499
68.5499
68.5499
68.5499
68.5499
68.5499
68.5499
68.5499
68.5499
68.5499
68.5499
68.5499
68.5499
68.5499
68.5499
68.5499
68.5499
68.5499
68.5499
68.5499
68.5499
68.5499
68.5499
68.5499
68.5499
68.5499
68.5499
68.5499
68.5499
68.5499
68.5499
68.5499
68.5499
68.5499
68.5499
68.5499
68.5499
68.5499
68.5499
68.5499
68.5499
68.5499
68.5499
68.5499
68.5499
68.5499
68.5499
68.5499
68.5499
68.5499
68.5499
68.5499
68.5499
68.5499
68.5499
68.5499
68.5499
68.5499
68.5499
68.5499
68.5499
68.5499
68.5499
68.5499
68.5499
68.5499
68.5499
68.5499
68.5499
68.5499
68.5499
68.5499
68.5499
68.5499
68.5499
68.5499
68.5499
68.5499
68.5499
68.5499
68.5499
68.5499
68.5499
68.5499
68.5499
68.5499
68.5499
68.5499
68.5499
68.5499
68.5499
68.5499
68.5499
68.5499
68.5499
68.5499
68.5499
68.5499
68.5499
68.5499
68.5499
68.5499
68.5499
68.5499
68.5499
68.5499
68.5499
68.5499
68.5499
68.5499
68.5499
68.5499
68.5499
68.5499
68.5499
68.5499
68.5499
68.5499
68.5499
68.5499
68.5499
68.5499
68.5499
68.5499
68.5499
68.5499
68.5499
68.5499
68.5499
68.5499
68.5499
68.5499
68.5499
68.5499
68.5499
68.5499
68.5499
68.5499
68.5499
68.5499
68.5499
68.5499
68.5499
68.5499
68.5499
68.5499
68.5499
68.5499
68.5499
68.5499
68.5499
68.5499
68.5499
68.5499
68.5499
68.5499
68.5499
68.5499
68.5499
68.5499
68.5499
68.5499
68.5499
68.5499
68.5499
68.5499
68.5499
68.5499
68.5499
68.5499
68.5499
68.5499
68.5499
68.5499
68.5499
68.5499
68.5499
68.5499
68.5499
68.5499
68.5499
68.5499
68.5499
68.5499
68.5499
68.5499
68.5499
68.5499
68.5499
68.5499
68.5499
68.5499
68.5499
68.5499
68.5499
68.5499
68.5499
68.5499
68.5499
68.5499
68.5499
68.5499
68.5499
68.5499
68.5499
68.5499
68.5499
68.5499
68.5499
68.5499
68.5499
68.5499
68.5499
68.5499
68.5499
68.5499
68.5499
68.5499
68.5499
68.5499
68.5499
68.5499
68.5499
68.5499
68.5499
68.5499
68.5499
68.5499
68.5499
68.5499
68.5499
68.5499
68.5499
68.5499
68.5499
68.5499
68.5499
68.5499
68.5499
68.5499
68.5499
68.5499
68.5499
68.5499
68.5499
68.5499
68.5499
68.5499
68.5499
68.5499
68.5499
68.5499
68.5499
68.5499
68.5499
68.5499
68.5499
68.5499
68.5499
68.5499
68.5499
68.5499
68.5499
68.5499
68.5499
68.5499
68.5499
68.5499
68.5499
68.5499
68.5499
68.5499
68.5499
68.5499
68.5499
68.5499
68.5499
68.5499
68.5499
68.5499
68.5499
68.5499
68.5499
68.5499
68.5499
68.5499
68.5499
68.5499
68.5499
68.5499
68.5499
68.5499
68.5499
68.5499
68.5499
68.5499
68.5499
68.5499
68.5499
68.5499
68.5499
68.5499
68.5499
68.5499
68.5499
68.5499
68.5499
68.5499
68.5499
68.5499
68.5499
68.5499
68.5499
68.5499
68.5499
68.5499
68.5499
68.5499
68.5499
68.5499
68.5499
68.5499
68.5499
68.5499
68.5499
68.5499
68.5499
68.5499
68.5499
68.5499
68.5499
68.5499
68.5499
68.5499
68.5499
68.5499
68.5499
68.5499
68.5499
68.5499
68.5499
68.5499
68.5499
68.5499
68.5499
68.5499
68.5499
68.5499
68.5499
68.5499
68.5499
68.5499
68.5499
68.5499
68.5499
68.5499
68.5499
68.5499
68.5499
68.5499
68.5499
68.5499
68.5499
68.5499
68.5499
68.5499
68.5499
68.5499
68.5499
68.5499
68.5499
68.5499
68.5499
68.5499
68.5499
68.5499
68.5499
68.5499
68.5499
68.5499
68.5499
68.5499
68.5499
68.5499
68.5499
68.5499
68.5499
68.5499
68.5499
68.5499
68.5499
68.5499
68.5499
68.5499
68.5499
68.5499
68.5499
68.5499
68.5499
68.5499
68.5499
68.5499
68.5499
68.5499
68.5499
68.5499
68.5499
68.5499
68.5499
68.5499
68.5499
68.5499
68.5499
68.5499
68.5499
68.5499
68.5499
68.5499
68.5499
68.5499
68.5499
68.5499
68.5499
68.5499
68.5499
68.5499
68.5499
68.5499
68.5499
68.5499
68.5499
68.5499
68.5499
68.5499
68.5499
68.5499
68.5499
68.5499
68.5499
68.5499
68.5499
68.5499
68.5499
68.5499
68.5499
68.5499
68.5499
68.5499
68.5499
68.5499
68.5499
68.5499
68.5499
68.5499
68.5499
68.5499
68.5499
68.5499
68.5499
68.5499
68.5499
68.5499
68.5499
68.5499
68.5499
68.5499
68.5499
68.5499
68.5499
68.5499
68.5499
68.5499
68.5499
68.5499
68.5499
68.5499
68.5499
68.5499
68.5499
68.5499
68.5499
68.5499
68.5499
68.5499
68.5499
68.5499
68.5499
68.5499
68.5499
68.5499
68.5499
68.5499
68.5499
68.5499
68.5499
68.5499
68.5499
68.5499
68.5499
68.5499
68.5499
68.5499
68.5499
68.5499
68.5499
68.5499
68.5499
68.5499
68.5499
68.5499
68.5499
68.5499
68.5499
68.5499
68.5499
68.5499
68.5499
68.5499
68.5499
68.5499
68.5499
68.5499
68.5499
68.5499
68.5499
68.5499
68.5499
68.5499
68.5499
68.5499
68.5499
68.5499
68.5499
68.5499
68.5499
68.5499
68.5499
68.5499
68.5499
68.5499
68.5499
68.5499
68.5499
68.5499
68.5499
68.5499
68.5499
68.5499
68.5499
68.5499
68.5499
68.5499
68.5499
68.5499
68.5499
68.5499
68.5499
68.5499
68.5499
68.5499
68.5499
68.5499
68.5499
68.5499
68.5499
68.5499
68.5499
68.5499
68.5499
68.5499
68.5499
68.5499
68.5499
68.5499
68.5499
68.5499
68.5499
68.5499
68.5499
68.5499
68.5499
68.5499
68.5499
68.5499
68.5499
68.5499
68.5499
68.5499
68.5499
68.5499
68.5499
68.5499
68.5499
68.5499
68.5499
68.5499
68.5499
68.5499
68.5499
68.5499
68.5499
68.5499
68.5499
68.5499
68.5499
68.5499
68.5499
68.5499
68.5499
68.5499
68.5499
68.5499
68.5499
68.5499
68.5499
68.5499
68.5499
68.5499
68.5499
68.5499
68.5499
68.5499
68.5499
68.5499
68.5499
68.5499
68.5499
68.5499
68.5499
68.5499
68.5499
68.5499
68.5499
68.5499
68.5499
68.5499
68.5499
68.5499
68.5499
68.5499
68.5499
68.5499
68.5499
68.5499
68.5499
68.5499
68.5499
68.5499
68.5499
68.5499
68.5499
68.5499
68.5499
68.5499
68.5499
68.5499
68.5499
68.5499
68.5499
68.5499
68.5499
68.5499
68.5499
68.5499
68.5499
68.5499
68.5499
68.5499
68.5499
68.5499
68.5499
68.5499
68.5499
68.5499
68.5499
68.5499
68.5499
68.5499
68.5499
68.5499
68.5499
68.5499
68.5499
68.5499
68.5499
68.5499
68.5499
68.5499
68.5499
68.5499
68.5499
68.5499
68.5499
68.5499
68.5499
68.5499
68.5499
68.5499
68.5499
68.5499
68.5499
68.5499
68.5499
68.5499
68.5499
68.5499
68.5499
68.5499
68.5499
68.5499
68.5499
68.5499
68.5499
68.5499
68.5499
68.5499
68.5499
68.5499
68.5499
68.5499
68.5499
68.5499
68.5499
68.5499
68.5499
68.5499
68.5499
68.5499
68.5499
68.5499
68.5499
68.5499
68.5499
68.5499
68.5499
68.5499
68.5499
68.5499
68.5499
68.5499
68.5499
68.5499
68.5499
68.5499
68.5499
68.5499
68.5499
68.5499
68.5499
68.5499
68.5499
68.5499
68.5499
68.5499
68.5499
68.5499
68.5499
68.5499
68.5499
68.5499
68.5499
68.5499
68.5499
68.5499
68.5499
68.5499
68.5499
68.5499
68.5499
68.5499
68.5499
68.5499
68.5499
68.5499
68.5499
68.5499
68.5499
68.5499
68.5499
68.5499
68.5499
68.5499
68.5499
68.5499
68.5499
68.5499
68.5499
68.5499
68.5499
68.5499
68.5499
68.5499
68.5499
68.5499
68.5499
68.5499
68.5499
68.5499
68.5499
68.5499
68.5499
68.5499
68.5499
68.5499
68.5499
68.5499
68.5499
68.5499
68.5499
68.5499
68.5499
68.5499
68.5499
68.5499
68.5499
68.5499
68.5499
68.5499
68.5499
68.5499
68.5499
68.5499
68.5499
68.5499
68.5499
68.5499
68.5499
68.5499
68.5499
68.5499
68.5499
68.5499
68.5499
68.5499
68.5499
68.5499
68.5499
68.5499
68.5499
68.5499
68.5499
68.5499
68.5499
68.5499
68.5499
68.5499
68.5499
68.5499
68.5499
68.5499
68.5499
68.5499
68.5499
68.5499
68.5499
68.5499
68.5499
68.5499
68.5499
68.5499
68.5499
68.5499
68.5499
68.5499
68.5499
68.5499
68.5499
68.5499
68.5499
68.5499
68.5499
68.5499
68.5499
68.5499
68.5499
68.5499
68.5499
68.5499
68.5499
68.5499
68.5499
68.5499
68.5499
68.5499
68.5499
68.5499
68.5499
68.5499
68.5499
68.5499
68.5499
68.5499
68.5499
68.5499
68.5499
68.5499
68.5499
68.5499
68.5499
68.5499
68.5499
68.5499
68.5499
68.5499
68.5499
68.5499
68.5499
68.5499
68.5499
68.5499
68.5499
68.5499
68.5499
68.5499
68.5499
68.5499
68.5499
68.5499
68.5499
68.5499
68.5499
68.5499
68.5499
68.5499
68.5499
68.5499
68.5499
68.5499
68.5499
68.5499
68.5499
68.5499
68.5499
68.5499
68.5499
68.5499
68.5499
68.5499
68.5499
68.5499
68.5499
68.5499
68.5499
68.5499
68.5499
68.5499
68.5499
68.5499
68.5499
68.5499
68.5499
68.5499
68.5499
68.5499
68.5499
68.5499
68.5499
68.5499
68.5499
68.5499
68.5499
68.5499
68.5499
68.5499
68.5499
68.5499
68.5499
68.5499
68.5499
68.5499
68.5499
68.5499
68.5499
68.5499
68.5499
68.5499
68.5499
68.5499
68.5499
68.5499
68.5499
68.5499
68.5499
68.5499
68.5499
68.5499
68.5499
68.5499
68.5499
68.5499
68.5499
68.5499
68.5499
68.5499
68.5499
68.5499
68.5499
68.5499
68.5499
68.5499
68.5499
68.5499
68.5499
68.5499
68.5499
68.5499
68.5499
68.5499
68.5499
68.5499
68.5499
68.5499
68.5499
68.5499
68.5499
68.5499
68.5499
68.5499
68.5499
68.5499
68.5499
68.5499
68.5499
68.5499
68.5499
68.5499
68.5499
68.5499
68.5499
68.5499
68.5499
68.5499
68.5499
68.5499
68.5499
68.5499
68.5499
68.5499
68.5499
68.5499
68.5499
68.5499
68.5499
68.5499
68.5499
68.5499
68.5499
68.5499
68.5499
68.5499
68.5499
68.5499
68.5499
68.5499
68.5499
68.5499
68.5499
68.5499
68.5499
68.5499
68.5499
68.5499
68.5499
68.5499
68.5499
68.5499
68.5499
68.5499
68.5499
68.5499
68.5499
68.5499
68.5499
68.5499
68.5499
68.5499
68.5499
68.5499
68.5499
68.5499
68.5499
68.5499
68.5499
68.5499
68.5499
68.5499
68.5499
68.5499
68.5499
68.5499
68.5499
68.5499
68.5499
68.5499
68.5499
68.5499
68.5499
68.5499
68.5499
68.5499
68.5499
68.5499
68.5499
68.5499
68.5499
68.5499
68.5499
68.5499
68.5499
68.5499
68.5499
68.5499
68.5499
68.5499
68.5499
68.5499
68.5499
68.5499
68.5499
68.5499
68.5499
68.5499
68.5499
68.5499
68.5499
68.5499
68.5499
68.5499
68.5499
68.5499
68.5499
68.5499
68.5499
68.5499
68.5499
68.5499
68.5499
68.5499
68.5499
68.5499
68.5499
68.5499
68.5499
68.5499
68.5499
68.5499
68.5499
68.5499
68.5499
68.5499
68.5499
68.5499
68.5499
68.5499
68.5499
68.5499
68.5499
68.5499
68.5499
68.5499
68.5499
68.5499
68.5499
68.5499
68.5499
68.5499
68.5499
68.5499
68.5499
68.5499
68.5499
68.5499
68.5499
68.5499
68.5499
68.5499
68.5499
68.5499
68.5499
68.5499
68.5499
68.5499
68.5499
68.5499
68.5499
68.5499
68.5499
68.5499
68.5499
68.5499
68.5499
68.5499
68.5499
68.5499
68.5499
68.5499
68.5499
68.5499
68.5499
68.5499
68.5499
68.5499
68.5499
68.5499
68.5499
68.5499
68.5499
68.5499
68.5499
68.5499
68.5499
68.5499
68.5499
68.5499
68.5499
68.5499
68.5499
68.5499
68.5499
68.5499
68.5499
68.5499
68.5499
68.5499
68.5499
68.5499
68.5499
68.5499
68.5499
68.5499
68.5499
68.5499
68.5499
68.5499
68.5499
68.5499
68.5499
68.5499
68.5499
68.5499
68.5499
68.5499
68.5499
68.5499
68.5499
68.5499
68.5499
68.5499
68.5499
68.5499
68.5499
68.5499
68.5499
68.5499
68.5499
68.5499
68.5499
68.5499
68.5499
68.5499
68.5499
68.5499
68.5499
68.5499
68.5499
68.5499
68.5499
68.5499
68.5499
68.5499
68.5499
68.5499
68.5499
68.5499
68.5499
68.5499
68.5499
68.5499
68.5499
68.5499
68.5499
68.5499
68.5499
68.5499
68.5499
68.5499
68.5499
68.5499
68.5499
68.5499
68.5499
68.5499
68.5499
68.5499
68.5499
68.5499
68.5499
68.5499
68.5499
68.5499
68.5499
68.5499
68.5499
68.5499
68.5499
68.5499
68.5499
68.5499
68.5499
68.5499
68.5499
68.5499
68.5499
68.5499
68.5499
68.5499
68.5499
68.5499
68.5499
68.5499
68.5499
68.5499
68.5499
68.5499
68.5499
68.5499
68.5499
68.5499
68.5499
68.5499
68.5499
68.5499
68.5499
68.5499
68.5499
68.5499
68.5499
68.5499
68.5499
68.5499
68.5499
68.5499
68.5499
68.5499
68.5499
68.5499
68.5499
68.5499
68.5499
68.5499
68.5499
68.5499
68.5499
68.5499
68.5499
68.5499
68.5499
68.5499
68.5499
68.5499
68.5499
68.5499
68.5499
68.5499
68.5499
68.5499
68.5499
68.5499
68.5499
68.5499
68.5499
68.5499
68.5499
68.5499
68.5499
68.5499
68.5499
68.5499
68.5499
68.5499
68.5499
68.5499
68.5499
68.5499
68.5499
68.5499
68.5499
68.5499
68.5499
68.5499
68.5499
68.5499
68.5499
68.5499
68.5499
68.5499
68.5499
68.5499
68.5499
68.5499
68.5499
68.5499
68.5499
68.5499
68.5499
68.5499
68.5499
68.5499
68.5499
68.5499
68.5499
68.5499
68.5499
68.5499
68.5499
68.5499
68.5499
68.5499
68.5499
68.5499
68.5499
68.5499
68.5499
68.5499
68.5499
68.5499
68.5499
68.5499
68.5499
68.5499
68.5499
68.5499
68.5499
68.5499
68.5499
68.5499
68.5499
68.5499
68.5499
68.5499
68.5499
68.5499
68.5499
68.5499
68.5499
68.5499
68.5499
68.5499
68.5499
68.5499
68.5499
68.5499
68.5499
68.5499
68.5499
68.5499
68.5499
68.5499
68.5499
68.5499
68.5499
68.5499
68.5499
68.5499
68.5499
68.5499
68.5499
68.5499
68.5499
68.5499
68.5499
68.5499
68.5499
68.5499
68.5499
68.5499
68.5499
68.5499
68.5499
68.5499
68.5499
68.5499
68.5499
68.5499
68.5499
68.5499
68.5499
68.5499
68.5499
68.5499
68.5499
68.5499
68.5499
68.5499
68.5499
68.5499
68.5499
68.5499
68.5499
68.5499
68.5499
68.5499
68.5499
68.5499
68.5499
68.5499
68.5499
68.5499
68.5499
68.5499
68.5499
68.5499
68.5499
68.5499
68.5499
68.5499
68.5499
68.5499
68.5499
68.5499
68.5499
68.5499
68.5499
68.5499
68.5499
68.5499
68.5499
68.5499
68.5499
68.5499
68.5499
68.5499
68.5499
68.5499
68.5499
68.5499
68.5499
68.5499
68.5499
68.5499
68.5499
68.5499
68.5499
68.5499
68.5499
68.5499
68.5499
68.5499
68.5499
68.5499
68.5499
68.5499
68.5499
68.5499
68.5499
68.5499
68.5499
68.5499
68.5499
68.5499
68.5499
68.5499
68.5499
68.5499
68.5499
68.5499
68.5499
68.5499
68.5499
68.5499
68.5499
68.5499
68.5499
68.5499
68.5499
68.5499
68.5499
68.5499
68.5499
68.5499
68.5499
68.5499
68.5499
68.5499
68.5499
68.5499
68.5499
68.5499
68.5499
68.5499
68.5499
68.5499
68.5499
68.5499
68.5499
68.5499
68.5499
68.5499
68.5499
68.5499
68.5499
68.5499
68.5499
68.5499
68.5499
68.5499
68.5499
68.5499
68.5499
68.5499
68.5499
68.5499
68.5499
68.5499
68.5499
68.5499
68.5499
68.5499
68.5499
68.5499
68.5499
68.5499
68.5499
68.5499
68.5499
68.5499
68.5499
68.5499
68.5499
68.5499
68.5499
68.5499
68.5499
68.5499
68.5499
68.5499
68.5499
68.5499
68.5499
68.5499
68.5499
68.5499
68.5499
68.5499
68.5499
68.5499
68.5499
68.5499
68.5499
68.5499
68.5499
68.5499
68.5499
68.5499
68.5499
68.5499
68.5499
68.5499
68.5499
68.5499
68.5499
68.5499
68.5499
68.5499
68.5499
68.5499
68.5499
68.5499
68.5499
68.5499
68.5499
68.5499
68.5499
68.5499
68.5499
68.5499
68.5499
68.5499
68.5499
68.5499
68.5499
68.5499
68.5499
68.5499
68.5499
68.5499
68.5499
68.5499
68.5499
68.5499
68.5499
68.5499
68.5499
68.5499
68.5499
68.5499
68.5499
68.5499
68.5499
68.5499
68.5499
68.5499
68.5499
68.5499
68.5499
68.5499
68.5499
68.5499
68.5499
68.5499
68.5499
68.5499
68.5499
68.5499
68.5499
68.5499
68.5499
68.5499
68.5499
68.5499
68.5499
68.5499
68.5499
68.5499
68.5499
68.5499
68.5499
68.5499
68.5499
68.5499
68.5499
68.5499
68.5499
68.5499
68.5499
68.5499
68.5499
68.5499
68.5499
68.5499
68.5499
68.5499
68.5499
68.5499
68.5499
68.5499
68.5499
68.5499
68.5499
68.5499
68.5499
68.5499
68.5499
68.5499
68.5499
68.5499
68.5499
68.5499
68.5499
68.5499
68.5499
68.5499
68.5499
68.5499
68.5499
68.5499
68.5499
68.5499
68.5499
68.5499
68.5499
68.5499
68.5499
68.5499
68.5499
68.5499
68.5499
68.5499
68.5499
68.5499
68.5499
68.5499
68.5499
68.5499
68.5499
68.5499
68.5499
68.5499
68.5499
68.5499
68.5499
68.5499
68.5499
68.5499
68.5499
68.5499
68.5499
68.5499
68.5499
68.5499
68.5499
68.5499
68.5499
68.5499
68.5499
68.5499
68.5499
68.5499
68.5499
68.5499
68.5499
68.5499
68.5499
68.5499
68.5499
68.5499
68.5499
68.5499
68.5499
68.5499
68.5499
68.5499
68.5499
68.5499
68.5499
68.5499
68.5499
68.5499
68.5499
68.5499
68.5499
68.5499
68.5499
68.5499
68.5499
68.5499
68.5499
68.5499
68.5499
68.5499
68.5499
68.5499
68.5499
68.5499
68.5499
68.5499
68.5499
68.5499
68.5499
68.5499
68.5499
68.5499
68.5499
68.5499
68.5499
68.5499
68.5499
68.5499
68.5499
68.5499
68.5499
68.5499
68.5499
68.5499
68.5499
68.5499
68.5499
68.5499
68.5499
68.5499
68.5499
68.5499
68.5499
68.5499
68.5499
68.5499
68.5499
68.5499
68.5499
68.5499
68.5499
68.5499
68.5499
68.5499
68.5499
68.5499
68.5499
68.5499
68.5499
68.5499
68.5499
68.5499
68.5499
68.5499
68.5499
68.5499
68.5499
68.5499
68.5499
68.5499
68.5499
68.5499
68.5499
68.5499
68.5499
68.5499
68.5499
68.5499
68.5499
68.5499
68.5499
68.5499
68.5499
68.5499
68.5499
68.5499
68.5499
68.5499
68.5499
68.5499
68.5499
68.5499
68.5499
68.5499
68.5499
68.5499
68.5499
68.5499
68.5499
68.5499
68.5499
68.5499
68.5499
68.5499
68.5499
68.5499
68.5499
68.5499
68.5499
68.5499
68.5499
68.5499
68.5499
68.5499
68.5499
68.5499
68.5499
68.5499
68.5499
68.5499
68.5499
68.5499
68.5499
68.5499
68.5499
68.5499
68.5499
68.5499
68.5499
68.5499
68.5499
68.5499
68.5499
68.5499
68.5499
68.5499
68.5499
68.5499
68.5499
68.5499
68.5499
68.5499
68.5499
68.5499
68.5499
68.5499
68.5499
68.5499
68.5499
68.5499
68.5499
68.5499
68.5499
68.5499
68.5499
68.5499
68.5499
68.5499
68.5499
68.5499
68.5499
68.5499
68.5499
68.5499
68.5499
68.5499
68.5499
68.5499
68.5499
68.5499
68.5499
68.5499
68.5499
68.5499
68.5499
68.5499
68.5499
68.5499
68.5499
68.5499
68.5499
68.5499
68.5499
68.5499
68.5499
68.5499
68.5499
68.5499
68.5499
68.5499
68.5499
68.5499
68.5499
68.5499
68.5499
68.5499
68.5499
68.5499
68.5499
68.5499
68.5499
68.5499
68.5499
68.5499
68.5499
68.5499
68.5499
68.5499
68.5499
68.5499
68.5499
68.5499
68.5499
68.5499
68.5499
68.5499
68.5499
68.5499
68.5499
68.5499
68.5499
68.5499
68.5499
68.5499
68.5499
68.5499
68.5499
68.5499
68.5499
68.5499
68.5499
68.5499
68.5499
68.5499
68.5499
68.5499
68.5499
68.5499
68.5499
68.5499
68.5499
68.5499
68.5499
68.5499
68.5499
68.5499
68.5499
68.5499
68.5499
68.5499
68.5499
68.5499
68.5499
68.5499
68.5499
68.5499
68.5499
68.5499
68.5499
68.5499
68.5499
68.5499
68.5499
68.5499
68.5499
68.5499
68.5499
68.5499
68.5499
68.5499
68.5499
68.5499
68.5499
68.5499
68.5499
68.5499
68.5499
68.5499
68.5499
68.5499
68.5499
68.5499
68.5499
68.5499
68.5499
68.5499
68.5499
68.5499
68.5499
68.5499
68.5499
68.5499
68.5499
68.5499
68.5499
68.5499
68.5499
68.5499
68.5499
68.5499
68.5499
68.5499
68.5499
68.5499
68.5499
68.5499
68.5499
68.5499
68.5499
68.5499
68.5499
68.5499
68.5499
68.5499
68.5499
68.5499
68.5499
68.5499
68.5499
68.5499
68.5499
68.5499
68.5499
68.5499
68.5499
68.5499
68.5499
68.5499
68.5499
68.5499
68.5499
68.5499
68.5499
68.5499
68.5499
68.5499
68.5499
68.5499
68.5499
68.5499
68.5499
68.5499
68.5499
68.5499
68.5499
68.5499
68.5499
68.5499
68.5499
68.5499
68.5499
68.5499
68.5499
68.5499
68.5499
68.5499
68.5499
68.5499
68.5499
68.5499
68.5499
68.5499
68.5499
68.5499
68.5499
68.5499
68.5499
68.5499
68.5499
68.5499
68.5499
68.5499
68.5499
68.5499
68.5499
68.5499
68.5499
68.5499
68.5499
68.5499
68.5499
68.5499
68.5499
68.5499
68.5499
68.5499
68.5499
68.5499
68.5499
68.5499
68.5499
68.5499
68.5499
68.5499
68.5499
68.5499
68.5499
68.5499
68.5499
68.5499
68.5499
68.5499
68.5499
68.5499
68.5499
68.5499
68.5499
68.5499
68.5499
68.5499
68.5499
68.5499
68.5499
68.5499
68.5499
68.5499
68.5499
68.5499
68.5499
68.5499
68.5499
68.5499
68.5499
68.5499
68.5499
68.5499
68.5499
68.5499
68.5499
68.5499
68.5499
68.5499
68.5499
68.5499
68.5499
68.5499
68.5499
68.5499
68.5499
68.5499
68.5499
68.5499
68.5499
68.5499
68.5499
68.5499
68.5499
68.5499
68.5499
68.5499
68.5499
68.5499
68.5499
68.5499
68.5499
68.5499
68.5499
68.5499
68.5499
68.5499
68.5499
68.5499
68.5499
68.5499
68.5499
68.5499
68.5499
68.5499
68.5499
68.5499
68.5499
68.5499
68.5499
68.5499
68.5499
68.5499
68.5499
68.5499
68.5499
68.5499
68.5499
68.5499
68.5499
68.5499
68.5499
68.5499
68.5499
68.5499
68.5499
68.5499
68.5499
68.5499
68.5499
68.5499
68.5499
68.5499
68.5499
68.5499
68.5499
68.5499
68.5499
68.5499
68.5499
68.5499
68.5499
68.5499
68.5499
68.5499
68.5499
68.5499
68.5499
68.5499
68.5499
68.5499
68.5499
68.5499
68.5499
68.5499
68.5499
68.5499
68.5499
68.5499
68.5499
68.5499
68.5499
68.5499
68.5499
68.5499
68.5499
68.5499
68.5499
68.5499
68.5499
68.5499
68.5499
68.5499
68.5499
68.5499
68.5499
68.5499
68.5499
68.5499
68.5499
68.5499
68.5499
68.5499
68.5499
68.5499
68.5499
68.5499
68.5499
68.5499
68.5499
68.5499
68.5499
68.5499
68.5499
68.5499
68.5499
68.5499
68.5499
68.5499
68.5499
68.5499
68.5499
68.5499
68.5499
68.5499
68.5499
68.5499
68.5499
68.5499
68.5499
68.5499
68.5499
68.5499
68.5499
68.5499
68.5499
68.5499
68.5499
68.5499
68.5499
68.5499
68.5499
68.5499
68.5499
68.5499
68.5499
68.5499
68.5499
68.5499
68.5499
68.5499
68.5499
68.5499
68.5499
68.5499
68.5499
68.5499
68.5499
68.5499
68.5499
68.5499
68.5499
68.5499
68.5499
68.5499
68.5499
68.5499
68.5499
68.5499
68.5499
68.5499
68.5499
68.5499
68.5499
68.5499
68.5499
68.5499
68.5499
68.5499
68.5499
68.5499
68.5499
68.5499
68.5499
68.5499
68.5499
68.5499
68.5499
68.5499
68.5499
68.5499
68.5499
68.5499
68.5499
68.5499
68.5499
68.5499
68.5499
68.5499
68.5499
68.5499
68.5499
68.5499
68.5499
68.5499
68.5499
68.5499
68.5499
68.5499
68.5499
68.5499
68.5499
68.5499
68.5499
68.5499
68.5499
68.5499
68.5499
68.5499
68.5499
68.5499
68.5499
68.5499
68.5499
68.5499
68.5499
68.5499
68.5499
68.5499
68.5499
68.5499
68.5499
68.5499
68.5499
68.5499
68.5499
68.5499
68.5499
68.5499
68.5499
68.5499
68.5499
68.5499
68.5499
68.5499
68.5499
68.5499
68.5499
68.5499
68.5499
68.5499
68.5499
68.5499
68.5499
68.5499
68.5499
68.5499
68.5499
68.5499
68.5499
68.5499
68.5499
68.5499
68.5499
68.5499
68.5499
68.5499
68.5499
68.5499
68.5499
68.5499
68.5499
68.5499
68.5499
68.5499
68.5499
68.5499
68.5499
68.5499
68.5499
68.5499
68.5499
68.5499
68.5499
68.5499
68.5499
68.5499
68.5499
68.5499
68.5499
68.5499
68.5499
68.5499
68.5499
68.5499
68.5499
68.5499
68.5499
68.5499
68.5499
68.5499
68.5499
68.5499
68.5499
68.5499
68.5499
68.5499
68.5499
68.5499
68.5499
68.5499
68.5499
68.5499
68.5499
68.5499
68.5499
68.5499
68.5499
68.5499
68.5499
68.5499
68.5499
68.5499
68.5499
68.5499
68.5499
68.5499
68.5499
68.5499
68.5499
68.5499
68.5499
68.5499
68.5499
68.5499
68.5499
68.5499
68.5499
68.5499
68.5499
68.5499
68.5499
68.5499
68.5499
68.5499
68.5499
68.5499
68.5499
68.5499
68.5499
68.5499
68.5499
68.5499
68.5499
68.5499
68.5499
68.5499
68.5499
68.5499
68.5499
68.5499
68.5499
68.5499
68.5499
68.5499
68.5499
68.5499
68.5499
68.5499
68.5499
68.5499
68.5499
68.5499
68.5499
68.5499
68.5499
68.5499
68.5499
68.5499
68.5499
68.5499
68.5499
68.5499
68.5499
68.5499
68.5499
68.5499
68.5499
68.5499
68.5499
68.5499
68.5499
68.5499
68.5499
68.5499
68.5499
68.5499
68.5499
68.5499
68.5499
68.5499
68.5499
68.5499
68.5499
68.5499
68.5499
68.5499
68.5499
68.5499
68.5499
68.5499
68.5499
68.5499
68.5499
68.5499
68.5499
68.5499
68.5499
68.5499
68.5499
68.5499
68.5499
68.5499
68.5499
68.5499
68.5499
68.5499
68.5499
68.5499
68.5499
68.5499
68.5499
68.5499
68.5499
68.5499
68.5499
68.5499
68.5499
68.5499
68.5499
68.5499
68.5499
68.5499
68.5499
68.5499
68.5499
68.5499
68.5499
68.5499
68.5499
68.5499
68.5499
68.5499
68.5499
68.5499
68.5499
68.5499
68.5499
68.5499
68.5499
68.5499
68.5499
68.5499
68.5499
68.5499
68.5499
68.5499
68.5499
68.5499
68.5499
68.5499
68.5499
68.5499
68.5499
68.5499
68.5499
68.5499
68.5499
68.5499
68.5499
68.5499
68.5499
68.5499
68.5499
68.5499
68.5499
68.5499
68.5499
68.5499
68.5499
68.5499
68.5499
68.5499
68.5499
68.5499
68.5499
68.5499
68.5499
68.5499
68.5499
68.5499
68.5499
68.5499
68.5499
68.5499
68.5499
68.5499
68.5499
68.5499
68.5499
68.5499
68.5499
68.5499
68.5499
68.5499
68.5499
68.5499
68.5499
68.5499
68.5499
68.5499
68.5499
68.5499
68.5499
68.5499
68.5499
68.5499
68.5499
68.5499
68.5499
68.5499
68.5499
68.5499
68.5499
68.5499
68.5499
68.5499
68.5499
68.5499
68.5499
68.5499
68.5499
68.5499
68.5499
68.5499
68.5499
68.5499
68.5499
68.5499
68.5499
68.5499
68.5499
68.5499
68.5499
68.5499
68.5499
68.5499
68.5499
68.5499
68.5499
68.5499
68.5499
68.5499
68.5499
68.5499
68.5499
68.5499
68.5499
68.5499
68.5499
68.5499
68.5499
68.5499
68.5499
68.5499
68.5499
68.5499
68.5499
68.5499
68.5499
68.5499
68.5499
68.5499
68.5499
68.5499
68.5499
68.5499
68.5499
68.5499
68.5499
68.5499
68.5499
68.5499
68.5499
68.5499
68.5499
68.5499
68.5499
68.5499
68.5499
68.5499
68.5499
68.5499
68.5499
68.5499
68.5499
68.5499
68.5499
68.5499
68.5499
68.5499
68.5499
68.5499
68.5499
68.5499
68.5499
68.5499
68.5499
68.5499
68.5499
68.5499
68.5499
68.5499
68.5499
68.5499
68.5499
68.5499
68.5499
68.5499
68.5499
68.5499
68.5499
68.5499
68.5499
68.5499
68.5499
68.5499
68.5499
68.5499
68.5499
68.5499
68.5499
68.5499
68.5499
68.5499
68.5499
68.5499
68.5499
68.5499
68.5499
68.5499
68.5499
68.5499
68.5499
68.5499
68.5499
68.5499
68.5499
68.5499
68.5499
68.5499
68.5499
68.5499
68.5499
68.5499
68.5499
68.5499
68.5499
68.5499
68.5499
68.5499
68.5499
68.5499
68.5499
68.5499
68.5499
68.5499
68.5499
68.5499
68.5499
68.5499
68.5499
68.5499
68.5499
68.5499
68.5499
68.5499
68.5499
68.5499
68.5499
68.5499
68.5499
68.5499
68.5499
68.5499
68.5499
68.5499
68.5499
68.5499
68.5499
68.5499
68.5499
68.5499
68.5499
68.5499
68.5499
68.5499
68.5499
68.5499
68.5499
68.5499
68.5499
68.5499
68.5499
68.5499
68.5499
68.5499
68.5499
68.5499
68.5499
68.5499
68.5499
68.5499
68.5499
68.5499
68.5499
68.5499
68.5499
68.5499
68.5499
68.5499
68.5499
68.5499
68.5499
68.5499
68.5499
68.5499
68.5499
68.5499
68.5499
68.5499
68.5499
68.5499
68.5499
68.5499
68.5499
68.5499
68.5499
68.5499
68.5499
68.5499
68.5499
68.5499
68.5499
68.5499
68.5499
68.5499
68.5499
68.5499
68.5499
68.5499
68.5499
68.5499
68.5499
68.5499
68.5499
68.5499
68.5499
68.5499
68.5499
68.5499
68.5499
68.5499
68.5499
68.5499
68.5499
68.5499
68.5499
68.5499
68.5499
68.5499
68.5499
68.5499
68.5499
68.5499
68.5499
68.5499
68.5499
68.5499
68.5499
68.5499
68.5499
68.5499
68.5499
68.5499
68.5499
68.5499
68.5499
68.5499
68.5499
68.5499
68.5499
68.5499
68.5499
68.5499
68.5499
68.5499
68.5499
68.5499
68.5499
68.5499
68.5499
68.5499
68.5499
68.5499
68.5499
68.5499
68.5499
68.5499
68.5499
68.5499
68.5499
68.5499
68.5499
68.5499
68.5499
68.5499
68.5499
68.5499
68.5499
68.5499
68.5499
68.5499
68.5499
68.5499
68.5499
68.5499
68.5499
68.5499
68.5499
68.5499
68.5499
68.5499
68.5499
68.5499
68.5499
68.5499
68.5499
68.5499
68.5499
68.5499
68.5499
68.5499
68.5499
68.5499
68.5499
68.5499
68.5499
68.5499
68.5499
68.5499
68.5499
68.5499
68.5499
68.5499
68.5499
68.5499
68.5499
68.5499
68.5499
68.5499
68.5499
68.5499
68.5499
68.5499
68.5499
68.5499
68.5499
68.5499
68.5499
68.5499
68.5499
68.5499
68.5499
68.5499
68.5499
68.5499
68.5499
68.5499
68.5499
68.5499
68.5499
68.5499
68.5499
68.5499
68.5499
68.5499
68.5499
68.5499
68.5499
68.5499
68.5499
68.5499
68.5499
68.5499
68.5499
68.5499
68.5499
68.5499
68.5499
68.5499
68.5499
68.5499
68.5499
68.5499
68.5499
68.5499
68.5499
68.5499
68.5499
68.5499
68.5499
68.5499
68.5499
68.5499
68.5499
68.5499
68.5499
68.5499
68.5499
68.5499
68.5499
68.5499
68.5499
68.5499
68.5499
68.5499
68.5499
68.5499
68.5499
68.5499
68.5499
68.5499
68.5499
68.5499
68.5499
68.5499
68.5499
68.5499
68.5499
68.5499
68.5499
68.5499
68.5499
68.5499
68.5499
68.5499
68.5499
68.5499
68.5499
68.5499
68.5499
68.5499
68.5499
68.5499
68.5499
68.5499
68.5499
68.5499
68.5499
68.5499
68.5499
68.5499
68.5499
68.5499
68.5499
68.5499
68.5499
68.5499
68.5499
68.5499
68.5499
68.5499
68.5499
68.5499
68.5499
68.5499
68.5499
68.5499
68.5499
68.5499
68.5499
68.5499
68.5499
68.5499
68.5499
68.5499
68.5499
68.5499
68.5499
68.5499
68.5499
68.5499
68.5499
68.5499
68.5499
68.5499
68.5499
68.5499
68.5499
68.5499
68.5499
68.5499
68.5499
68.5499
68.5499
68.5499
68.5499
68.5499
68.5499
68.5499
68.5499
68.5499
68.5499
68.5499
68.5499
68.5499
68.5499
68.5499
68.5499
68.5499
68.5499
68.5499
68.5499
68.5499
68.5499
68.5499
68.5499
68.5499
68.5499
68.5499
68.5499
68.5499
68.5499
68.5499
68.5499
68.5499
68.5499
68.5499
68.5499
68.5499
68.5499
68.5499
68.5499
68.5499
68.5499
68.5499
68.5499
68.5499
68.5499
68.5499
68.5499
68.5499
68.5499
68.5499
68.5499
68.5499
68.5499
68.5499
68.5499
68.5499
68.5499
68.5499
68.5499
68.5499
68.5499
68.5499
68.5499
68.5499
68.5499
68.5499
68.5499
68.5499
68.5499
68.5499
68.5499
68.5499
68.5499
68.5499
68.5499
68.5499
68.5499
68.5499
68.5499
68.5499
68.5499
68.5499
68.5499
68.5499
68.5499
68.5499
68.5499
68.5499
68.5499
68.5499
68.5499
68.5499
68.5499
68.5499
68.5499
68.5499
68.5499
68.5499
68.5499
68.5499
68.5499
68.5499
68.5499
68.5499
68.5499
68.5499
68.5499
68.5499
68.5499
68.5499
68.5499
68.5499
68.5499
68.5499
68.5499
68.5499
68.5499
68.5499
68.5499
68.5499
68.5499
68.3596
68.3596
68.3596
68.3596
68.3596
68.3596
68.3596
68.3596
68.3596
68.3596
68.3596
68.3596
68.3596
68.3596
68.3596
68.3596
68.3596
68.3596
68.3596
68.3596
68.3596
68.3596
68.3596
68.3596
68.3596
68.3596
68.3596
68.3596
68.3596
68.3596
68.3596
68.3596
68.3596
68.3596
68.3596
68.3596
68.3596
68.3596
68.3596
68.3596
68.3596
68.3596
68.3596
68.3596
68.3596
68.3596
68.3596
68.3596
68.3596
68.3596
68.3596
68.3596
68.3596
68.3596
68.3596
68.3596
68.3596
68.3596
68.3596
68.3596
68.3596
68.3596
68.3596
68.3596
68.3596
68.3596
68.3596
68.3596
68.3596
68.3596
68.3596
68.3596
68.3596
68.3596
68.3596
68.3596
68.3596
68.3596
68.3596
68.3596
68.3596
68.3596
68.3596
68.3596
68.3596
68.3596
68.3596
68.3596
68.3596
68.3596
68.3596
68.3596
68.3596
68.3596
68.3596
68.3596
68.3596
68.3596
68.3596
68.3596
68.3596
68.3596
68.3596
68.3596
68.3596
68.3596
68.3596
68.3596
68.3596
68.3596
68.3596
68.3596
68.3596
68.3596
68.3596
68.3596
68.3596
68.3596
68.3596
68.3596
68.3596
68.3596
68.3596
68.3596
68.3596
68.3596
68.3596
68.3596
68.3596
68.3596
68.3596
68.3596
68.3596
68.3596
68.3596
68.3596
68.3596
68.3596
68.3596
68.3596
68.3596
68.3596
68.3596
68.3596
68.3596
68.3596
68.3596
68.3596
68.3596
68.3596
68.3596
68.3596
68.3596
68.3596
68.3596
68.3596
68.3596
68.3596
68.3596
68.3596
68.3596
68.3596
68.3596
68.3596
68.3596
68.3596
68.3596
68.3596
68.3596
68.3596
68.3596
68.3596
68.3596
68.3596
68.3596
68.3596
68.3596
68.3596
68.3596
68.3596
68.3596
68.3596
68.3596
68.3596
68.3596
68.3596
68.3596
68.3596
68.3596
68.3596
68.3596
68.3596
68.3596
68.3596
68.3596
68.3596
68.3596
68.3596
68.3596
68.3596
68.3596
68.3596
68.3596
68.3596
68.3596
68.3596
68.3596
68.3596
68.3596
68.3596
68.3596
68.3596
68.3596
68.3596
68.3596
68.3596
68.3596
68.3596
68.3596
68.3596
68.3596
68.3596
68.3596
68.3596
68.3596
68.3596
68.3596
68.3596
68.3596
68.3596
68.3596
68.3596
68.3596
68.3596
68.3596
68.3596
68.3596
68.3596
68.3596
68.3596
68.3596
68.3596
68.3596
68.3596
68.3596
68.3596
68.3596
68.3596
68.3596
68.3596
68.3596
68.3596
68.3596
68.3596
68.3596
68.3596
68.3596
68.3596
68.3596
68.3596
68.3596
68.3596
68.3596
68.3596
68.3596
68.3596
68.3596
68.3596
68.3596
68.3596
68.3596
68.3596
68.3596
68.3596
68.3596
68.3596
68.3596
68.3596
68.3596
68.3596
68.3596
68.3596
68.3596
68.3596
68.3596
68.3596
68.3596
68.3596
68.3596
68.3596
68.3596
68.3596
68.3596
68.3596
68.3596
68.3596
68.3596
68.3596
68.3596
68.3596
68.3596
68.3596
68.3596
68.3596
68.3596
68.3596
68.3596
68.3596
68.3596
68.3596
68.3596
68.3596
68.3596
68.3596
68.3596
68.3596
68.3596
68.3596
68.3596
68.3596
68.3596
68.3596
68.3596
68.3596
68.3596
68.3596
68.3596
68.3596
68.3596
68.3596
68.3596
68.3596
68.3596
68.3596
68.3596
68.3596
68.3596
68.3596
68.3596
68.3596
68.3596
68.3596
68.3596
68.3596
68.3596
68.3596
68.3596
68.3596
68.3596
68.3596
68.3596
68.3596
68.3596
68.3596
68.3596
68.3596
68.3596
68.3596
68.3596
68.3596
68.3596
68.3596
68.3596
68.3596
68.3596
68.3596
68.3596
68.3596
68.3596
68.3596
68.3596
68.3596
68.3596
68.3596
68.3596
68.3596
68.3596
68.3596
68.3596
68.3596
68.3596
68.3596
68.3596
68.3596
68.3596
68.3596
68.3596
68.3596
68.3596
68.3596
68.3596
68.3596
68.3596
68.3596
68.3596
68.3596
68.3596
68.3596
68.3596
68.3596
68.3596
68.3596
68.3596
68.3596
68.3596
68.3596
68.3596
68.3596
68.3596
68.3596
68.3596
68.3596
68.3596
68.3596
68.3596
68.3596
68.3596
68.3596
68.3596
68.3596
68.3596
68.3596
68.3596
68.3596
68.3596
68.3596
68.3596
68.3596
68.3596
68.3596
68.3596
68.3596
68.3596
68.3596
68.3596
68.3596
68.3596
68.3596
68.3596
68.3596
68.3596
68.3596
68.3596
68.3596
68.3596
68.3596
68.3596
68.3596
68.3596
68.3596
68.3596
68.3596
68.3596
68.3596
68.3596
68.3596
68.3596
68.3596
68.3596
68.3596
68.3596
68.3596
68.3596
68.3596
68.3596
68.3596
68.3596
68.3596
68.3596
68.3596
68.3596
68.3596
68.3596
68.3596
68.3596
68.3596
68.3596
68.3596
68.3596
68.3596
68.3596
68.3596
68.3596
68.3596
68.3596
68.3596
68.3596
68.3596
68.3596
68.3596
68.3596
68.3596
68.3596
68.3596
68.3596
68.3596
68.3596
68.3596
68.3596
68.3596
68.3596
68.3596
68.3596
68.3596
68.3596
68.3596
68.3596
68.3596
68.3596
68.3596
68.3596
68.3596
68.3596
68.3596
68.3596
68.3596
68.3596
68.3596
68.3596
68.3596
68.3596
68.3596
68.3596
68.3596
68.3596
68.3596
68.3596
68.3596
68.3596
68.3596
68.3596
68.3596
68.3596
68.3596
68.3596
68.3596
68.3596
68.3596
68.3596
68.3596
68.3596
68.3596
68.3596
68.3596
68.3596
68.3596
68.3596
68.3596
68.3596
68.3596
68.3596
68.3596
68.3596
68.3596
68.3596
68.3596
68.3596
68.3596
68.3596
68.3596
68.3596
68.3596
68.3596
68.3596
68.3596
68.3596
68.3596
68.3596
68.3596
68.3596
68.3596
68.3596
68.3596
68.3596
68.3596
68.3596
68.3596
68.3596
68.3596
68.3596
68.3596
68.3596
68.3596
68.3596
68.3596
68.3596
68.3596
68.3596
68.3596
68.3596
68.3596
68.3596
68.3596
68.3596
68.3596
68.3596
68.3596
68.3596
68.3596
68.3596
68.3596
68.3596
68.3596
68.3596
68.3596
68.3596
68.3596
68.3596
68.3596
68.3596
68.3596
68.3596
68.3596
68.3596
68.3596
68.3596
68.3596
68.3596
68.3596
68.3596
68.3596
68.3596
68.3596
68.3596
68.3596
68.3596
68.3596
68.3596
68.3596
68.3596
68.3596
68.3596
68.3596
68.3596
68.3596
68.3596
68.3596
68.3596
68.3596
68.3596
68.3596
68.3596
68.3596
68.3596
68.3596
68.3596
68.3596
68.3596
68.3596
68.3596
68.3596
68.3596
68.3596
68.3596
68.3596
68.3596
68.3596
68.3596
68.3596
68.3596
68.3596
68.3596
68.3596
68.3596
68.3596
68.3596
68.3596
68.3596
68.3596
68.3596
68.3596
68.3596
68.3596
68.3596
68.3596
68.3596
68.3596
68.3596
68.3596
68.3596
68.3596
68.3596
68.3596
68.3596
68.3596
68.3596
68.3596
68.3596
68.3596
68.3596
68.3596
68.3596
68.3596
68.3596
68.3596
68.3596
68.3596
68.3596
68.3596
68.3596
68.3596
68.3596
68.3596
68.3596
68.3596
68.3596
68.3596
68.3596
68.3596
68.3596
68.3596
68.3596
68.3596
68.3596
68.3596
68.3596
68.3596
68.3596
68.3596
68.3596
68.3596
68.3596
68.3596
68.3596
68.3596
68.3596
68.3596
68.3596
68.3596
68.3596
68.3596
68.3596
68.3596
68.3596
68.3596
68.3596
68.3596
68.3596
68.3596
68.3596
68.3596
68.3596
68.3596
68.3596
68.3596
68.3596
68.3596
68.3596
68.3596
68.3596
68.3596
68.3596
68.3596
68.3596
68.3596
68.3596
68.3596
68.3596
68.3596
68.3596
68.3596
68.3596
68.3596
68.3596
68.3596
68.3596
68.3596
68.3596
68.3596
68.3596
68.3596
68.3596
68.3596
68.3596
68.3596
68.3596
68.3596
68.3596
68.3596
68.3596
68.3596
68.3596
68.3596
68.3596
68.3596
68.3596
68.3596
68.3596
68.3596
68.3596
68.3596
68.3596
68.3596
68.3596
68.3596
68.3596
68.3596
68.3596
68.3596
68.3596
68.3596
68.3596
68.3596
68.3596
68.3596
68.3596
68.3596
68.3596
68.3596
68.3596
68.3596
68.3596
68.3596
68.3596
68.3596
68.3596
68.3596
68.3596
68.3596
68.3596
68.3596
68.3596
68.3596
68.3596
68.3596
68.3596
68.3596
68.3596
68.3596
68.3596
68.3596
68.3596
68.3596
68.3596
68.3596
68.3596
68.3596
68.3596
68.3596
68.3596
68.3596
68.3596
68.3596
68.3596
68.3596
68.3596
68.3596
68.3596
68.3596
68.3596
68.3596
68.3596
68.3596
68.3596
68.3596
68.3596
68.3596
68.3596
68.3596
68.3596
68.3596
68.3596
68.3596
68.3596
68.3596
68.3596
68.3596
68.3596
68.3596
68.3596
68.3596
68.3596
68.3596
68.3596
68.3596
68.3596
68.3596
68.3596
68.3596
68.3596
68.3596
68.3596
68.3596
68.3596
68.3596
68.3596
68.3596
68.3596
68.3596
68.3596
68.3596
68.3596
68.3596
68.3596
68.3596
68.3596
68.3596
68.3596
68.3596
68.3596
68.3596
68.3596
68.3596
68.3596
68.3596
68.3596
68.3596
68.3596
68.3596
68.3596
68.3596
68.3596
68.3596
68.3596
68.3596
68.3596
68.3596
68.3596
68.3596
68.3596
68.3596
68.3596
68.3596
68.3596
68.3596
68.3596
68.3596
68.3596
68.3596
68.3596
68.3596
68.3596
68.3596
68.3596
68.3596
68.3596
68.3596
68.3596
68.3596
68.3596
68.3596
68.3596
68.3596
68.3596
68.3596
68.3596
68.3596
68.3596
68.3596
68.3596
68.3596
68.3596
68.3596
68.3596
68.3596
68.3596
68.3596
68.3596
68.3596
68.3596
68.3596
68.3596
68.3596
68.3596
68.3596
68.3596
68.3596
68.3596
68.3596
68.3596
68.3596
68.3596
68.3596
68.3596
68.3596
68.3596
68.3596
68.3596
68.3596
68.3596
68.3596
68.3596
68.3596
68.3596
68.3596
68.3596
68.3596
68.3596
68.3596
68.3596
68.3596
68.3596
68.3596
68.3596
68.3596
68.3596
68.3596
68.3596
68.3596
68.3596
68.3596
68.3596
68.3596
68.3596
68.3596
68.3596
68.3596
68.3596
68.3596
68.3596
68.3596
68.3596
68.3596
68.3596
68.3596
68.3596
68.3596
68.3596
68.3596
68.3596
68.3596
68.3596
68.3596
68.3596
68.3596
68.3596
68.3596
68.3596
68.3596
68.3596
68.3596
68.3596
68.3596
68.3596
68.3596
68.3596
68.3596
68.3596
68.3596
68.3596
68.3596
68.3596
68.3596
68.3596
68.3596
68.3596
68.3596
68.3596
68.3596
68.3596
68.3596
68.3596
68.3596
68.3596
68.3596
68.3596
68.3596
68.3596
68.3596
68.3596
68.3596
68.3596
68.3596
68.3596
68.3596
68.3596
68.3596
68.3596
68.3596
68.3596
68.3596
68.3596
68.3596
68.3596
68.3596
68.3596
68.3596
68.3596
68.3596
68.3596
68.3596
68.3596
68.3596
68.3596
68.3596
68.3596
68.3596
68.3596
68.3596
68.3596
68.3596
68.3596
68.3596
68.3596
68.3596
68.3596
68.3596
68.3596
68.3596
68.3596
68.3596
68.3596
68.3596
68.3596
68.3596
68.3596
68.3596
68.3596
68.3596
68.3596
68.3596
68.3596
68.3596
68.3596
68.3596
68.3596
68.3596
68.3596
68.3596
68.3596
68.3596
68.3596
68.3596
68.3596
68.3596
68.3596
68.3596
68.3596
68.3596
68.3596
68.3596
68.3596
68.3596
68.3596
68.3596
68.3596
68.3596
68.3596
68.3596
68.3596
68.3596
68.3596
68.3596
68.3596
68.3596
68.3596
68.3596
68.3596
68.3596
68.3596
68.3596
68.3596
68.3596
68.3596
68.3596
68.3596
68.3596
68.3596
68.3596
68.3596
68.3596
68.3596
68.3596
68.3596
68.3596
68.3596
68.3596
68.3596
68.3596
68.3596
68.3596
68.3596
68.3596
68.3596
68.3596
68.3596
68.3596
68.3596
68.3596
68.3596
68.3596
68.3596
68.3596
68.3596
68.3596
68.3596
68.3596
68.3596
68.3596
68.3596
68.3596
68.3596
68.3596
68.3596
68.3596
68.3596
68.3596
68.3596
68.3596
68.3596
68.3596
68.3596
68.3596
68.3596
68.3596
68.3596
68.3596
68.3596
68.3596
68.3596
68.3596
68.3596
68.3596
68.3596
68.3596
68.3596
68.3596
68.3596
68.3596
68.3596
68.3596
68.3596
68.3596
68.3596
68.3596
68.3596
68.3596
68.3596
68.3596
68.3596
68.3596
68.3596
68.3596
68.3596
68.3596
68.3596
68.3596
68.3596
68.3596
68.3596
68.3596
68.3596
68.3596
68.3596
68.3596
68.3596
68.3596
68.3596
68.3596
68.3596
68.3596
68.3596
68.3596
68.3596
68.3596
68.3596
68.3596
68.3596
68.3596
68.3596
68.3596
68.3596
68.3596
68.3596
68.3596
68.3596
68.3596
68.3596
68.3596
68.3596
68.3596
68.3596
68.3596
68.3596
68.3596
68.3596
