445.935
443.661
432.366
429.568
416.059
412.91
406.802
402.475
402.468
397.35
388.841
376.727
368.23
368.23
368.23
368.23
349.458
349.458
343.477
343.477
343.066
342.045
340.558
329.825
329.825
329.825
328.108
328.108
323.242
322.523
322.12
322.12
319.139
319.139
315.265
311.447
311.447
311.447
309.518
303.324
299.586
298.489
297.504
288.941
287.874
287.874
282.405
278.694
275.367
275.367
272.946
272.946
271.812
268.642
268.642
267.711
259.025
259.025
257.118
257.118
257.118
256.016
254.095
252.453
252.453
251.09
251.09
249.922
249.6
248.656
248.656
248.656
247.669
245.234
245.234
245.234
245.234
243.008
243.008
240.838
240.838
240.838
240.838
240.838
240.605
239.521
238.453
236.054
235.005
235.005
233.359
231.041
231.041
231.041
229.747
229.094
228.516
228.516
226.532
226.464
219.511
219.511
219.511
219.511
219.511
218.52
216.39
216.39
216.39
216.39
216.39
215.273
215.273
215.273
212.821
212.821
212.821
207.749
207.224
207.224
207.224
206.302
206.149
205.374
204.576
204.576
201.56
201.56
201.496
201.496
201.13
196.808
196.001
196.001
196.001
196.001
196.001
195.279
195.279
195.279
194.038
194.038
194.038
193.197
192.302
192.302
192.302
192.302
192.142
190.946
190.946
189.235
187.412
187.412
186.932
186.932
186.932
186.932
186.932
186.792
186.792
186.792
186.792
186.792
182.868
182.868
181.701
181.701
181.701
181.701
181.672
181.633
180.91
180.224
180.224
180.224
180.036
179.685
179.511
179.511
178.954
178.529
178.529
178.529
174.974
174.974
174.974
174.508
174.508
174.508
174.406
173.959
173.959
173.028
173.028
173.028
172.354
172.354
171.76
171.721
170.668
169.501
169.501
169.354
169.158
166.916
166.916
166.916
166.916
166.916
166.916
165.559
165.559
165.559
164.474
164.474
164.474
164.474
162.251
162.251
162.139
162.139
162.139
162.139
162.139
162.139
162.129
160.713
160.713
160.713
160.654
160.654
160.483
160.483
160.483
159.676
159.637
159.637
159.637
158.593
158.593
157.97
157.97
157.97
157.97
157.903
157.903
157.903
157.597
157.487
157.487
157.332
155.851
155.851
155.307
152.292
152.292
152.038
151.61
151.61
149.605
149.605
149.605
147.152
147.152
146.933
145.743
145.743
140.863
140.863
140.863
140.863
140.846
140.483
140.483
140.483
139.272
139.272
138.722
138.722
138.103
138.103
138.103
138.103
138.103
137.5
137.5
137.5
136.015
136.015
136.015
135.85
135.702
135.702
135.702
135.702
135.576
134.613
134.613
134.613
134.613
134.479
134.479
134.479
134.479
134.479
134.352
134.352
132.801
132.801
132.801
132.623
132.623
131.457
131.457
131.457
131.344
131.344
130.215
130.215
130.215
130.215
130.215
129.63
129.63
129.63
129.333
129.333
129.059
129.059
129.059
128.729
128.729
128.729
128.701
128.701
128.701
128.701
128.701
128.65
128.65
128.65
128.65
128.575
128.575
128.575
127.156
127.156
127.156
127.156
126.776
126.776
126.776
126.776
126.776
126.776
126.747
126.701
126.701
126.016
126.011
124.866
124.866
124.866
124.866
124.866
124.866
124.866
124.758
124.758
123.854
123.854
123.854
123.836
123.836
122.899
122.899
122.383
122.383
122.383
122.289
119.781
119.781
119.781
119.781
119.781
119.148
119.148
119.148
119.148
119.148
119.07
119.07
118.607
118.607
118.607
118.394
118.394
118.345
118.345
118.345
118.345
118.345
117.868
117.868
117.868
117.868
117.868
117.868
117.868
117.868
117.868
117.84
117.84
117.84
117.741
117.741
117.675
117.675
117.675
117.675
117.675
117.675
116.473
116.473
116.473
116.473
116.473
116.305
116.305
116.305
116.305
116.041
116.041
116.041
116.041
116.041
114.678
114.678
114.678
114.678
114.678
114.678
114.678
114.678
114.678
114.678
114.651
114.651
114.651
114.651
114.651
114.651
114.651
114.636
114.512
114.512
113.262
113.262
112.018
112.018
111.553
111.553
111.553
111.553
110.969
110.969
110.969
110.969
110.596
110.596
110.596
110.596
110.322
110.322
110.322
110.322
110.322
110.154
110.154
110.154
110.154
110.154
110.138
110.138
110.138
110.138
110.131
110.131
110.131
109.784
109.784
109.784
109.784
108.629
108.469
108.469
108.469
108.388
108.388
107.722
107.722
107.722
107.722
107.722
107.722
107.722
107.146
107.146
107.146
106.737
106.737
106.737
106.737
106.737
106.657
106.657
106.657
106.657
106.657
106.599
106.599
106.599
106.599
106.599
106.599
106.471
106.471
106.471
106.471
106.471
106.435
106.362
105.064
105.064
105.064
105.064
105.064
105.064
104.819
104.819
104.819
104.819
104.819
104.819
104.819
104.819
104.819
104.819
104.819
104.819
104.819
104.819
104.819
104.819
104.819
104.819
104.215
104.215
104.215
104.215
104.215
104.215
104.215
104.215
104.215
104.215
104.215
104.215
104.215
104.215
104.215
104.215
104.215
104.215
104.215
104.215
104.215
104.215
104.215
104.215
104.215
104.215
103.887
103.887
103.887
103.887
103.887
103.887
103.887
103.887
103.887
103.887
103.693
103.503
103.503
103.503
103.487
103.487
103.487
103.487
102.805
102.805
102.805
102.805
102.72
102.72
102.72
102.72
102.72
102.72
102.72
102.72
102.612
102.612
102.612
102.612
102.509
102.509
100.764
100.764
100.764
100.764
100.764
100.764
100.764
100.764
100.764
100.764
100.764
100.36
100.36
100.36
100.36
100.36
100.36
99.7464
99.7464
99.7464
99.7464
99.7464
99.7464
99.7464
99.7464
99.415
99.415
99.415
99.415
99.415
99.3665
99.3665
99.3665
99.3665
99.0726
99.0726
99.0726
99.0726
99.0726
99.0726
99.0726
99.0726
99.0726
98.8793
98.8521
98.6195
98.6195
98.6195
98.6195
98.6195
98.6195
98.6195
98.2176
98.2176
98.0704
98.0704
98.0704
98.0704
98.0704
98.0704
97.9801
97.9801
97.9801
97.9801
97.9108
97.9108
97.9108
97.8205
97.7268
97.7268
97.7268
97.7268
97.7268
97.7268
97.7268
97.7268
96.9321
96.9321
96.9321
96.9321
96.9321
96.9321
96.9321
96.9321
96.9321
96.9321
96.9321
96.5914
96.5914
96.5914
96.4271
96.4271
96.4271
96.4271
96.4271
96.4271
96.4271
96.4271
96.4271
96.4271
96.4271
96.4271
96.4271
96.2832
96.2832
96.2832
96.2832
96.2832
96.0252
96.0252
96.0252
96.0252
96.0252
96.0252
96.0252
96.0252
96.0252
96.0054
96.0054
96.0054
96.0054
96.0054
95.12
95.12
95.12
95.12
95.12
95.12
95.12
95.12
95.12
95.12
95.12
95.12
95.12
95.12
95.12
95.12
95.12
95.12
95.12
94.7604
94.7604
94.7604
94.7604
94.7604
94.7604
94.7604
94.7604
94.7604
94.7604
94.7604
94.7604
94.7604
94.7604
94.7604
94.7604
94.6165
94.6165
94.6165
94.6165
94.6165
94.6165
94.6165
94.6165
94.2824
94.2824
94.2824
94.2824
94.2824
93.6026
93.6026
93.6026
93.6026
93.6026
93.6026
93.6026
93.6026
93.6026
93.6026
93.0932
93.0932
93.0932
93.0932
93.0932
93.0932
93.0932
93.0932
93.0932
93.0932
93.0932
93.0932
93.0932
93.0932
93.0932
93.0932
93.0932
93.0932
93.0932
93.0932
93.0932
93.0932
93.0932
93.0932
93.0932
93.0932
93.0932
92.6929
92.6929
92.6929
92.6929
92.6929
92.6929
91.7486
91.7486
91.7486
91.7486
91.7486
91.7486
91.7486
91.7486
91.7486
91.7486
91.7486
91.331
91.331
91.331
91.331
91.331
91.331
91.331
91.331
91.2133
91.2133
91.2133
91.2133
91.2133
91.2133
91.2133
91.2133
91.2133
91.2133
90.7159
90.7159
90.7159
90.7159
90.7159
90.7159
90.7159
90.7159
90.7159
90.7159
90.7159
90.7159
90.7159
90.7159
90.7159
90.7067
90.7067
90.7067
88.8814
88.8814
88.8814
88.8814
88.8814
88.8814
88.8814
88.8814
88.8814
88.8814
88.8814
88.8814
88.8129
88.8129
88.8129
88.1537
88.1537
88.1537
88.1537
87.9978
87.9978
87.9978
87.9978
87.9978
87.9978
87.9978
87.9293
87.6028
87.6028
87.6028
87.6028
87.6028
87.3375
87.3375
87.3375
87.3375
87.3375
87.3375
87.3375
87.3375
87.3375
87.3375
87.3375
86.1562
86.1562
86.1562
86.1562
85.0803
85.0803
85.0803
85.0803
85.0803
85.0803
85.0803
85.0803
85.0803
85.0803
85.0803
85.0803
85.0803
85.0803
85.0803
85.0803
85.0803
85.0803
85.0803
85.0803
85.0803
85.0803
84.9471
84.9471
84.9471
84.9471
84.9471
84.9471
84.9471
84.9471
84.9471
84.9471
84.9471
84.9471
84.9471
84.9471
84.5936
84.3105
84.3105
84.3105
84.3105
84.3105
84.3105
84.3105
84.3105
84.3105
84.3105
84.3105
84.3105
84.3105
84.2775
84.2775
83.861
83.861
83.861
83.861
83.861
83.861
83.861
83.861
83.861
83.861
83.861
83.5504
83.5504
83.5504
83.5504
83.5504
83.5504
83.5504
83.5504
83.5504
83.5504
83.5504
83.5504
83.5504
83.5504
83.5504
83.5504
83.5504
83.5504
83.5504
83.5504
83.5504
83.5504
83.5504
83.5504
83.5504
83.5504
83.3403
83.3403
83.3403
83.3403
83.3403
83.3403
83.3403
83.3403
83.3403
83.3403
83.3403
83.3403
83.3403
83.3403
83.3403
83.3403
83.3403
83.3403
83.3403
83.3403
83.3403
83.3403
83.3403
83.3403
83.3403
83.3074
83.3074
83.3074
82.5338
82.5338
82.5338
82.5338
82.5338
82.5338
82.5338
82.5338
82.5338
82.5338
82.3556
82.3556
82.3556
82.3556
82.3556
82.3556
82.3556
82.3556
82.3556
82.3556
82.3556
82.3556
82.3556
82.3556
82.3556
82.3556
82.3556
82.3556
82.3556
82.3556
82.3556
82.3556
82.3556
82.3556
82.3556
82.3556
82.3556
82.3556
82.3556
82.3556
82.3556
82.3556
82.3556
82.3556
82.3556
82.3556
82.3556
82.3556
82.3556
82.3556
82.3556
82.3556
82.3556
82.3556
82.3556
82.3556
82.3556
82.3556
82.3556
82.3556
82.3556
82.3556
82.3556
82.3556
82.3556
82.3556
82.3556
82.3556
82.3556
82.3556
82.3556
82.3556
82.3556
82.3556
82.3556
82.3556
82.3556
82.3556
81.5675
81.5675
81.5675
81.5675
81.5675
81.5675
81.5675
81.5675
81.5675
81.5675
81.5675
81.5675
81.5675
81.5675
81.5675
81.5675
81.5675
81.5675
81.5675
81.5675
81.5675
81.5675
81.5675
81.5675
81.5675
81.5675
81.3887
81.3887
81.3887
81.3606
81.3606
81.3606
81.3606
81.3606
81.3606
81.3606
81.3606
81.3606
81.3606
81.3606
81.3606
81.3606
81.3606
81.3606
81.3606
81.3606
81.3606
81.3606
81.3033
81.3033
81.3033
81.3033
81.3033
81.3033
81.3033
81.3033
81.3033
81.3033
81.1587
81.1587
81.1245
81.0767
81.0767
81.0767
81.0767
81.0767
81.0767
81.0767
81.0767
81.0767
81.0767
81.0767
81.0767
81.0767
81.0767
81.0767
81.0767
81.0767
81.0767
81.0767
81.0767
81.0767
81.0767
81.0767
81.0767
81.0767
81.0767
81.0767
80.8979
80.8979
80.8979
80.8979
80.8979
80.8979
80.8582
80.8582
80.8582
80.8582
80.8582
80.8582
80.8582
80.5613
80.5613
80.5613
80.5613
80.5613
80.5613
80.5613
80.5613
80.5613
80.5613
80.5613
80.5613
80.5613
80.5613
80.5613
80.5613
80.5613
80.5613
80.5613
80.5613
80.5613
80.5613
80.5613
80.5613
80.5613
80.5613
80.5613
80.5613
80.5613
80.5613
80.5613
80.5174
80.5174
80.5174
80.5174
80.5174
80.5174
80.5174
80.5174
80.5174
80.5174
80.5174
80.5174
80.5174
80.5174
80.5174
80.5174
80.5174
80.5174
80.5174
80.5174
80.5174
80.5174
80.5174
80.5174
80.5174
80.5174
80.5174
80.5174
80.5174
80.5174
80.4731
80.4731
80.4731
80.4731
80.4731
80.4731
80.4731
80.4731
80.4731
80.4731
80.4731
80.4731
80.4731
80.4731
80.2242
80.2242
80.2242
80.2242
80.2242
80.2242
80.2242
80.2242
80.2242
80.2242
80.1829
80.1829
80.1829
80.1829
80.1829
80.1829
80.1829
80.1829
80.1829
80.1829
80.1829
80.1829
80.1829
80.1829
80.1829
80.1829
80.1829
80.1829
80.1829
80.1829
80.1829
80.1829
80.1829
80.1829
80.1829
80.1829
80.1829
80.1829
80.1829
80.1829
80.1829
80.1829
80.1829
80.1829
80.1829
80.1829
80.1829
80.1829
80.1829
80.1829
80.1829
80.1829
80.1829
80.1829
80.1829
80.1829
80.1829
80.1829
80.1829
80.1829
80.1829
80.1829
80.1829
80.1829
80.1829
80.1829
80.1829
80.1829
80.1829
80.1829
80.1829
80.1829
80.1829
80.1829
80.1829
80.1829
80.1829
80.1829
80.1829
80.1829
80.1829
80.1829
80.1829
80.1829
80.1829
80.1829
80.1829
80.1829
80.1829
80.1829
80.1829
80.1829
80.1829
80.1829
80.1829
80.1829
80.1829
80.1829
80.1829
80.1829
80.1829
80.1829
80.1829
80.1829
80.1829
80.1829
80.1829
80.1829
80.1829
80.1829
80.1829
80.1829
80.1829
80.1829
80.1829
80.1829
80.1829
80.1829
80.1829
80.1829
80.1829
80.1829
80.1829
80.1829
80.1829
80.1829
80.1829
80.1829
80.1829
80.1829
80.1829
80.1829
80.1829
80.1829
80.1829
80.1829
80.1829
80.1829
80.1829
80.1829
80.1829
80.1829
80.1829
80.1829
80.1829
80.1829
80.1829
80.1829
80.1829
80.1829
80.1829
80.1829
80.1829
80.1829
80.1829
80.1829
80.1829
80.1829
80.1829
80.1829
80.1829
80.1829
80.1829
80.1829
80.1829
80.1829
80.1829
80.1829
80.1829
80.1829
80.1829
80.1829
80.1829
80.1829
80.1829
80.1829
80.1829
80.1829
80.1829
80.1829
79.5133
79.5133
79.5133
79.5133
79.5133
79.5133
79.2359
79.2359
79.2359
79.2359
79.2359
79.2359
79.2359
79.2359
79.2359
79.2359
79.2359
79.2359
79.2359
79.2359
79.2359
79.2359
79.2359
79.2359
79.2359
79.2359
79.2359
79.2359
79.2359
79.2359
79.2359
79.2359
79.2359
79.2359
79.2359
79.2359
79.2359
79.2359
79.2359
78.8346
78.8346
78.8346
78.8346
78.8346
78.8346
78.8346
78.8346
78.8346
78.8346
78.8346
78.8346
78.8346
78.8346
78.8346
78.8346
78.8346
78.8346
78.8346
78.8346
78.8346
78.8346
78.8346
78.8346
78.8346
78.8346
78.8346
78.8126
78.8126
78.8126
78.8126
78.6479
78.6252
78.6252
78.6252
78.6252
78.6252
78.6252
78.6252
78.6252
78.6252
78.6252
78.6252
78.6252
78.6252
78.6252
78.6252
78.6252
78.6252
78.6252
78.6252
78.6252
78.6252
78.6252
78.6252
78.6252
78.6252
78.6252
78.6252
78.6252
78.6252
78.6252
78.6252
78.6252
78.6252
78.6252
78.6252
78.6252
78.6252
78.6252
78.6252
78.6252
78.6252
78.6252
78.6252
78.6252
78.6252
78.6252
78.6252
78.6252
78.6252
78.6252
78.6252
78.6252
78.6252
77.8186
77.8186
77.8186
77.8186
77.6381
77.6381
77.6381
77.5518
77.5518
77.5518
77.5518
77.5518
77.5518
77.5518
77.5518
77.5518
77.5518
77.5518
77.5518
77.5518
77.5518
77.5518
77.5518
77.5518
77.5518
77.5518
77.5518
77.5518
77.5518
77.5518
77.5518
77.5518
77.5518
77.5518
77.5518
77.5518
77.5518
77.5518
77.5518
77.5518
77.5518
77.5518
77.5518
77.5518
77.5518
77.5518
77.5518
77.5518
77.5518
77.5518
77.5518
77.5518
77.5518
77.5518
77.5518
77.5518
77.5518
77.5518
77.5518
77.5518
77.5518
77.5518
77.5518
77.5518
77.5518
77.5518
77.5518
77.5518
77.5518
77.5518
77.5518
77.5518
77.5518
77.5518
77.5518
77.5518
77.5518
77.5518
77.5518
77.5518
77.5518
77.5518
77.5518
77.5518
77.5518
77.5518
77.5518
77.5518
77.5518
77.5518
77.5518
77.5518
77.5518
77.5161
77.5161
77.5161
77.5161
77.5161
77.5161
77.5161
77.5161
77.5161
77.5161
77.5161
77.5161
77.5161
77.5161
77.5161
77.5161
77.5161
77.5161
77.5161
77.5161
77.5161
77.5161
77.5161
77.5161
77.5161
77.0425
77.0425
77.0425
77.0425
77.0425
77.0425
77.0425
77.0425
77.0425
76.2757
76.2757
76.2757
76.2757
76.2757
76.2757
76.2757
76.2757
76.2757
76.2757
76.2757
76.2757
76.2757
76.2757
76.2757
76.2757
76.2757
76.2757
76.2757
76.2757
76.2757
76.2757
76.2757
76.2757
76.2757
76.2757
76.2757
76.2757
76.2757
76.2757
76.2757
76.2757
76.2757
76.2757
76.2757
76.2757
76.2757
76.2757
76.2757
76.2757
76.2757
76.2757
76.2757
76.2757
76.2757
76.2757
76.2757
76.2757
76.2757
76.111
76.111
76.111
76.111
76.111
76.111
76.111
76.111
76.111
76.111
76.111
76.111
76.111
76.111
76.111
76.111
76.111
76.111
76.111
76.111
76.111
76.111
76.111
76.111
76.111
76.111
76.111
76.111
76.111
75.7762
75.7762
75.7762
75.7762
75.7762
75.7762
75.7762
75.7762
75.7762
75.7762
75.7762
75.7762
75.7762
75.7762
75.7762
75.7762
75.7762
75.7762
75.7762
75.7762
75.7762
75.7762
75.7762
75.7762
75.7762
75.7762
75.7762
75.6743
75.6743
75.6743
75.6743
75.6743
75.6743
75.6743
75.6743
75.6743
75.6743
75.6743
75.6743
75.6743
75.6743
75.6743
75.6743
75.6743
75.6743
75.6743
75.6743
75.6743
75.6743
75.6743
75.6743
75.6743
75.6743
75.6743
75.6743
75.6743
75.6743
75.6743
75.6743
75.6743
75.6743
75.6743
75.6743
75.6743
75.6743
75.6743
75.6743
75.6743
75.6743
75.5861
75.5861
75.5861
75.5861
75.5861
75.5861
75.5861
75.5861
75.5861
75.5861
75.5861
75.5861
75.5861
75.5861
75.5861
75.5861
75.5861
75.5861
75.5861
75.5861
75.5861
75.5861
75.5861
75.5861
75.5861
75.5861
75.5861
75.5861
75.5861
75.5861
75.5861
75.5861
75.5861
75.2116
75.2116
75.2116
75.2116
75.2116
75.2116
75.2116
75.2116
75.2116
75.2116
75.2116
75.2116
75.2116
75.2116
75.2116
75.2116
75.2116
75.2116
75.2116
75.2116
75.2116
75.2116
75.2116
75.2116
75.2116
75.2116
75.2116
75.2116
75.2116
75.2116
75.2116
75.2116
75.2116
75.2116
75.2116
75.2116
75.0162
75.0162
75.0162
75.0162
75.0162
75.0162
75.0162
75.0162
75.0162
75.0162
75.0162
75.0162
75.0162
75.0162
75.0162
75.0162
75.0162
75.0162
74.8074
74.8074
74.8074
74.8074
74.8074
74.8074
74.8074
74.8074
74.8074
74.8074
74.8074
74.8074
74.8074
74.8074
74.8074
74.8074
74.8074
74.8074
74.8074
74.8074
74.8074
74.8074
74.8074
74.8074
74.8074
74.8074
74.8074
74.8074
74.8074
74.8074
74.8074
74.8074
74.8074
74.8074
74.8074
74.8074
74.8074
74.8074
74.8074
74.8074
74.8074
74.8074
74.8074
74.8074
74.8074
74.8074
74.8074
74.8074
74.8074
74.8074
74.8074
74.8074
74.8074
74.8074
74.8074
74.8074
74.8074
74.8074
74.8074
74.8074
74.8074
74.8074
74.8074
74.8074
74.8074
74.8074
74.8074
74.8074
74.8074
74.8074
74.8074
74.8074
74.8074
74.8074
74.8074
74.8074
74.8074
74.8074
74.8074
74.8074
74.8074
74.8074
74.8074
74.8074
74.8074
74.8074
74.8074
74.8074
74.8074
74.8074
74.8074
74.8074
74.8074
74.8074
74.8074
74.8074
74.4021
74.4021
74.4021
74.4021
74.4021
74.4021
74.4021
74.4021
74.4021
74.4021
74.4021
74.4021
74.4021
74.4021
74.4021
74.4021
74.4021
74.4021
74.4021
74.4021
74.4021
74.4021
74.4021
74.4021
74.4021
74.4021
74.4021
74.4021
74.4021
74.4021
74.4021
74.4021
74.4021
74.4021
74.4021
74.4021
74.4021
74.4021
74.4021
74.4021
74.4021
74.4021
74.3342
74.3342
74.3342
74.3342
74.2094
74.2094
74.0738
74.0738
74.0738
74.0738
74.0738
74.0738
74.0738
74.0738
74.0738
74.0738
74.0738
74.0738
74.0738
74.0738
74.0738
74.0738
74.0738
74.0738
74.0738
74.0738
74.0738
74.0738
74.0738
74.0738
74.0738
74.0738
74.0738
74.0738
74.0738
74.0738
74.0738
74.0738
74.0738
74.0738
74.0738
74.0738
74.0738
74.0738
74.0738
74.0738
74.0738
74.0738
74.0738
74.0738
74.0738
74.0738
74.0738
74.0738
74.0738
74.0738
74.0738
74.0738
74.0738
74.0738
74.0738
74.0738
74.0738
74.0738
74.0738
74.0738
74.0738
74.0738
74.0738
74.0738
74.0738
74.0738
74.0738
74.0738
74.0738
74.0738
74.0738
74.0738
74.0738
74.0738
74.0738
74.0738
74.0738
74.0738
74.0738
74.0738
74.0738
74.0738
74.0738
74.0738
74.0738
74.0738
74.0738
74.0738
74.0738
74.0738
74.0738
74.0738
74.0738
74.0738
74.0738
74.0738
74.0738
74.0738
74.0738
74.0738
74.0738
74.0738
74.0738
74.0738
74.0738
74.0738
74.0738
74.0738
74.0738
74.0738
74.0738
74.0738
74.0738
74.0738
74.0738
74.0738
74.0738
74.0738
74.0738
74.0738
74.0738
74.0738
74.0738
74.0738
74.0738
74.0738
74.0738
74.0738
74.0738
74.0738
74.0738
74.0738
74.0738
74.0738
74.0738
74.0738
74.0738
74.0738
74.0738
74.0738
74.0738
74.0738
74.0738
74.0738
74.0738
74.0738
74.0738
74.0738
74.0738
74.0738
74.0738
74.0738
74.0738
74.0738
74.0738
74.0738
74.0738
74.0738
74.0738
74.0738
74.0738
74.0738
74.0738
74.0738
74.0738
74.0738
74.0738
74.0738
74.0738
74.0738
74.0738
74.0738
74.0738
74.0738
74.0738
74.0738
74.0738
74.0738
74.0738
74.0738
74.0738
74.0738
74.0738
74.0738
74.0738
74.0738
74.0738
74.0738
74.0738
74.0738
74.0738
74.0738
74.0738
74.0738
74.0738
74.0738
74.0738
74.0738
74.0738
74.0738
74.0738
74.0738
74.0738
74.0738
74.0738
74.0738
74.0738
74.0738
74.0738
74.0738
74.0738
74.0738
74.0738
74.0738
74.0738
74.0738
74.0738
74.0738
74.0738
74.0738
74.0738
74.0738
74.0738
74.0738
74.0738
74.0738
74.0738
74.0738
74.0738
74.0738
74.0738
74.0738
74.0738
74.0738
74.0738
74.0738
74.0738
74.0738
74.0738
74.0738
74.0738
74.0738
74.0738
74.0738
74.0738
74.0738
74.0738
74.0738
74.0738
74.0738
74.0738
74.0738
74.0738
74.0738
74.0738
74.0738
74.0738
74.0738
74.0738
74.0738
74.0738
74.0738
74.0738
74.0738
74.0738
74.0738
74.0738
74.0738
74.0738
74.0738
74.0738
74.0738
74.0738
74.0738
74.0738
74.0738
74.0738
74.0738
74.0738
74.0738
74.0738
74.0738
74.0738
74.0738
74.0738
74.0738
74.0738
74.0738
74.0738
74.0738
74.0738
74.0738
74.0738
74.0738
74.0738
74.0738
74.0738
74.0738
74.0738
74.0738
74.0738
74.0738
74.0738
74.0738
74.0738
74.0738
74.0738
74.0738
74.0738
74.0738
74.0738
74.0738
74.0738
74.0738
74.0738
74.0738
74.0738
74.0738
74.0738
74.0738
74.0738
74.0738
74.0738
74.0738
74.0738
74.0738
74.0738
74.0738
74.0738
74.0738
74.0738
74.0738
74.0738
74.0738
74.0738
74.0738
74.0738
74.0738
74.0738
74.0738
74.0738
74.0738
74.0738
74.0738
74.0738
74.0738
74.0738
74.0738
74.0738
74.0738
74.0738
74.0738
74.0738
74.0738
74.0738
74.0738
74.0738
74.0738
74.0738
74.0738
74.0738
74.0738
74.0738
74.0738
74.0738
74.0738
74.0738
74.0738
74.0738
74.0738
74.0738
74.0738
74.0738
74.0738
74.0738
74.0738
74.0738
74.0738
74.0738
74.0738
74.0738
74.0738
74.0738
74.0738
74.0738
74.0738
74.0738
74.0738
74.0738
74.0738
74.0738
74.0738
74.0738
74.0738
74.0738
74.0738
74.0738
74.0738
74.0738
74.0738
74.0738
74.0738
74.0738
74.0738
74.0738
74.0738
74.0738
74.0738
74.0738
74.0738
74.0738
74.0738
74.0738
74.0738
74.0738
74.0738
74.0738
74.0738
74.0738
74.0738
74.0738
74.0738
74.0738
74.0738
74.0738
74.0738
74.0738
74.0738
74.0738
74.0738
74.0738
74.0738
74.0738
74.0738
74.0738
74.0738
74.0738
74.0738
74.0738
74.0738
74.0738
74.0738
74.0738
74.0738
74.0738
74.0738
74.0738
74.0738
74.0738
74.0738
74.0738
74.0738
74.0738
74.0738
74.0738
74.0738
74.0738
74.0738
74.0738
74.0738
74.0738
74.0738
74.0738
74.0738
74.0738
74.0738
74.0738
74.0738
74.0738
74.0738
74.0738
74.0738
74.0738
74.0738
74.0738
74.0738
74.0738
74.0738
74.0738
74.0738
74.0738
74.0738
74.0738
74.0738
74.0738
74.0738
74.0738
74.0738
74.0738
74.0738
74.0738
74.0738
74.0738
74.0738
74.0738
74.0738
74.0738
74.0738
74.0738
74.0738
74.0738
74.0738
74.0738
74.0738
74.0738
74.0738
74.0738
74.0738
74.0738
74.0738
74.0738
74.0738
74.0738
74.0738
74.0738
74.0738
74.0738
74.0738
74.0738
74.0738
74.0738
74.0738
74.0738
74.0738
74.0738
74.0738
74.0738
74.0738
74.0738
74.0738
74.0738
74.0738
74.0738
74.0738
74.0738
74.0738
74.0738
74.0738
74.0738
74.0738
74.0738
74.0738
74.0738
74.0738
74.0738
74.0738
74.0738
74.0738
74.0738
74.0738
74.0738
74.0738
74.0738
74.0738
74.0738
74.0738
74.0738
74.0738
74.0738
74.0738
74.0738
74.0738
74.0738
74.0738
74.0738
74.0738
74.0738
74.0738
74.0738
74.0738
74.0738
74.0738
74.0738
74.0738
74.0738
74.0738
74.0738
74.0738
74.0738
74.0738
74.0738
74.0738
74.0738
74.0738
74.0738
74.0738
74.0738
74.0738
74.0738
74.0738
74.0738
74.0738
74.0738
74.0738
74.0738
74.0738
74.0738
74.0738
74.0738
74.0738
74.0738
74.0738
74.0738
74.0738
74.0738
74.0738
74.0738
74.0738
74.0738
74.0738
74.0738
74.0738
74.0738
74.0738
74.0738
74.0738
74.0738
74.0738
74.0738
74.0738
74.0738
74.0738
74.0738
74.0738
74.0738
74.0738
74.0738
74.0738
74.0738
74.0738
74.0738
74.0738
74.0738
74.0738
74.0738
74.0738
74.0738
74.0738
74.0738
74.0738
74.0738
74.0738
74.0738
74.0738
74.0738
74.0738
74.0738
74.0738
74.0738
74.0738
74.0738
74.0738
74.0738
74.0738
74.0738
74.0738
74.0738
74.0738
74.0738
74.0738
74.0738
74.0738
74.0738
74.0738
74.0738
74.0738
74.0738
74.0738
74.0738
74.0738
74.0738
74.0738
74.0738
74.0738
74.0738
74.0738
74.0738
74.0738
74.0738
74.0738
74.0738
74.0738
74.0738
74.0738
74.0738
74.0738
74.0738
74.0738
74.0738
74.0738
74.0738
74.0738
74.0738
74.0738
74.0738
74.0738
74.0738
74.0738
74.0738
74.0738
74.0738
74.0738
74.0738
74.0738
74.0738
74.0738
74.0738
74.0738
74.0738
74.0738
74.0738
74.0738
74.0738
74.0738
74.0738
74.0738
74.0738
74.0738
74.0738
74.0738
74.0738
74.0738
74.0738
74.0738
74.0738
74.0738
74.0738
74.0738
74.0738
74.0738
74.0738
74.0738
74.0738
74.0738
74.0738
74.0738
74.0738
74.0738
74.0738
74.0738
74.0738
74.0738
74.0738
74.0738
74.0738
74.0738
74.0738
74.0738
74.0738
74.0738
74.0738
74.0738
74.0738
74.0738
74.0738
74.0738
74.0738
74.0738
74.0738
74.0738
74.0738
74.0738
74.0738
74.0738
74.0738
74.0738
74.0738
74.0738
74.0738
74.0738
74.0738
74.0738
74.0738
74.0738
74.0738
74.0738
74.0738
74.0738
74.0738
74.0738
74.0738
74.0738
74.0738
74.0738
74.0738
74.0738
74.0738
74.0738
74.0738
74.0738
74.0738
74.0738
74.0738
74.0738
74.0738
74.0738
74.0738
74.0738
74.0738
74.0738
74.0738
74.0738
74.0738
74.0738
74.0738
74.0738
74.0738
74.0738
74.0738
74.0738
74.0738
74.0738
74.0738
74.0738
74.0738
74.0738
74.0738
74.0738
74.0738
74.0738
74.0738
74.0738
74.0738
74.0738
74.0738
74.0738
74.0738
74.0738
74.0738
74.0738
74.0738
74.0738
74.0738
74.0738
74.0738
74.0738
74.0738
74.0738
74.0738
74.0738
74.0738
74.0738
74.0738
74.0738
74.0738
74.0738
74.0738
74.0738
74.0738
74.0738
74.0738
74.0738
74.0738
74.0738
74.0738
74.0738
74.0738
74.0738
74.0738
74.0738
74.0738
74.0738
74.0738
74.0738
74.0738
74.0738
74.0738
74.0738
74.0738
74.0738
74.0738
74.0738
74.0738
74.0738
74.0738
74.0738
74.0738
74.0738
74.0738
74.0738
74.0738
74.0738
74.0738
74.0738
74.0738
74.0738
74.0738
74.0738
74.0738
74.0738
74.0738
74.0738
74.0738
74.0738
74.0738
74.0738
74.0738
74.0738
74.0738
74.0738
74.0738
74.0738
74.0738
74.0738
74.0738
74.0738
74.0738
74.0738
74.0738
74.0738
74.0738
74.0738
74.0738
74.0738
74.0738
74.0738
74.0738
74.0738
74.0738
74.0738
74.0738
74.0738
74.0738
74.0738
74.0738
74.0738
74.0738
74.0738
74.0738
74.0738
74.0738
74.0738
74.0738
74.0738
74.0738
74.0738
74.0738
74.0738
74.0738
74.0738
74.0738
74.0738
74.0738
74.0738
74.0738
74.0738
74.0738
74.0738
74.0738
74.0738
74.0738
74.0738
74.0738
74.0738
74.0738
74.0738
74.0738
74.0738
74.0738
74.0738
74.0738
74.0738
74.0738
74.0738
74.0738
73.7201
73.7201
73.7201
73.7201
73.7201
73.7201
73.7201
73.7201
73.7201
73.7201
73.7201
73.7201
73.7201
73.7201
73.7201
73.7201
73.7201
73.7201
73.7201
73.7201
73.7201
73.7201
73.7201
73.7201
73.7201
73.7201
73.7201
73.7201
73.7201
73.7201
73.7201
73.7201
73.7201
73.7201
73.7201
73.7201
73.7201
73.7201
73.7201
73.7201
73.7201
73.7201
73.7201
73.7201
73.7201
73.7201
73.7201
73.7201
73.7201
73.7201
73.7201
73.7201
73.7201
73.7201
73.7201
73.7201
73.7201
73.7201
73.7201
73.7201
73.7201
73.7201
73.7201
73.7201
73.7201
73.7201
73.7201
73.7201
73.7201
73.7201
73.7201
73.7201
73.7201
73.7201
73.7201
73.7201
73.7201
73.7201
73.7201
73.7201
73.7201
73.7201
73.7201
73.7201
73.7201
73.7201
73.7201
73.7201
73.7201
73.7201
73.7201
73.7201
73.7201
73.7201
73.7201
73.7201
73.7201
73.7201
73.7201
73.7201
73.7201
73.7201
73.7201
73.7201
73.7201
73.7201
73.7201
73.7201
73.7201
73.7201
73.7201
73.7201
73.7201
73.7201
73.7201
73.7201
73.7201
73.7201
73.7201
73.7201
73.7201
73.7201
73.7201
73.7201
73.7201
73.7201
73.7201
73.7201
73.7201
73.7201
73.7201
73.7201
73.7201
73.7201
73.7201
73.7201
73.7201
73.7201
73.7201
73.7201
73.7201
73.7201
73.7201
73.7201
73.7201
73.7201
73.7201
73.7201
73.7201
73.7201
73.7201
73.7201
73.7201
73.7201
73.7201
73.7201
73.7201
73.7201
73.7201
73.7201
73.7201
73.7201
73.7201
73.7201
73.7201
73.7201
73.7201
73.7201
73.7201
73.7201
73.7201
73.7201
73.7201
73.7201
73.7201
73.7201
73.7201
73.7201
73.7201
73.7201
73.7201
73.7201
73.7201
73.7201
73.7201
73.7201
73.7201
73.7201
73.7201
73.7201
73.7201
73.7201
73.7201
73.7201
73.7201
73.7201
73.7201
73.7201
73.7201
73.7201
73.7201
73.7201
73.7201
73.7201
73.7201
73.7201
73.7201
73.7201
73.7201
73.7201
73.7201
73.7201
73.7201
73.7201
73.7201
73.7201
73.7201
73.7201
73.7201
73.7201
73.7201
73.7201
73.7201
73.7201
73.7201
73.7201
73.7201
73.7201
73.7201
73.7201
73.7201
73.7201
73.7201
73.7201
73.7201
73.7201
73.7201
73.7201
73.7201
73.7201
73.7201
73.7201
73.7201
73.7201
73.7201
73.7201
73.7201
73.7201
73.7201
73.7201
73.7201
73.7201
73.7201
73.7201
73.7201
73.7201
73.7201
73.7201
73.7201
73.7201
73.7201
73.7201
73.7201
73.7201
73.7201
73.7201
73.7201
73.7201
73.7201
73.7201
73.7201
73.7201
73.7201
73.7201
73.7201
73.7201
73.7201
73.7201
73.7201
73.7201
73.7201
73.7201
73.7201
73.7201
73.7201
73.7201
73.7201
73.7201
73.7201
73.7201
73.7201
73.7201
73.7201
73.7201
73.7201
73.7201
73.7201
73.7201
73.7201
73.7201
73.7201
73.7201
73.7201
73.7201
73.7201
73.7201
73.7201
73.7201
73.7201
73.7201
73.7201
73.7201
73.7201
73.7201
73.7201
73.7201
73.7201
73.7201
73.7201
73.7201
73.7201
73.7201
73.7201
73.7201
73.7201
73.7201
73.7201
73.7201
73.7201
73.7201
73.7201
73.7201
73.7201
73.7201
73.7201
73.7201
73.7201
73.7201
73.7201
73.7201
73.7201
73.7201
73.7201
73.7201
73.7201
73.7201
73.7201
73.7201
73.7201
73.7201
73.7201
73.7201
73.7201
73.7201
73.7201
73.7201
73.7201
73.7201
73.7201
73.7201
73.7201
73.7201
73.7201
73.7201
73.7201
73.7201
73.7201
73.7201
73.7201
73.7201
73.7201
73.7201
73.7201
73.7201
73.7201
73.7201
73.7201
73.7201
73.7201
73.7201
73.7201
73.7201
73.7201
73.7201
73.7201
73.7201
73.7201
73.7201
73.7201
73.7201
73.7201
73.7201
73.7201
73.7201
73.7201
73.7201
73.7201
73.7201
73.7201
73.7201
73.7201
73.7201
73.7201
73.7201
73.7201
73.7201
73.7201
73.7201
73.7201
73.7201
73.7201
73.7201
73.7201
73.7201
73.7201
73.7201
73.7201
73.7201
73.7201
73.7201
73.7201
73.7201
73.7201
73.7201
73.7201
73.7201
73.7201
73.7201
73.7201
73.7201
73.7201
73.7201
73.7201
73.7201
73.7201
73.7201
73.7201
73.7201
73.7201
73.7201
73.7201
73.7201
73.7201
73.7201
73.7201
73.7201
73.7201
73.7201
73.7201
73.7201
73.7201
73.7201
73.7201
73.7201
73.7201
73.7201
73.7201
73.7201
73.7201
73.7201
73.7201
73.7201
73.7201
73.7201
73.7201
73.7201
73.7201
73.7201
73.7201
73.7201
73.7201
73.7201
73.7201
73.7201
73.7201
73.7201
73.7201
73.7201
73.7201
73.7201
73.7201
73.7201
73.7201
73.7201
73.7201
73.7201
73.7201
73.7201
73.7201
73.7201
73.7201
73.7201
73.7201
73.7201
73.7201
73.7201
73.7201
73.7201
73.7201
73.7201
73.7201
73.7201
73.7201
73.7201
73.7201
73.7201
73.7201
73.7201
73.7201
73.7201
73.7201
73.7201
73.7201
73.7201
73.7201
73.7201
73.7201
73.7201
73.7201
73.7201
73.7201
73.7201
73.7201
73.7201
73.7201
73.7201
73.7201
73.7201
73.7201
73.7201
73.7201
73.7201
73.7201
73.7201
73.7201
73.7201
73.7201
73.7201
73.7201
73.7201
73.7201
73.7201
73.7201
73.7201
73.7201
73.7201
73.7201
73.7201
73.7201
73.7201
73.7201
73.7201
73.7201
73.7201
73.7201
73.7201
73.7201
73.7201
73.7201
73.7201
73.7201
73.7201
73.7201
73.7201
73.7201
73.7201
73.7201
73.7201
73.7201
73.7201
73.7201
73.7201
73.7201
73.7201
73.7201
73.7201
73.7201
73.7201
73.7201
73.7201
73.7201
73.7201
73.7201
73.7201
73.7201
73.7201
73.7201
73.7201
73.7201
73.7201
73.7201
73.7201
73.7201
73.7201
73.7201
73.7201
73.7201
73.7201
73.7201
73.7201
73.7201
73.7201
73.7201
73.7201
73.7201
73.7201
73.7201
73.7201
73.7201
73.7201
73.7201
73.7201
73.7201
73.7201
73.7201
73.7201
73.7201
73.7201
73.7201
73.7201
73.7201
73.7201
73.7201
73.7201
73.7201
73.7201
73.7201
73.7201
73.7201
73.7201
73.7201
73.7201
73.7201
73.7201
73.7201
73.7201
73.7201
73.7201
73.7201
73.7201
73.7201
73.7201
73.7201
73.7201
73.7201
73.7201
73.7201
73.7201
73.7201
73.7201
73.7201
73.7201
73.6394
73.6394
73.6394
73.6394
73.6394
73.6394
73.6394
73.6394
73.6394
73.6394
73.6394
73.6394
73.6394
73.6394
73.6394
73.6394
73.6394
73.6394
73.6394
73.6394
73.6394
73.6394
73.6394
73.6394
73.6394
73.6394
73.6394
73.6394
73.6394
73.6394
73.6394
73.6394
73.6394
73.6394
73.6394
73.6394
73.6394
73.6394
73.6394
73.6394
73.6394
73.6394
73.6394
73.6394
73.6394
73.6394
73.6394
73.6394
73.6394
73.6394
73.6394
73.6394
73.6394
73.6394
73.6394
73.6394
73.6394
73.6394
73.6394
73.6394
73.6394
73.6394
73.6394
73.6394
73.6394
73.6394
73.6394
73.6394
73.6394
73.6394
73.6394
73.6394
73.6394
73.6394
73.3594
73.3594
73.3594
73.3594
73.3594
73.3594
73.3594
73.3594
73.3594
73.3594
73.3594
73.3594
73.3594
73.3594
73.3375
73.3375
73.3375
73.3375
73.3375
73.3375
73.3375
73.3375
73.3375
73.3375
73.3375
73.3375
73.3375
73.3375
73.3375
73.3375
73.3375
73.3375
73.3375
73.3375
73.3375
73.3375
73.3375
73.3375
73.3375
73.3375
73.3375
73.3375
73.3375
73.3375
73.3375
73.3375
73.3375
73.3375
73.3375
73.3375
73.3375
73.3375
73.3375
73.3375
73.3375
73.3375
73.3375
73.3375
73.3375
73.3375
73.3375
73.3375
73.3375
73.3375
73.2483
73.2483
73.2483
73.2483
73.2483
73.2483
73.2483
73.2483
73.2483
73.2483
73.2483
73.2483
73.2483
73.2483
73.2483
73.2483
73.2483
73.2483
73.2483
73.2483
73.2483
73.2483
73.2483
73.2483
73.2483
73.2483
73.2483
73.2483
73.2483
73.2483
73.2483
73.2483
73.2483
73.2483
73.2483
73.2483
73.2483
73.2483
73.2483
73.2483
73.2483
73.2483
73.2483
73.2483
73.2483
73.2483
73.2483
73.2483
73.2483
73.2483
73.2483
73.2483
73.2483
73.2483
73.2483
73.2483
73.2483
73.2483
73.2483
73.2483
73.2483
73.2483
73.2483
73.2483
73.2483
73.2483
73.2483
73.2483
73.2483
73.2483
73.2483
73.0329
73.0329
73.0329
73.0329
73.0329
73.0329
73.0329
73.0329
73.0329
73.0329
73.0329
73.0329
73.0329
73.0329
73.0329
73.0329
73.0329
73.0329
73.0329
73.0329
73.0329
73.0329
73.0329
73.0329
73.0329
73.0329
73.0329
73.0329
73.0329
73.0329
73.0329
73.0329
73.0329
73.0329
73.0329
73.0329
73.0329
73.0329
73.0329
73.0329
73.0329
73.0329
73.0329
73.0329
73.0329
73.0329
73.0329
73.0329
73.0329
73.0329
73.0329
73.0329
73.0329
73.0329
73.0329
73.0329
73.0329
73.0329
73.0329
73.0329
73.0329
73.0329
73.0329
73.0329
73.0329
73.0329
73.0329
73.0329
73.0329
73.0329
73.0329
73.0329
73.0329
73.0329
73.0329
73.0329
73.0329
73.0329
73.0329
73.0329
73.0329
73.0329
73.0329
73.0329
73.0329
73.0329
73.0329
73.0329
73.0329
73.0329
73.0329
73.0329
73.0329
73.0329
73.0329
73.0329
73.0329
73.0329
73.0329
73.0329
73.0329
73.0329
73.0329
73.0329
73.0329
73.0329
73.0329
73.0329
73.0329
73.0329
73.0329
73.0329
73.0329
73.0329
73.0329
73.0329
73.0329
73.0329
73.0329
73.0329
73.0329
73.0329
73.0329
73.0329
73.0329
73.0329
73.0329
73.0329
73.0329
73.0329
73.0329
73.0329
73.0329
73.0329
73.0329
73.0329
73.0329
73.0329
73.0329
73.0329
73.0329
73.0329
73.0329
73.0329
73.0329
73.0329
73.0329
73.0329
73.0329
73.0329
73.0329
73.0329
73.0329
73.0329
73.0329
73.0329
73.0329
73.0329
73.0329
73.0329
73.0329
73.0329
73.0329
73.0329
73.0329
73.0329
73.0329
73.0329
73.0329
73.0329
73.0329
73.0329
73.0329
73.0329
73.0329
73.0329
73.0329
73.0329
73.0329
73.0329
73.0329
73.0329
73.0329
73.0329
73.0329
73.0329
73.0329
73.0329
73.0329
73.0329
73.0329
73.0329
73.0329
73.0329
73.0329
73.0329
73.0329
73.0329
73.0329
73.0329
73.0329
73.0329
73.0329
73.0329
73.0329
73.0329
73.0329
73.0329
73.0329
73.0329
73.0329
73.0329
73.0329
73.0329
73.0329
73.0329
73.0329
73.0329
73.0329
73.0329
73.0329
73.0329
73.0329
73.0329
73.0329
73.0329
73.0329
73.0329
73.0329
73.0329
73.0329
73.0329
73.0329
73.0329
73.0329
73.0329
73.0329
73.0329
73.0329
73.0329
73.0329
73.0329
73.0329
73.0329
73.0329
73.0329
73.0329
73.0329
73.0329
73.0329
73.0329
73.0329
73.0329
73.0329
73.0329
73.0329
73.0329
73.0329
73.0329
73.0329
73.0329
73.0329
73.0329
73.0329
73.0329
73.0329
73.0329
73.0329
73.0329
73.0329
73.0329
73.0329
73.0329
73.0329
73.0329
73.0329
73.0329
73.0329
73.0329
73.0329
73.0329
73.0329
73.0329
73.0329
73.0329
73.0329
73.0329
73.0329
73.0329
73.0329
73.0329
73.0329
73.0329
73.0329
73.0329
73.0329
73.0329
73.0329
73.0329
73.0329
73.0329
73.0329
73.0329
73.0329
73.0329
73.0329
73.0329
73.0329
73.0329
73.0329
73.0329
73.0329
73.0329
73.0329
73.0329
73.0329
73.0329
73.0329
73.0329
73.0329
73.0329
73.0329
73.0329
73.0329
73.0329
73.0329
73.0329
73.0329
73.0329
73.0329
73.0329
73.0329
73.0329
73.0329
73.0329
73.0329
73.0329
73.0329
73.0329
73.0329
73.0329
73.0329
73.0329
73.0329
73.0329
73.0329
73.0329
73.0329
73.0329
73.0329
73.0329
73.0329
73.0329
73.0329
73.0329
73.0329
73.0329
73.0329
73.0329
73.0329
73.0329
73.0329
73.0329
73.0329
73.0329
73.0329
73.0329
73.0329
73.0329
73.0329
73.0329
73.0329
73.0329
73.0329
73.0329
73.0329
73.0329
73.0329
73.0329
73.0329
73.0329
73.0329
73.0329
73.0329
73.0329
73.0329
73.0329
73.0329
73.0329
73.0329
73.0329
73.0329
73.0329
73.0329
73.0329
73.0329
73.0329
73.0329
73.0329
73.0329
73.0329
73.0329
73.0329
73.0329
73.0329
73.0329
73.0329
73.0329
73.0329
73.0329
73.0329
73.0329
73.0329
73.0329
73.0329
73.0329
73.0329
73.0329
73.0329
73.0329
73.0329
73.0329
73.0329
73.0329
73.0329
73.0329
73.0329
73.0329
73.0329
73.0329
73.0329
73.0329
73.0329
73.0329
73.0329
73.0329
73.0329
73.0329
73.0329
73.0329
73.0329
73.0329
73.0329
73.0329
73.0329
73.0329
73.0329
73.0329
73.0329
73.0329
73.0329
73.0329
73.0329
73.0329
73.0329
73.0329
73.0329
73.0329
73.0329
73.0329
72.6231
72.6231
72.6231
72.6231
72.6231
72.6231
72.6231
72.6231
72.6231
72.6231
72.6231
72.6231
72.6231
72.6231
72.6231
72.6231
72.6231
72.6231
72.6231
72.6231
72.6231
72.6231
72.6231
72.6231
72.6231
72.6231
72.6231
72.6231
72.6231
72.6231
72.6231
72.6231
72.6231
72.6231
72.6231
72.6231
72.6231
72.6231
72.6231
72.6231
72.6231
72.6231
72.6231
72.6231
72.6231
72.6231
72.6231
72.6231
72.6231
72.6231
72.6231
72.6231
72.6231
72.6231
72.6231
72.5554
72.5554
72.5554
72.5554
72.5554
72.5554
72.5554
72.5554
72.5554
72.5554
72.5554
72.5554
72.5554
72.5554
72.5554
72.5554
72.5554
72.5554
72.5554
72.5554
72.5554
72.5554
72.5554
72.5554
72.5554
72.5554
72.5554
72.5554
72.5554
72.5554
72.5554
72.5554
72.5554
72.5554
72.5554
72.5554
72.5554
72.5554
72.5554
72.5554
72.5554
72.5554
72.5554
72.5554
72.5554
72.5554
72.5554
72.5554
72.5554
72.5554
72.5554
72.5554
72.5554
72.5554
72.5554
72.5554
72.5554
72.5554
72.5554
72.5554
72.5554
72.5554
72.5554
72.5554
72.5554
72.5554
72.5554
72.5554
72.5554
72.5554
72.5554
72.5554
72.5554
72.5554
72.5554
72.5554
72.5554
72.5554
72.5554
72.5554
72.5554
72.5554
72.5554
72.5554
72.5554
72.5554
72.5554
72.5554
72.5554
72.5554
72.5554
72.5554
72.5554
72.5554
72.5554
72.5554
72.5554
72.5554
72.5554
72.5554
72.5554
72.5554
72.5554
72.5554
72.5554
72.5554
72.5554
72.5554
72.5554
72.5554
72.5554
72.5554
72.5554
72.5554
72.5554
72.5554
72.5554
72.5554
72.5554
72.5554
72.5554
72.5554
72.5554
72.5554
72.5554
72.5554
72.5554
72.5554
72.5554
72.5554
72.5554
72.5554
72.5554
72.5554
72.5554
72.5554
72.5554
72.5554
72.5554
72.5554
72.5554
72.5554
72.5554
72.5554
72.5554
72.5554
72.5554
72.5554
72.5554
72.5554
72.5554
72.5554
72.5554
72.5554
72.5554
72.5554
72.5554
72.5554
72.5554
72.5554
72.5554
72.5554
72.5554
72.5554
72.5554
72.5554
72.5554
72.5554
72.5554
72.5554
72.5554
72.5554
72.5554
72.5554
72.5554
72.5554
72.5554
72.5554
72.5554
72.5554
72.5554
72.5554
72.5554
72.5554
72.5554
72.5554
72.5554
72.5554
72.5554
72.5554
72.5554
72.5554
72.5554
72.5554
72.5554
72.5554
72.5554
72.5554
72.5554
72.5554
72.5554
72.5554
72.5554
72.5554
72.5554
72.5554
72.5554
72.5554
72.5554
72.5554
72.5554
72.5554
72.5554
72.5554
72.5554
72.5554
72.5554
72.5554
72.5554
72.5554
72.5554
72.5554
72.5554
72.5554
72.5554
72.5554
72.5554
72.5554
72.5554
72.5554
72.5554
72.5554
72.5554
72.5554
72.5554
72.5554
72.5554
72.5554
72.5554
72.5554
72.5554
72.5554
72.5554
72.5554
72.5554
72.5554
72.5554
72.5554
72.5554
72.5554
72.5554
72.5554
72.5554
72.5554
72.5554
72.5554
72.5554
72.5554
72.5554
72.5554
72.5554
72.5554
72.5554
72.5554
72.5554
72.5554
72.5554
72.5554
72.5554
72.5554
72.5554
72.5554
72.5554
72.5554
72.5554
72.5554
72.5554
72.5554
72.5554
72.5554
72.5554
72.5554
72.5554
72.5554
72.5554
72.5554
72.5554
72.5554
72.5554
72.5554
72.5554
72.5554
72.5554
72.5554
72.5554
72.5554
72.5554
72.5554
72.5554
72.5554
72.5554
72.5554
72.5554
72.5554
72.5554
72.5554
72.5554
72.5554
72.5554
72.5554
72.5554
72.5554
72.5554
72.5554
72.5554
72.5554
72.5554
72.5554
72.5554
72.5554
72.5554
72.5554
72.5554
72.5554
72.5554
72.5554
72.5554
72.5554
72.5554
72.5554
72.5554
72.5554
72.5554
72.5554
72.5554
72.5554
72.5554
72.5554
72.5554
72.5554
72.5554
72.5554
72.5554
72.5554
72.5554
72.5554
72.5554
72.5554
72.5554
72.5554
72.5554
72.5554
72.5554
72.5554
72.5554
72.5554
72.5554
72.5554
72.5554
72.5554
72.5554
72.5554
72.5554
72.5554
72.5554
72.5554
72.5554
72.5554
72.5554
72.5554
72.5554
72.5554
72.5554
72.5554
72.5554
72.5554
72.5554
72.5554
72.5554
72.5554
72.5554
72.5554
72.5554
72.5554
72.5554
72.5554
72.5554
72.5554
72.5554
72.5554
72.5554
72.5554
72.5554
72.5554
72.5554
72.5554
72.5554
72.5554
72.5554
72.5554
72.5554
72.5554
72.5554
72.5554
72.5554
72.5554
72.3773
72.3773
72.3773
72.3773
72.3773
72.3773
72.3773
72.3773
72.3773
72.3773
72.3773
72.3773
72.3773
72.3773
72.3773
72.3773
72.3773
72.3773
72.3773
72.3773
72.3773
72.3773
72.3773
72.3773
72.3773
72.3773
72.3773
72.3773
72.3773
72.3773
72.3773
72.3773
72.3773
72.3773
72.3773
72.3773
72.3773
72.3773
72.3773
72.3773
72.3773
72.3773
72.3773
72.3773
72.3773
72.3773
72.3773
72.3773
72.3773
72.3773
72.3773
72.3773
72.3773
72.3773
72.3773
72.3773
72.3773
72.3773
72.3773
72.3773
72.3773
72.3773
72.3773
72.3773
72.3773
72.3773
72.3773
72.3773
72.3773
72.3773
72.3773
72.3773
72.3773
72.3773
72.3773
72.3773
72.3773
72.3773
72.3773
72.3773
72.3773
72.3773
72.3773
72.3773
72.3773
72.3773
72.3773
72.3773
72.3773
72.3773
72.3773
72.3773
72.3773
72.3773
72.3773
72.3773
72.3773
72.3773
72.3773
72.3773
72.3773
72.3773
72.3773
72.3773
72.3773
72.3773
72.3773
72.3773
72.3773
72.3773
72.3773
72.3773
72.3773
72.3773
72.3773
72.3773
72.3773
72.3773
72.3773
72.3773
72.3773
72.3773
72.3773
72.3773
72.3773
72.3773
72.3773
72.3773
72.3773
72.3773
72.3773
72.3773
72.3773
72.3773
72.3773
72.3773
72.3773
72.3773
72.3773
72.3773
72.3773
72.3773
72.3773
72.3773
72.3773
72.3773
72.3773
72.3773
72.3773
72.3773
72.3773
72.3773
72.3773
72.3773
72.3773
72.3773
72.3773
72.3773
72.3773
72.3773
72.3773
72.3773
72.3773
72.3773
72.3773
72.3773
72.3773
72.3773
72.3773
72.3773
72.3773
72.3773
72.3773
72.3773
72.3773
72.3773
72.3773
72.3773
72.3773
72.3773
72.3773
72.3773
72.3773
72.3773
72.3773
72.3504
72.3504
72.3504
72.3504
72.3504
72.3504
72.3504
72.3504
72.3504
72.3504
72.3504
72.3504
72.3504
72.3504
72.3504
72.3504
72.3504
72.3504
72.3504
71.8243
71.8243
71.8243
71.8243
71.8243
71.8243
71.8243
71.8243
71.8243
71.8243
71.8243
71.8243
71.8243
71.8243
71.8243
71.8243
71.8243
71.8243
71.8243
71.515
71.515
71.515
71.515
71.515
71.515
71.515
71.515
71.515
71.515
71.515
71.515
71.515
71.515
71.2001
71.2001
71.2001
71.2001
71.2001
71.2001
71.2001
71.2001
71.2001
71.2001
71.2001
71.2001
71.2001
71.2001
71.2001
71.2001
71.2001
71.2001
71.2001
71.2001
71.2001
71.2001
71.2001
71.2001
71.2001
71.2001
71.2001
71.2001
71.2001
71.2001
71.2001
71.2001
71.2001
71.2001
71.2001
71.2001
71.2001
71.2001
71.2001
71.2001
71.2001
71.2001
71.2001
71.2001
71.2001
71.2001
71.2001
71.2001
71.2001
71.0087
71.0087
71.0087
71.0087
71.0087
71.0087
71.0087
71.0087
71.0087
71.0087
71.0087
71.0087
71.0087
71.0087
71.0087
71.0087
71.0087
71.0087
71.0087
71.0087
71.0087
71.0087
71.0087
71.0087
71.0087
71.0087
71.0087
71.0087
71.0087
71.0087
71.0087
71.0087
71.0087
71.0087
71.0087
71.0087
71.0087
71.0087
71.0087
71.0087
71.0087
71.0087
71.0087
71.0087
71.0087
71.0087
71.0087
71.0087
71.0087
71.0087
71.0087
71.0087
71.0087
71.0087
71.0087
71.0087
71.0087
71.0087
71.0087
71.0087
71.0087
71.0087
71.0087
71.0087
71.0087
71.0087
71.0087
71.0087
71.0087
71.0087
71.0087
71.0087
71.0087
71.0087
71.0087
71.0087
71.0087
71.0087
71.0087
71.0087
71.0087
71.0087
71.0087
71.0087
71.0087
71.0087
71.0087
71.0087
71.0087
71.0087
71.0087
71.0087
71.0087
71.0087
71.0087
71.0087
71.0087
71.0087
71.0087
71.0087
71.0087
71.0087
71.0087
71.0087
71.0087
71.0087
71.0087
71.0087
71.0087
71.0087
71.0087
71.0087
71.0087
71.0087
71.0087
71.0087
71.0087
71.0087
71.0087
71.0087
71.0087
71.0087
71.0087
71.0087
71.0087
71.0087
71.0087
71.0087
71.0087
71.0087
71.0087
71.0087
71.0087
71.0087
71.0087
71.0087
71.0087
71.0087
71.0087
71.0087
71.0087
71.0087
71.0087
71.0087
71.0087
71.0087
71.0087
71.0087
71.0087
71.0087
71.0087
71.0087
71.0087
71.0087
71.0087
71.0087
71.0087
71.0087
71.0087
71.0087
71.0087
71.0087
71.0087
71.0087
71.0087
71.0087
71.0087
71.0087
71.0087
71.0087
71.0087
71.0087
71.0087
71.0087
71.0087
71.0087
71.0087
71.0087
71.0087
71.0087
71.0087
71.0087
71.0087
71.0087
71.0087
71.0087
71.0087
71.0087
71.0087
71.0087
71.0087
71.0087
71.0087
71.0087
71.0087
71.0087
71.0087
71.0087
71.0087
71.0087
71.0087
71.0087
71.0087
71.0087
71.0087
71.0087
71.0087
71.0087
71.0087
71.0087
71.0087
71.0087
71.0087
71.0087
71.0087
71.0087
71.0087
71.0087
71.0087
71.0087
71.0087
71.0087
71.0087
71.0087
71.0087
71.0087
71.0087
71.0087
71.0087
71.0087
71.0087
71.0087
71.0087
71.0087
71.0087
71.0087
71.0087
71.0087
71.0087
71.0087
71.0087
71.0087
71.0087
71.0087
71.0087
71.0087
71.0087
71.0087
71.0087
71.0087
71.0087
71.0087
71.0087
71.0087
71.0087
71.0087
71.0087
71.0087
71.0087
71.0087
71.0087
71.0087
71.0087
71.0087
71.0087
71.0087
71.0087
71.0087
71.0087
71.0087
71.0087
71.0087
71.0087
71.0087
71.0087
71.0087
71.0087
71.0087
71.0087
71.0087
71.0087
71.0087
71.0087
71.0087
71.0087
71.0087
71.0087
71.0087
71.0087
71.0087
71.0087
71.0087
71.0087
71.0087
71.0087
71.0087
71.0087
71.0087
71.0087
71.0087
71.0087
71.0087
71.0087
71.0087
71.0087
71.0087
71.0087
71.0087
71.0087
71.0087
71.0087
71.0087
71.0087
71.0087
71.0087
71.0087
71.0087
71.0087
71.0087
71.0087
71.0087
71.0087
71.0087
71.0087
71.0087
71.0087
71.0087
71.0087
71.0087
71.0087
71.0087
71.0087
71.0087
71.0087
71.0087
71.0087
71.0087
71.0087
71.0087
71.0087
71.0087
71.0087
71.0087
71.0087
71.0087
71.0087
71.0087
71.0087
71.0087
71.0087
71.0087
71.0087
71.0087
71.0087
71.0087
71.0087
71.0087
71.0087
71.0087
71.0087
71.0087
71.0087
71.0087
71.0087
71.0087
71.0087
71.0087
71.0087
71.0087
71.0087
71.0087
71.0087
71.0087
71.0087
71.0087
71.0087
71.0087
71.0087
71.0087
71.0087
71.0087
71.0087
71.0087
71.0087
71.0087
71.0087
71.0087
71.0087
71.0087
71.0087
71.0087
71.0087
71.0087
71.0087
71.0087
71.0087
71.0087
71.0087
71.0087
71.0087
71.0087
71.0087
71.0087
71.0087
71.0087
71.0087
71.0087
71.0087
71.0087
71.0087
71.0087
71.0087
71.0087
71.0087
71.0087
71.0087
71.0087
71.0087
71.0087
71.0087
71.0087
71.0087
71.0087
71.0087
71.0087
71.0087
71.0087
71.0087
71.0087
71.0087
71.0087
71.0087
71.0087
71.0087
71.0087
71.0087
71.0087
71.0087
71.0087
71.0087
71.0087
71.0087
71.0087
71.0087
71.0087
71.0087
71.0087
71.0087
71.0087
71.0087
71.0087
71.0087
71.0087
71.0087
71.0087
71.0087
71.0087
71.0087
71.0087
71.0087
71.0087
71.0087
71.0087
71.0087
71.0087
71.0087
71.0087
71.0087
71.0087
71.0087
71.0087
71.0087
71.0087
71.0087
71.0087
71.0087
71.0087
71.0087
71.0087
71.0087
71.0087
71.0087
71.0087
71.0087
71.0087
71.0087
71.0087
71.0087
71.0087
71.0087
71.0087
71.0087
71.0087
71.0087
71.0087
71.0087
71.0087
71.0087
71.0087
71.0087
71.0087
71.0087
71.0087
71.0087
71.0087
71.0087
71.0087
71.0087
71.0087
71.0087
71.0087
71.0087
71.0087
71.0087
71.0087
71.0087
71.0087
71.0087
71.0087
71.0087
71.0087
71.0087
71.0087
71.0087
71.0087
71.0087
71.0087
71.0087
71.0087
71.0087
71.0087
71.0087
71.0087
70.7982
70.7982
70.7982
70.7982
70.7982
70.7982
70.7982
70.7982
70.7982
70.7982
70.7982
70.7982
70.7982
70.7982
70.7982
70.7982
70.7982
70.7982
70.7982
70.7982
70.7982
70.7982
70.7982
70.7982
70.7982
70.7982
70.7982
70.7982
70.7982
70.7982
70.7982
70.7982
70.7982
70.7982
70.7982
70.7982
70.7982
70.7982
70.7982
70.7982
70.7982
70.7982
70.5324
70.5324
70.5324
70.5324
70.5324
70.5324
70.5324
70.5324
70.5324
70.5324
70.5324
70.5324
70.5324
70.5324
70.5324
70.5324
70.5324
70.31
70.31
70.31
70.31
70.31
70.2483
70.2483
70.2483
70.2483
70.2483
70.2483
70.2483
70.2483
70.2483
70.2483
70.2483
70.2483
69.9405
69.9405
69.9405
69.9405
69.9405
69.9405
69.9405
69.9405
69.9405
69.9405
69.9405
69.9405
69.9405
69.9405
69.9405
69.9405
69.9405
69.9405
69.9405
69.9405
69.9405
69.9405
69.9405
69.9405
69.9405
69.9405
69.9405
69.9405
69.9405
69.9405
69.9405
69.9405
69.9405
69.9405
69.9405
69.9405
69.9405
69.9405
69.9405
69.9405
69.9405
69.9405
69.9405
69.9405
69.9405
69.9405
69.9405
69.9405
69.9405
69.9405
69.9405
69.9405
69.9405
69.9405
69.9405
69.9405
69.9405
69.9405
69.9405
69.9405
69.9405
69.9405
69.9405
69.9405
69.9405
69.9405
69.9405
69.9405
69.9405
69.9405
69.9405
69.9405
69.9405
69.9405
69.9405
69.9405
69.9405
69.9405
69.9405
69.9405
69.9405
69.9405
69.9405
69.9405
69.9405
69.9405
69.9405
69.9405
69.9405
69.9405
69.9405
69.9405
69.9405
69.9405
69.9405
69.9405
69.9405
69.9405
69.9405
69.9405
69.9405
69.9405
69.9405
69.9405
69.9405
69.9405
69.9405
69.9405
69.9405
69.9405
69.9405
69.9405
69.9405
69.9405
69.9405
69.9405
69.9405
69.9405
69.9405
69.9405
69.9405
69.9405
69.9405
69.9405
69.9405
69.9405
69.9405
69.9405
69.9405
69.9405
69.9405
69.9405
69.9405
69.9405
69.9405
69.9405
69.9405
69.9405
69.9405
69.9405
69.9405
69.9405
69.9405
69.9405
69.9405
69.9405
69.9405
69.9405
69.9405
69.9405
69.9405
69.9405
69.9405
69.9405
69.9405
69.9405
69.9405
69.9405
69.9405
69.9405
69.9405
69.9405
69.9405
69.9405
69.9405
69.9405
69.9405
69.9405
69.9405
69.9405
69.9405
69.9405
69.9405
69.9405
69.9405
69.9405
69.9405
69.9405
69.9405
69.9405
69.9405
69.9405
69.9405
69.9405
69.9405
69.9405
69.9405
69.9405
69.9405
69.9405
69.9405
69.9405
69.9405
69.9405
69.9405
69.9405
69.9405
69.9405
69.9405
69.9405
69.9405
69.9405
69.9405
69.9405
69.9405
69.9405
69.9405
69.9405
69.9405
69.9405
69.9405
69.9405
69.9405
69.9405
69.9405
69.9405
69.9405
69.9405
69.9405
69.9405
69.9405
69.9405
69.9405
69.9405
69.9405
69.9405
69.9405
69.9405
69.9405
69.9405
69.9405
69.9405
69.9405
69.9405
69.9405
69.9405
69.9405
69.9405
69.9405
69.9405
69.9405
69.9405
69.9405
69.9405
69.9405
69.9405
69.9405
69.9405
69.9405
69.9405
69.9405
69.9405
69.9405
69.9405
69.9405
69.9405
69.9405
69.9405
69.9405
69.9405
69.9405
69.9405
69.9405
69.9405
69.9405
69.9405
69.9405
69.9405
69.9405
69.9405
69.9405
69.9405
69.9405
69.9405
69.9405
69.9405
69.9405
69.9405
69.9405
69.9405
69.9405
69.9405
69.9405
69.9405
69.9405
69.9405
69.9405
69.9405
69.9405
69.9405
69.9405
69.9405
69.9405
69.9405
69.9405
69.9405
69.9405
69.9405
69.9405
69.5568
69.5568
69.5568
69.5568
69.5568
69.5568
69.5568
69.5568
69.5568
69.5568
69.5568
69.5568
69.5568
69.5568
69.5568
69.5568
69.5568
69.5568
69.5568
69.5568
69.5568
69.5568
69.5568
69.5568
69.5568
69.5568
69.5568
69.5568
69.5568
69.5568
69.5568
69.5568
69.5568
69.5568
69.5568
69.5568
69.5568
69.5568
69.5568
69.5568
69.5568
69.5568
69.5568
69.5568
69.5568
69.5568
69.5568
69.5568
69.5568
69.5568
69.5568
69.5568
69.5568
69.5568
69.5568
69.5568
69.5568
69.5568
69.5568
69.5568
69.5568
69.5568
69.5568
69.5568
69.5568
69.5568
69.5568
69.5568
69.5568
69.5568
69.5568
69.5568
69.5568
69.5568
69.5568
69.5568
69.5568
69.5568
69.5568
69.5568
69.5568
69.5568
69.5568
69.5568
69.5568
69.5568
69.5568
69.5568
69.5568
69.5568
69.5568
69.5568
69.5568
69.5568
69.5568
69.5568
69.5568
69.5568
69.5568
69.5568
69.5568
69.5568
69.5568
69.5568
69.5568
69.5568
69.5568
69.5568
69.5568
69.5568
69.5568
69.5568
69.5568
69.5568
69.5568
69.5568
69.5568
69.5568
69.5568
69.5568
69.5568
69.5568
69.5568
69.5568
69.5568
69.5568
69.5568
69.5568
69.5568
69.5568
69.5568
69.5568
69.5568
69.5568
69.5568
69.5568
69.5568
69.5568
69.5568
69.5568
69.5568
69.5568
69.5568
69.5568
69.5568
69.5568
69.5568
69.5568
69.5568
69.5568
69.5568
69.5568
69.5568
69.5568
69.5568
69.5568
69.5568
69.5568
69.5568
69.5568
69.5568
69.5568
69.5568
69.5568
69.5568
69.5568
69.5568
69.5568
69.5568
69.5568
69.5568
69.5568
69.5568
69.5568
69.5568
69.5568
69.5568
69.5568
69.5568
69.5568
69.5568
69.5568
69.5568
69.5568
69.5568
69.5568
69.5568
69.5568
69.5568
69.5568
69.5568
69.5568
69.5568
69.5568
69.5568
69.5568
69.5568
69.5568
69.5568
69.5568
69.5568
69.5568
69.5568
69.5568
69.5568
69.5568
69.5568
69.5568
69.5568
69.5568
69.5568
69.5568
69.5568
69.5568
69.5568
69.5568
69.5568
69.5568
69.5568
69.5568
69.5568
69.5568
69.5568
69.5568
69.5568
69.5568
69.5568
69.5568
69.5568
69.5568
69.5568
69.5568
69.5568
69.5568
69.5568
69.5568
69.5568
69.5568
69.5568
69.5568
69.5568
69.5568
69.5568
69.5568
69.5568
69.5568
69.5568
69.5568
69.5568
69.5568
69.5568
69.5568
69.5568
69.5568
69.5568
69.5568
69.5568
69.5568
69.5568
69.5568
69.5568
69.5568
69.5568
69.5568
69.5568
69.5568
69.5568
69.5568
69.5568
69.5568
69.5568
69.5568
69.5568
69.5568
69.5568
69.5568
69.5568
69.5568
69.5568
69.5568
69.5568
69.5568
69.5568
69.5568
69.5568
69.5568
69.5568
69.5568
69.5568
69.5568
69.5568
69.5568
69.5568
69.5568
69.5568
69.5568
69.5568
69.5568
69.5568
69.5568
69.5568
69.5568
69.5568
69.5568
69.5568
69.5568
69.5568
69.5568
69.5568
69.5568
69.5568
69.5568
69.5568
69.5568
69.5568
69.5568
69.5568
69.5568
69.5568
69.5568
69.5568
69.5568
69.5568
69.5568
69.5568
69.5568
69.5568
69.5568
69.5568
69.5568
69.5568
69.5568
69.5568
69.5568
69.5568
69.5568
69.5568
69.5568
69.5568
69.5568
69.5568
69.5568
69.5568
69.5568
69.5568
69.5568
69.5568
69.5568
69.5568
69.5568
69.5568
69.5568
69.5568
69.5568
69.5568
69.5568
69.5568
69.5568
69.5568
69.5568
69.5568
69.5568
69.5568
69.5568
69.5568
69.5568
69.5568
69.5568
69.5568
69.5568
69.5568
69.5568
69.5568
69.5568
69.5568
69.5568
69.5568
69.5568
69.5568
69.5568
69.5568
69.5568
69.5568
69.5568
69.5568
69.5568
69.5568
69.5568
69.5568
69.5568
69.5568
69.5568
69.5568
69.5568
69.5568
69.5568
69.5568
69.5568
69.5568
69.5568
69.5568
69.5568
69.5568
69.5568
69.5568
69.5568
69.5568
69.5568
69.5568
69.5568
69.5568
69.5568
69.5568
69.5568
69.5568
69.5568
69.5568
69.5568
69.5568
69.5568
69.5568
69.5568
69.5568
69.5568
69.5568
69.5568
69.5568
69.5568
69.5568
69.5568
69.5568
69.5568
69.5568
69.5568
69.5568
69.5568
69.5568
69.5568
69.5568
69.5568
69.5568
69.5568
69.5568
69.5568
69.5568
69.5568
69.5568
69.5568
69.5568
69.5568
69.5568
69.5568
69.5568
69.5568
69.5568
69.5568
69.5568
69.5568
69.5568
69.5568
69.5568
69.5568
69.5568
69.5568
69.5568
69.5568
69.5568
69.5568
69.5568
69.5568
69.5568
69.5568
69.5568
69.5568
69.5568
69.5568
69.5568
69.5568
69.5568
69.5568
69.5568
69.5568
69.5568
69.5568
69.5568
69.5568
69.5568
69.5568
69.5568
69.5568
69.5568
69.5568
69.5568
69.5568
69.5568
69.5568
69.5568
69.5568
69.5568
69.5568
69.5568
69.5568
69.5568
69.5568
69.5568
69.5568
69.5568
69.5568
69.5568
69.5568
69.5568
69.5568
69.5568
69.5568
69.5568
69.5568
69.5568
69.5568
69.5568
69.5568
69.5568
69.5568
69.5568
69.5568
69.5568
69.5568
69.5568
69.5568
69.5568
69.5568
69.5568
69.5568
69.5568
69.5568
69.5568
69.5568
69.5568
69.5568
69.5568
69.5568
69.5568
69.5568
69.5568
69.5568
69.5568
69.5568
69.5568
69.5568
69.5568
69.5568
69.5568
69.5568
69.5568
69.5568
69.5568
69.5568
69.5568
69.5568
69.5568
69.5568
69.5568
69.5568
69.5568
69.5568
69.5568
69.5568
69.5568
69.5568
69.5568
69.5568
69.5568
69.5568
69.5568
69.5568
69.5568
69.5568
69.5568
69.5568
69.5568
69.5568
69.5568
69.5568
69.5568
69.5568
69.5568
69.5568
69.5568
69.5568
69.5568
69.5568
69.5568
69.5568
69.5568
69.5568
69.5568
69.5568
69.5568
69.5568
69.5568
69.5568
69.5568
69.5568
69.5568
69.5568
69.5568
69.5568
69.5568
69.5568
69.5568
69.5568
69.5568
69.5568
69.5568
69.5568
69.5568
69.5568
69.5568
69.5568
69.5568
69.5568
69.5568
69.5568
69.5568
69.5568
69.5568
69.5568
69.5568
69.5568
69.5568
69.5568
69.5568
69.5568
69.5568
69.5568
69.5568
69.5568
69.5568
69.5568
69.5568
69.5568
69.5568
69.5568
69.5568
69.5568
69.5568
69.5568
69.5568
69.5568
69.5568
69.5568
69.5568
69.5568
69.5568
69.5568
69.5568
69.5568
69.5568
69.5568
69.5568
69.5568
69.5568
69.5568
69.5568
69.5568
69.5568
69.5568
69.5568
69.5568
69.5568
69.5568
69.5568
69.5568
69.5568
69.5568
69.5568
69.5568
69.5568
69.5568
69.5568
69.5568
69.5568
69.5568
69.5568
69.5568
69.5568
69.5568
69.5568
69.5568
69.5568
69.5568
69.5568
69.5568
69.5568
69.5568
69.5568
69.5568
69.5568
69.5568
69.5568
69.5568
69.5568
69.5568
69.5568
69.5568
69.5568
69.5568
69.5568
69.5568
69.5568
69.5568
69.5568
69.5568
69.5568
69.5568
69.5568
69.5568
69.5568
69.5568
69.5568
69.5568
69.5568
69.5568
69.5568
69.5568
69.5568
69.5568
69.5568
69.5568
69.5568
69.5568
69.5568
69.5568
69.5568
69.5568
69.5568
69.5568
69.5568
69.5568
69.5568
69.5568
69.5568
69.5568
69.5568
69.5568
69.5568
69.5568
69.5568
69.5568
69.5568
69.5568
69.5568
69.5568
69.5568
69.5568
69.5568
69.5568
69.5568
69.5568
69.5568
69.5568
69.5568
69.5568
69.5568
69.5568
69.5568
69.5568
69.5568
69.5568
69.5568
69.5568
69.5568
69.5568
69.5568
69.5568
69.5568
69.5568
69.5568
69.5568
69.5568
69.5568
69.5568
69.5568
69.5568
69.5568
69.5568
69.5568
69.5568
69.5568
69.5568
69.5568
69.5568
69.5568
69.5568
69.5568
69.5568
69.5568
69.5568
69.5568
69.5568
69.5568
69.5568
69.5568
69.5568
69.5568
69.5568
69.5568
69.5568
69.5568
69.5568
69.5568
69.5568
69.5568
69.5568
69.5568
69.5568
69.5568
69.5568
69.5568
69.5568
69.5568
69.5568
69.5568
69.5568
69.5568
69.5568
69.5568
69.5568
69.5568
69.5568
69.5568
69.5568
69.5568
69.5568
69.5568
69.5568
69.5568
69.5568
69.5568
69.5568
69.5568
69.5568
69.5568
69.5568
69.5568
69.5568
69.5568
69.5568
69.5568
69.5568
69.5568
69.5568
69.5568
69.5568
69.5568
69.5568
69.5568
69.5568
69.5568
69.5568
69.5568
69.5568
69.5568
69.5568
69.5568
69.5568
69.5568
69.5568
69.5568
69.5568
69.5568
69.5568
69.5568
69.5568
69.5568
69.5568
69.5568
69.5568
69.5568
69.5568
69.5568
69.5568
69.5568
69.5568
69.5568
69.5568
69.5568
69.5568
69.5568
69.5568
69.5568
69.5568
69.5568
69.5568
69.5568
69.5568
69.5568
69.5568
69.5568
69.5568
69.5568
69.5568
69.5568
69.5568
69.5568
69.5568
69.5568
69.5568
69.5568
69.5568
69.5568
69.5568
69.5568
69.5568
69.5568
69.5568
69.5568
69.5568
69.5568
69.5568
69.5568
69.5568
69.5568
69.5568
69.5568
69.5568
69.5568
69.5568
69.5568
69.5568
69.5568
69.5568
69.5568
69.5568
69.5568
69.5568
69.5568
69.5568
69.5568
69.5568
69.5568
69.5568
69.5568
69.5568
69.5568
69.5568
69.5568
69.5568
69.5568
69.5568
69.5568
69.5568
69.5568
69.5568
69.5568
69.5568
69.5568
69.5568
69.5568
69.5568
69.5568
69.5568
69.5568
69.5568
69.5568
69.5568
69.5568
69.5568
69.5568
69.5568
69.5568
69.5568
69.5568
69.5568
69.5568
69.5568
69.5568
69.5568
69.5568
69.5568
69.5568
69.5568
69.5568
69.5568
69.5568
69.5568
69.5568
69.5568
69.5568
69.5568
69.5568
69.5568
69.5568
69.5568
69.5568
69.5568
69.5568
69.5568
69.5568
69.5568
69.5568
69.5568
69.5568
69.5568
69.5568
69.5568
69.5568
69.5568
69.5568
69.5568
69.5568
69.5568
69.5568
69.5568
69.5568
69.5568
69.5568
69.5568
69.5568
69.5568
69.5568
69.5568
69.5568
69.5568
69.5568
69.5568
69.5568
69.5568
69.5568
69.5568
69.5568
69.5568
69.5568
69.5568
69.5568
69.5568
69.5568
69.5568
69.5568
69.5568
69.5568
69.5568
69.5568
69.5568
69.5568
69.5568
69.5568
69.5568
69.5568
69.5568
69.5568
69.5568
69.5568
69.5568
69.5568
69.5568
69.5568
69.5568
69.5568
69.5568
69.5568
69.5568
69.5568
69.5568
69.5568
69.5568
69.5568
69.5568
69.5568
69.5568
69.5568
69.5568
69.5568
69.5568
69.5568
69.5568
69.5568
69.5568
69.5568
69.5568
69.5568
69.5568
69.5568
69.5568
69.5568
69.5568
69.5568
69.5568
69.5568
69.5568
69.5568
69.5568
69.5568
69.5568
69.5568
69.5568
69.5568
69.5568
69.5568
69.5568
69.5568
69.5568
69.5568
69.5568
69.5568
69.5568
69.5568
69.5568
69.5568
69.5568
69.5568
69.5568
69.5568
69.5568
69.5568
69.5568
69.5568
69.5568
69.5568
69.5568
69.5568
69.5568
69.5568
69.5568
69.5568
69.5568
69.5568
69.5568
69.5568
69.5568
69.5568
69.5568
69.5568
69.5568
69.5568
69.5568
69.5568
69.5568
69.5568
69.5568
69.5568
69.5568
69.5568
69.5568
69.5568
69.5568
69.5568
69.5568
69.5568
69.5568
69.5568
69.5568
69.5568
69.5568
69.5568
69.5568
69.5568
69.5568
69.5568
69.5568
69.5568
69.5568
69.5568
69.5568
69.5568
69.5568
69.5568
69.5568
69.5568
69.5568
69.5568
69.5568
69.5568
69.5568
69.5568
69.5568
69.5568
69.5568
69.5568
69.5568
69.5568
69.5568
69.5568
69.5568
69.5568
69.5568
69.5568
69.5568
69.5568
69.5568
69.5568
69.5568
69.5568
69.5568
69.5568
69.5568
69.5568
69.5568
69.5568
69.5568
69.5568
69.5568
69.5568
69.5568
69.5568
69.5568
69.5568
69.5568
69.5568
69.5568
69.5568
69.5568
69.5568
69.5568
69.5568
69.5568
69.5568
69.5568
69.5568
69.5568
69.5568
69.5568
69.5568
69.5568
69.5568
69.5568
69.5568
69.5568
69.5568
69.5568
69.5568
69.5568
69.5568
69.5568
69.5568
69.5568
69.5568
69.5568
69.5568
69.5568
69.5568
69.5568
69.5568
69.5568
69.5568
69.5568
69.5568
69.5568
69.5568
69.5568
69.5568
69.5568
69.5568
69.5568
69.5568
69.5568
69.5568
69.5568
69.5568
69.5568
69.5568
69.5568
69.5568
69.5568
69.5568
69.5568
69.5568
69.5568
69.5568
69.5568
69.5568
69.5568
69.5568
69.5568
69.5568
69.5568
69.5568
69.5568
69.5568
69.5568
69.5568
69.5568
69.5568
69.5568
69.5568
69.5568
69.5568
69.5568
69.5568
69.5568
69.5568
69.5568
69.5568
69.5568
69.5568
69.5568
69.5568
69.5568
69.5568
69.5568
69.5568
69.5568
69.5568
69.5568
69.5568
69.5568
69.5568
69.5568
69.5568
69.5568
69.5568
69.5568
69.5568
69.5568
69.5568
69.5568
69.5568
69.5568
69.5568
69.5568
69.5568
69.5568
69.5568
69.5568
69.5568
69.5568
69.5568
69.5568
69.5568
69.5568
69.5568
69.5568
69.5568
69.5568
69.5568
69.5568
69.5568
69.5568
69.5568
69.5568
69.5568
69.5568
69.5568
69.5568
69.5568
69.5568
69.5568
69.5568
69.5568
69.5568
69.5568
69.5568
69.5568
69.5568
69.5568
69.5568
69.5568
69.5568
69.5568
69.5568
69.5568
69.5568
69.5568
69.5568
69.5568
69.5568
69.5568
69.5568
69.5568
69.5568
69.5568
69.5568
69.5568
69.5568
69.5568
69.5568
69.5568
69.5568
69.5568
69.5568
69.5568
69.5568
69.5568
69.5568
69.5568
69.5568
69.5568
69.5568
69.5568
69.5568
69.5568
69.5568
69.5568
69.5568
69.5568
69.5568
69.5568
69.5568
69.5568
69.5568
69.5568
69.5568
69.5568
69.5568
69.5568
69.5568
69.5568
69.5568
69.5568
69.5568
69.5568
69.5568
69.5568
69.5568
69.5568
69.5568
69.5568
69.5568
69.5568
69.5568
69.5568
69.5568
69.5568
69.5568
69.5568
69.5568
69.5568
69.5568
69.5568
69.5568
69.5568
69.5568
69.5568
69.5568
69.5568
69.5568
69.5568
69.5568
69.5568
69.5568
69.5568
69.5568
69.5568
69.5568
69.5568
69.5568
69.5568
69.5568
69.5568
69.5568
69.5568
69.5568
69.5568
69.5568
69.5568
69.5568
69.5568
69.5568
69.5568
69.5568
69.5568
69.5568
69.5568
69.5568
69.5568
69.5568
69.5568
69.5568
69.5568
69.5568
69.5568
69.5568
69.5568
69.5568
69.5568
69.5568
69.5568
69.5568
69.5568
69.5568
69.5568
69.5568
69.5568
69.5568
69.5568
69.5568
69.5568
69.5568
69.5568
69.5568
69.5568
69.5568
69.5568
69.5568
69.5568
69.5568
69.5568
69.5568
69.5568
69.5568
69.5568
69.5568
69.5568
69.5568
69.5568
69.5568
69.5568
69.5568
69.5568
69.5568
69.5568
69.5568
69.5568
69.5568
69.5568
69.5568
69.5568
69.5568
69.5568
69.5568
69.5568
69.5568
69.5568
69.5568
69.5568
69.5568
69.5568
69.5568
69.5568
69.5568
69.5568
69.5568
69.5568
69.5568
69.5568
69.5568
69.5568
69.5568
69.5568
69.5568
69.5568
69.5568
69.5568
69.5568
69.5568
69.5568
69.5568
69.5568
69.5568
69.5568
69.5568
69.5568
69.5568
69.5568
69.5568
69.5568
69.5568
69.5568
69.5568
69.5568
69.5568
69.5568
69.5568
69.5568
69.5568
69.5568
69.5568
69.5568
69.5568
69.5568
69.5568
69.5568
69.5568
69.5568
69.5568
69.5568
69.5568
69.5568
69.5568
69.5568
69.5568
69.5568
69.5568
69.5568
69.5568
69.5568
69.5568
69.5568
69.5568
69.5568
69.5568
69.5568
69.5568
69.5568
69.5568
69.5568
69.5568
69.5568
69.5568
69.5568
69.5568
69.5568
69.5568
69.5568
69.5568
69.5568
69.5568
69.5568
69.5568
69.5568
69.5568
69.5568
69.5568
69.5568
69.5568
69.5568
69.5568
69.5568
69.5568
69.5568
69.5568
69.5568
69.5568
69.5568
69.5568
69.5568
69.5568
69.5568
69.5568
69.5568
69.5568
69.5568
69.5568
69.5568
69.5568
69.5568
69.5568
69.5568
69.5568
69.5568
69.5568
69.5568
69.5568
69.5568
69.5568
69.5568
69.5568
69.5568
69.5568
69.5568
69.5568
69.5568
69.5568
69.5568
69.5568
69.5568
69.5568
69.5568
69.5568
69.5568
69.5568
69.5568
69.5568
69.5568
69.5568
69.5568
69.5568
69.5568
69.5568
69.5568
69.5568
69.5568
69.5568
69.5568
69.5568
69.5568
69.5568
69.5568
69.5568
69.5568
69.5568
69.5568
69.5568
69.5568
69.5568
69.5568
69.5568
69.5568
69.5568
69.5568
69.5568
69.5568
69.5568
69.5568
69.5568
69.5568
69.5568
69.5568
69.5568
69.5568
69.5568
69.5568
69.5568
69.5568
69.5568
69.5568
69.5568
69.5568
69.5568
69.5568
69.5568
69.5568
69.5568
69.5568
69.5568
69.5568
69.5568
69.5568
69.5568
69.5568
69.5568
69.5568
69.5568
69.5568
69.5568
69.5568
69.5568
69.5568
69.5568
69.5568
69.5568
69.5568
69.5568
69.5568
69.5568
69.5568
69.5568
69.5568
69.5568
69.5568
69.5568
69.5568
69.5568
69.5568
69.5568
69.5568
69.5568
69.5568
69.5568
69.5568
69.5568
69.5568
69.5568
69.5568
69.5568
69.5568
69.5568
69.5568
69.5568
69.5568
69.5568
69.5568
69.5568
69.5568
69.5568
69.5568
69.5568
69.5568
69.5568
69.5568
69.5568
69.5568
69.5568
69.5568
69.5568
69.5568
69.5568
69.5568
69.5568
69.5568
69.5568
69.5568
69.5568
69.5568
69.5568
69.5568
69.5568
69.5568
69.5568
69.5568
69.5568
69.5568
69.5568
69.5568
69.5568
69.5568
69.5568
69.5568
69.5568
69.5568
69.5568
69.5568
69.5568
69.5568
69.5568
69.5568
69.5568
69.5568
69.5568
69.5568
69.5568
69.5568
69.5568
69.5568
69.5568
69.5568
69.5568
69.5568
69.5568
69.5568
69.5568
69.5568
69.5568
69.5568
69.5568
69.5568
69.5568
69.5568
69.5568
69.5568
69.5568
69.5568
69.5568
69.5568
69.5568
69.5568
69.5568
69.5568
69.5568
69.5568
69.5568
69.5568
69.5568
69.5568
69.5568
69.5568
69.5568
69.5568
69.5568
69.5568
69.5568
69.5568
69.5568
69.5568
69.5568
69.5568
69.5568
69.5568
69.5568
69.5568
69.5568
69.5568
69.5568
69.5568
69.5568
69.5568
69.5568
69.5568
69.5568
69.5568
69.5568
69.5568
69.5568
69.5568
69.5568
69.5568
69.5568
69.5568
69.5568
69.5568
69.5568
69.5568
69.5568
69.5568
69.5568
69.5568
69.5568
69.5568
69.5568
69.5568
69.5568
69.5568
69.5568
69.5568
69.5568
69.5568
69.5568
69.5568
69.5568
69.5568
69.5568
69.5568
69.5568
69.5568
69.5568
69.5568
69.5568
69.5568
69.5568
69.5568
69.5568
69.5568
69.5568
69.5568
69.5568
69.5568
69.5568
69.5568
69.5568
69.5568
69.5568
69.5568
69.5568
69.5568
69.5568
69.5568
69.5568
69.5568
69.5568
69.5568
69.5568
69.5568
69.5568
69.5568
69.5568
69.5568
69.5568
69.5568
69.5568
69.5568
69.5568
69.5568
69.5568
69.5568
69.5568
69.5568
69.5568
69.5568
69.5568
69.5568
69.5568
69.5568
69.5568
69.5568
69.5568
69.5568
69.5568
69.5568
69.5568
69.5568
69.5568
69.5568
69.5568
69.5568
69.5568
69.5568
69.5568
69.5568
69.5568
69.5568
69.5568
69.5568
69.5568
69.5568
69.5568
69.5568
69.5568
69.5568
69.5568
69.5568
69.5568
69.5568
69.5568
69.5568
69.5568
69.5568
69.5568
69.5568
69.5568
69.5568
69.5568
69.5568
69.5568
69.5568
69.5568
69.5568
69.5568
69.5568
69.5568
69.5568
69.5568
69.5568
69.5568
69.5568
69.5568
69.5568
69.5568
69.5568
69.5568
69.5568
69.5568
69.5568
69.5568
69.5568
69.5568
69.5568
69.5568
69.5568
69.5568
69.5568
69.5568
69.5568
69.5568
69.5568
69.5568
69.5568
69.5568
69.5568
69.5568
69.5568
69.5568
69.5568
69.5568
69.5568
69.5568
69.5568
69.5568
69.5568
69.5568
69.5568
69.5568
69.5568
69.5568
69.5568
69.5568
69.5568
69.5568
69.5568
69.5568
69.5568
69.5568
69.5568
69.5568
69.5568
69.5568
69.5568
69.5568
69.5568
69.5568
69.5568
69.5568
69.5568
69.5568
69.5568
69.5568
69.5568
69.5568
69.5568
69.5568
69.5568
69.5568
69.5568
69.5568
69.5568
69.5568
69.5568
69.5568
69.5568
69.5568
69.5568
69.5568
69.5568
69.5568
69.5568
69.5568
69.5568
69.5568
69.5568
69.5568
69.5568
69.5568
69.5568
69.5568
69.5568
69.5568
69.5568
69.5568
69.5568
69.5568
69.5568
69.5568
69.5568
69.5568
69.5568
69.5568
69.5568
69.5568
69.5568
69.5568
69.5568
69.5568
69.5568
69.5568
69.5568
69.5568
69.5568
69.5568
69.5568
69.5568
69.5568
69.5568
69.5568
69.5568
69.5568
69.5568
69.5568
69.5568
69.5568
69.5568
69.5568
69.5568
69.5568
69.5568
69.5568
69.5568
69.5568
69.5568
69.5568
69.5568
69.5568
69.5568
69.5568
69.5568
69.5568
69.5568
69.5568
69.5568
69.5568
69.5568
69.5568
69.5568
69.5568
69.5568
69.5568
69.5568
69.5568
69.5568
69.5568
69.5568
69.5568
69.5568
69.5568
69.5568
69.5568
69.5568
69.5568
69.5568
69.5568
69.5568
69.5568
69.5568
69.5568
69.5568
69.5568
69.5568
69.5568
69.5568
69.5568
69.5568
69.5568
69.5568
69.5568
69.5568
69.5568
69.5568
69.5568
69.5568
69.5568
69.5568
69.5568
69.5568
69.5568
69.5568
69.5568
69.5568
69.5568
69.5568
69.5568
69.5568
69.5568
69.5568
69.5568
69.5568
69.5568
69.5568
69.5568
69.5568
69.5568
69.5568
69.5568
69.5568
69.5568
69.5568
69.5568
69.5568
69.5568
69.5568
69.5568
69.5568
69.5568
69.5568
69.5568
69.5568
69.5568
69.5568
69.5568
69.5568
69.5568
69.5568
69.5568
69.5568
69.5568
69.5568
69.5568
69.5568
69.5568
69.5568
69.5568
69.5568
69.5568
69.5568
69.5568
69.5568
69.5568
69.5568
69.5568
69.5568
69.5568
69.5568
69.5568
69.5568
69.5568
69.5568
69.5568
69.5568
69.5568
69.5568
69.5568
69.5568
69.5568
69.5568
69.5568
69.5568
69.5568
69.5568
69.5568
69.5568
69.5568
69.5568
69.5568
69.5568
69.5568
69.5568
69.5568
69.5568
69.5568
69.5568
69.5568
69.5568
69.5568
69.5568
69.5568
69.5568
69.5568
69.5568
69.5568
69.5568
69.5568
69.5568
69.5568
69.5568
69.5568
69.5568
69.5568
69.5568
69.5568
69.5568
69.5568
69.5568
69.5568
69.5568
69.5568
69.5568
69.5568
69.5568
69.5568
69.5568
69.5568
69.5568
69.5568
69.5568
69.5568
69.5568
69.5568
69.5568
69.5568
69.5568
69.5568
69.5568
69.5568
69.5568
69.5568
69.5568
69.5568
69.5568
69.5568
69.5568
69.5568
69.5568
69.5568
69.5568
69.5568
69.5568
69.5568
69.5568
69.5568
69.5568
69.5568
69.5568
69.5568
69.5568
69.5568
69.5568
69.5568
69.5568
69.5568
69.5568
69.5568
69.5568
69.5568
69.5568
69.5568
69.5568
69.5568
69.5568
69.5568
69.5568
69.5568
69.5568
69.5568
69.5568
69.5568
69.5568
69.5568
69.5568
69.5568
69.5568
69.5568
69.5568
69.5568
69.5568
69.5568
69.5568
69.5568
69.5568
69.5568
69.5568
69.5568
69.5568
69.5568
69.5568
69.5568
69.5568
69.5568
69.5568
69.5568
69.5568
69.5568
69.5568
69.5568
69.5568
69.5568
69.5568
69.5568
69.5568
69.5568
69.5568
69.5568
69.5568
69.5568
69.5568
69.5568
69.5568
69.5568
69.5568
69.5568
69.5568
69.5568
69.5568
69.5568
69.5568
69.5568
69.5568
69.5568
69.5568
69.5568
69.5568
69.5568
69.5568
69.5568
69.5568
69.5568
69.5568
69.5568
69.5568
69.5568
69.5568
69.5568
69.5568
69.5568
69.5568
69.5568
69.5568
69.5568
69.5568
69.5568
69.5568
69.5568
69.5568
69.5568
69.5568
69.5568
69.5568
69.5568
69.5568
69.5568
69.5568
69.5568
69.5568
69.5568
69.5568
69.5568
69.5568
69.5568
69.5568
69.5568
69.5568
69.5568
69.5568
69.5568
69.5568
69.5568
69.5568
69.5568
69.5568
69.5568
69.5568
69.5568
69.5568
69.5568
69.5568
69.5568
69.5568
69.5568
69.5568
69.5568
69.5568
69.5568
69.5568
69.5568
69.5568
69.5568
69.5568
69.5568
69.5568
69.5568
69.5568
69.5568
69.5568
69.5568
69.5568
69.5568
69.5568
69.5568
69.5568
69.5568
69.5568
69.5568
69.5568
69.5568
69.5568
69.5568
69.5568
69.5568
69.5568
69.5568
69.5568
69.5568
69.5568
69.5568
69.5568
69.5568
69.5568
69.5568
69.5568
69.5568
69.5568
69.5568
69.5568
69.5568
69.5568
69.5568
69.5568
69.5568
69.5568
69.5568
69.5568
69.5568
69.5568
69.5568
69.5568
69.5568
69.5568
69.5568
69.5568
69.5568
69.5568
69.5568
69.5568
69.5568
69.5568
69.5568
69.5568
69.5568
69.5568
69.5568
69.5568
69.5568
69.5568
69.5568
69.5568
69.5568
69.5568
69.5568
69.5568
69.5568
69.5568
69.5568
69.5568
69.5568
69.5568
69.5568
69.5568
69.5568
69.5568
69.5568
69.5568
69.5568
69.5568
69.5568
69.5568
69.5568
69.5568
69.5568
69.5568
69.5568
69.5568
69.5568
69.5568
69.5568
69.5568
69.5568
69.5568
69.5568
69.5568
69.5568
69.5568
69.5568
69.5568
69.5568
69.5568
69.5568
69.5568
69.5568
69.5568
69.5568
69.5568
69.5568
69.5568
69.5568
69.5568
69.5568
69.5568
69.5568
69.5568
69.5568
69.5568
69.5568
69.5568
69.5568
69.5568
69.5568
69.5568
69.5568
69.5568
69.5568
69.5568
69.5568
69.5568
69.5568
69.5568
69.5568
69.5568
69.5568
69.5568
69.5568
69.5568
69.5568
69.5568
69.5568
69.5568
69.5568
69.5568
69.5568
69.5568
69.5568
69.5568
69.5568
69.5568
69.5568
69.5568
69.5568
69.5568
69.5568
69.5568
69.5568
69.5568
69.5568
69.5568
69.5568
69.5568
69.5568
69.5568
69.5568
69.5568
69.5568
69.5568
69.5568
69.5568
69.5568
69.5568
69.5568
69.5568
69.5568
69.5568
69.5568
69.5568
69.5568
69.5568
69.5568
69.5568
69.5568
69.5568
69.5568
69.5568
69.5568
69.5568
69.5568
69.5568
69.5568
69.5568
69.5568
69.5568
69.5568
69.5568
69.5568
69.5568
69.5568
69.5568
69.5568
69.5568
69.5568
69.5568
69.5568
69.5568
69.5568
69.5568
69.5568
69.5568
69.5568
69.5568
69.5568
69.5568
69.5568
69.5568
69.5568
69.5568
69.5568
69.5568
69.5568
69.5568
69.5568
69.5568
69.5568
69.5568
69.5568
69.5568
69.5568
69.5568
69.5568
69.5568
69.5568
69.5568
69.5568
69.5568
69.5568
69.5568
69.5568
69.5568
69.5568
69.5568
69.5568
69.5568
69.5568
69.5568
69.5568
69.5568
69.5568
69.5568
69.5568
69.5568
69.5568
69.5568
69.5568
69.5568
69.5568
69.5568
69.5568
69.5568
69.5568
69.5568
69.5568
69.5568
69.5568
69.5568
69.5568
69.5568
69.5568
69.5568
69.5568
69.5568
69.5568
69.5568
69.5568
69.5568
69.5568
69.5568
69.5568
69.5568
69.5568
69.5568
69.5568
69.5568
69.5568
69.5568
69.5568
69.5568
69.5568
69.5568
69.5568
69.5568
69.5568
69.5568
69.5568
69.5568
69.5568
69.5568
69.5568
69.5568
69.5568
69.5568
69.5568
69.5568
69.5568
69.5568
69.5568
69.5568
69.5568
69.5568
69.5568
69.5568
69.5568
69.5568
69.5568
69.5568
69.5568
69.5568
69.5568
69.5568
69.5568
69.5568
69.5568
69.5568
69.5568
69.5568
69.5568
69.5568
69.5568
69.5568
69.5568
69.5568
69.5568
69.5568
69.5568
69.5568
69.5568
69.5568
69.5568
69.5568
69.5568
69.5568
69.5568
69.5568
69.5568
69.5568
69.5568
69.5568
69.5568
69.5568
69.5568
69.5568
69.5568
69.5568
69.5568
69.5568
69.5568
69.5568
69.5568
69.5568
69.5568
69.5568
69.5568
69.5568
69.5568
69.5568
69.5568
69.5568
69.5568
69.5568
69.5568
69.5568
69.5568
69.5568
69.5568
69.5568
69.5568
69.5568
69.5568
69.5568
69.5568
69.5568
69.5568
69.5568
69.5568
69.5568
69.5568
69.5568
69.5568
69.5568
69.5568
69.5568
69.5568
69.5568
69.5568
69.5568
69.5568
69.5568
69.5568
69.5568
69.5568
69.5568
69.5568
69.5568
69.5568
69.5568
69.5568
69.5568
69.5568
69.5568
69.5568
69.5568
69.5568
69.5568
69.5568
69.5568
69.5568
69.5568
69.5568
69.5568
69.5568
69.5568
69.5568
69.5568
69.5568
69.5568
69.5568
69.5568
69.5568
69.5568
69.5568
69.5568
69.5568
69.5568
69.5568
69.5568
69.5568
69.5568
69.5568
69.5568
69.5568
69.5568
69.5568
69.5568
69.5568
69.5568
69.5568
69.5568
69.5568
69.5568
69.5568
69.5568
69.5568
69.5568
69.5568
69.5568
69.5568
69.5568
69.5568
69.5568
69.5568
69.5568
69.5568
69.5568
69.5568
69.5568
69.5568
69.5568
69.5568
69.5568
69.5568
69.5568
69.5568
69.5568
69.5568
69.5568
69.5568
69.5568
69.5568
69.5568
69.5568
69.5568
69.5568
69.5568
69.5568
69.5568
69.5568
69.5568
69.5568
69.5568
69.5568
69.5568
69.5568
69.5568
69.5568
69.5568
69.5568
69.5568
69.5568
69.5568
69.5568
69.5568
69.5568
69.5568
69.5568
69.5568
69.5568
69.5568
69.5568
69.5568
69.5568
69.5568
69.5568
69.5568
69.5568
69.5568
69.5568
69.5568
69.5568
69.5568
69.5568
69.5568
69.5568
69.5568
69.5568
69.5568
69.5568
69.5568
69.5568
69.5568
69.5568
69.5568
69.5568
69.5568
69.5568
69.5568
69.5568
69.5568
69.5568
69.5568
69.5568
69.5568
69.5568
69.5568
69.5568
69.5568
69.5568
69.5568
69.5568
69.5568
69.5568
69.5568
69.5568
69.5568
69.5568
69.5568
69.5568
69.5568
69.5568
69.5568
69.5568
69.5568
69.5568
69.5568
69.5568
69.5568
69.5568
69.5568
69.5568
69.5568
69.5568
69.5568
69.5568
69.5568
69.5568
69.5568
69.5568
69.5568
69.5568
69.5568
69.5568
69.5568
69.5568
69.5568
69.5568
69.5568
69.5568
69.5568
69.5568
69.5568
69.5568
69.5568
69.5568
69.5568
69.5568
69.5568
69.5568
69.5568
69.5568
69.5568
69.5568
69.5568
69.5568
69.5568
69.5568
69.5568
69.5568
69.5568
69.5568
69.5568
69.5568
69.5568
69.5568
69.5568
69.5568
69.5568
69.5568
69.5568
69.5568
69.5568
69.5568
69.5568
69.5568
69.5568
69.5568
69.5568
69.5568
69.5568
69.5568
69.5568
69.5568
69.5568
69.5568
69.5568
69.5568
69.5568
69.5568
69.5568
69.5568
69.5568
69.5568
69.5568
69.5568
69.5568
69.5568
69.5568
69.5568
69.5568
69.5568
69.5568
69.5568
69.5568
69.5568
69.5568
69.5568
69.5568
69.5568
69.5568
69.5568
69.5568
69.5568
69.5568
69.5568
69.5568
69.5568
69.5568
69.5568
69.5568
69.5568
69.5568
69.5568
69.5568
69.5568
69.5568
69.5568
69.5568
69.5568
69.5568
69.5568
69.5568
69.5568
69.5568
69.5568
69.5568
69.5568
69.5568
69.5568
69.5568
69.5568
69.5568
69.5568
69.5568
69.5568
69.5568
69.5568
69.5568
69.5568
69.5568
69.5568
69.5568
69.5568
69.5568
69.5568
69.5568
69.5568
69.5568
69.5568
69.5568
69.5568
69.5568
69.5568
69.5568
69.5568
69.5568
69.5568
69.5568
69.5568
69.5568
69.5568
69.5568
69.5568
69.5568
69.5568
69.5568
69.5568
69.5568
69.5568
69.5568
69.5568
69.5568
69.5568
69.5568
69.5568
69.5568
69.5568
69.5568
69.5568
69.5568
69.5568
69.5568
69.5568
69.5568
69.5568
69.5568
69.5568
69.5568
69.5568
69.5568
69.5568
69.5568
69.5568
69.5568
69.5568
69.5568
69.5568
69.5568
69.5568
69.5568
69.5568
69.5568
69.5568
69.5568
69.5568
69.5568
69.5568
69.5568
69.5568
69.5568
69.5568
69.5568
69.5568
69.5568
69.5568
69.5568
69.5568
69.5568
69.5568
69.5568
69.5568
69.5568
69.5568
69.5568
69.5568
69.5568
69.5568
69.5568
69.5568
69.5568
69.5568
69.5568
69.5568
69.5568
69.5568
69.5568
69.5568
69.5568
69.5568
69.5568
69.5568
69.5568
69.5568
69.5568
69.5568
69.5568
69.5568
69.5568
69.5568
69.5568
69.5568
69.5568
69.5568
69.5568
69.5568
69.5568
69.5568
69.5568
69.5568
69.5568
69.5568
69.5568
69.5568
69.5568
69.5568
69.5568
69.5568
69.5568
69.5568
69.5568
69.5568
69.5568
69.5568
69.5568
69.5568
69.5568
69.5568
69.5568
69.5568
69.5568
69.5568
69.5568
69.5568
69.5568
69.5568
69.5568
69.5568
69.5568
69.5568
69.5568
69.5568
69.5568
69.5568
69.5568
69.5568
69.5568
69.5568
69.5568
69.5568
69.5568
69.5568
69.5568
69.5568
69.5568
69.5568
69.5568
69.5568
69.5568
69.5568
69.5568
69.5568
69.5568
69.5568
69.5568
69.5568
69.5568
69.5568
69.5568
69.5568
69.5568
69.5568
69.5568
69.5568
69.5568
69.5568
69.5568
69.5568
69.5568
69.5568
69.5568
69.5568
69.5568
69.5568
69.5568
69.5568
69.5568
69.5568
69.5568
69.5568
69.5568
69.5568
69.5568
69.5568
69.5568
69.5568
69.5568
69.5568
69.5568
69.5568
69.5568
69.5568
69.5568
69.5568
69.5568
69.5568
69.5568
69.5568
69.5568
69.5568
69.5568
69.5568
69.5568
69.5568
69.5568
69.5568
69.5568
69.5568
69.5568
69.5568
69.5568
69.5568
69.5568
69.5568
69.5568
69.5568
69.5568
69.5568
69.5568
69.5568
69.5568
69.5568
69.5568
69.5568
69.5568
69.5568
69.5568
69.5568
69.5568
69.5568
69.5568
69.5568
69.5568
69.5568
69.5568
69.5568
69.5568
69.5568
69.5568
69.5568
69.5568
69.5568
69.5568
69.5568
69.5568
69.5568
69.5568
69.5568
69.5568
69.5568
69.5568
69.5568
69.5568
69.5568
69.5568
69.5568
69.5568
69.5568
69.5568
69.5568
69.5568
69.5568
69.5568
69.5568
69.5568
69.5568
69.5568
69.5568
69.5568
69.5568
69.5568
69.5568
69.5568
69.5568
69.5568
69.5568
69.5568
69.5568
69.5568
69.5568
69.5568
69.5568
69.5568
69.5568
69.5568
69.5568
69.5568
69.5568
69.5568
69.5568
69.5568
69.5568
69.5568
69.5568
69.5568
69.5568
69.5568
69.5568
69.5568
69.5568
69.5568
69.5568
69.5568
69.5568
69.5568
69.5568
69.5568
69.5568
69.5568
69.5568
69.5568
69.5568
69.5568
69.5568
69.5568
69.5568
69.5568
69.5568
69.5568
69.5568
69.5568
69.5568
69.5568
69.5568
69.5568
69.5568
69.5568
69.5568
69.5568
69.5568
69.5568
69.5568
69.5568
69.5568
69.5568
69.5568
69.5568
69.5568
69.5568
69.5568
69.5568
69.5568
69.5568
69.5568
69.5568
69.5568
69.5568
69.5568
69.5568
69.5568
69.5568
69.5568
69.5568
69.5568
69.5568
69.5568
69.5568
69.5568
69.5568
69.5568
69.5568
69.5568
69.5568
69.5568
69.5568
69.5568
69.5568
69.5568
69.5568
69.5568
69.5568
69.5568
69.5568
69.5568
69.5568
69.5568
69.5568
69.5568
69.5568
69.5568
69.5568
69.5568
69.5568
69.5568
69.5568
69.5568
69.5568
69.5568
69.5568
69.5568
69.5568
69.5568
69.5568
69.5568
69.5568
69.5568
69.5568
69.5568
69.5568
69.5568
69.5568
69.5568
69.5568
69.5568
69.5568
69.5568
69.5568
69.5568
69.5568
69.5568
69.5568
69.5568
69.5568
69.5568
69.5568
69.5568
69.5568
69.5568
69.5568
69.5568
69.5568
69.5568
69.5568
69.5568
69.5568
69.5568
69.5568
69.5568
69.5568
69.5568
69.5568
69.5568
69.5568
69.5568
69.5568
69.5568
69.5568
69.5568
69.5568
69.5568
69.5568
69.5568
69.5568
69.5568
69.5568
69.5568
69.5568
69.5568
69.5568
69.5568
69.5568
69.5568
69.5568
69.5568
69.5568
69.5568
69.5568
69.5568
69.5568
69.5568
69.5568
69.5568
69.5568
69.5568
69.5568
69.5568
69.5568
69.5568
69.5568
69.5568
69.5568
69.5568
69.5568
69.5568
69.5568
69.5568
69.5568
69.5568
69.5568
69.5568
69.5568
69.5568
69.5568
69.5568
69.5568
69.5568
69.5568
69.5568
69.5568
69.5568
69.5568
69.5568
69.5568
69.5568
69.5568
69.5568
69.5568
69.5568
69.5568
69.5568
69.5568
69.5568
69.5568
69.5568
69.5568
69.5568
69.5568
69.5568
69.5568
69.5568
69.5568
69.5568
69.5568
69.5568
69.5568
69.5568
69.5568
69.5568
69.5568
69.5568
69.5568
69.5568
69.5568
69.5568
69.5568
69.5568
69.5568
69.5568
69.5568
69.5568
69.5568
69.5568
69.5568
69.5568
69.5568
69.5568
69.5568
69.5568
69.5568
69.5568
69.5568
69.5568
69.5568
69.5568
69.5568
69.5568
69.5568
69.5568
69.5568
69.5568
69.5568
69.5568
69.5568
69.5568
69.5568
69.5568
69.5568
69.5568
69.5568
69.5568
69.5568
69.5568
69.5568
69.5568
69.5568
69.5568
69.5568
69.5568
69.5568
69.5568
69.5568
69.5568
69.5568
69.5568
69.5568
69.5568
69.5568
69.5568
69.5568
69.5568
69.5568
69.5568
69.5568
69.5568
69.5568
69.5568
69.5568
69.5568
69.5568
69.5568
69.5568
69.5568
69.5568
69.5568
69.5568
69.5568
69.5568
69.5568
69.5568
69.5568
69.5568
69.5568
69.5568
69.5568
69.5568
69.5568
69.5568
69.5568
69.5568
69.5568
69.5568
69.5568
69.5568
69.5568
69.5568
69.5568
69.5568
69.5568
69.5568
69.5568
69.5568
69.5568
69.5568
69.5568
69.5568
69.5568
69.5568
69.5568
69.5568
69.5568
69.5568
69.5568
69.5568
69.5568
69.5568
69.5568
69.5568
69.5568
69.5568
69.5568
69.5568
69.5568
69.5568
69.5568
69.5568
69.5568
69.5568
69.5568
69.5568
69.5568
69.5568
69.5568
69.5568
69.5568
69.5568
69.5568
69.5568
69.5568
69.5568
69.5568
69.5568
69.5568
69.5568
69.5568
69.5568
69.5568
69.5568
69.5568
69.5568
69.5568
69.5568
69.5568
69.5568
69.5568
69.5568
69.5568
69.5568
69.5568
69.5568
69.5568
69.5568
69.5568
69.5568
69.5568
69.5568
69.5568
69.5568
69.5568
69.5568
69.5568
69.5568
69.5568
69.5568
69.5568
69.5568
69.5568
69.5568
69.5568
69.5568
69.5568
69.5568
69.5568
69.5568
69.5568
69.5568
69.5568
69.5568
69.5568
69.5568
69.5568
69.5568
69.5568
69.5568
69.5568
69.5568
69.4203
69.4203
69.4203
69.4203
69.4203
69.4203
69.4203
69.4203
69.4203
69.4203
69.4203
69.4203
69.4203
69.4203
69.4203
69.4203
69.4203
69.4203
69.4203
69.4203
69.4203
69.4203
69.4203
69.4203
69.4203
69.4203
69.4203
69.4203
69.4203
69.4203
69.4203
69.4203
69.4203
