438.161
434.762
431.794
417.476
414.275
406.829
402.902
397.027
397.027
395.431
388.515
382.26
380.387
380.375
378.935
367.882
367.882
367.85
360.593
360.593
358.339
354.456
354.456
350.842
350.842
350.381
347.573
342.632
337.503
337.503
327.99
327.99
327.99
325.44
325.44
316.516
312.367
311.183
311.183
311.183
309.838
309.829
306.669
306.669
301.287
301.287
298.783
297.785
297.785
293.428
291.42
291.42
288.554
286.993
286.71
286.71
286.71
285.449
283.01
282.193
282.193
281.944
281.904
278.056
274.88
274.88
274.766
273.881
272.869
272.869
272.869
272.583
267.465
267.308
265.188
265.188
256.252
256.106
254.51
250.478
250.478
250.478
249.329
246.87
246.251
244.692
244.692
243.901
240.633
240.633
240.633
239.059
239.059
237.69
237.69
237.69
236.112
235.59
226.661
226.661
226.13
226.13
225.854
225.854
224.621
223.136
223.136
223.136
223.136
221.597
221.219
216.571
216.571
216.571
216.571
216.571
214.268
214.268
214.268
213.998
213.142
213.142
208.956
208.956
208.8
208.8
208.182
208.182
206.647
206.444
205.134
205.134
204.453
202.232
202.232
196.894
196.894
196.894
196.43
195.638
195.638
195.638
195.638
195.638
195.638
191.508
191.508
191.508
191.508
190.894
190.868
190.868
189.154
189.154
183.556
183.556
183.556
183.556
183.556
182.924
182.924
182.426
182.302
181.135
181.135
177.021
177.021
176.355
175.483
175.483
172.418
172.418
172.418
172.418
172.418
172.418
172.277
170.742
170.742
170.742
170.039
169.732
169.732
167.799
167.799
167.799
167.799
167.799
167.301
167.045
166.154
165.915
165.485
165.485
163.94
163.94
160.877
160.877
160.877
160.877
160.877
160.877
160.226
160.226
160.226
159.798
158.534
158.179
158.179
158.179
157.875
157.875
157.875
156.106
154.949
154.949
154.33
154.33
154.33
149.865
149.865
149.865
149.865
149.865
148.601
148.601
148.601
147.286
147.286
146.624
145.697
145.697
145.697
145.697
142.938
142.938
142.938
142.938
142.938
141.426
141.426
141.426
138.999
138.758
138.677
137.771
137.771
137.771
137.771
137.71
137.425
137.108
136.926
136.641
136.641
133.129
133.129
132.943
132.943
132.709
132.709
132.709
132.429
132.429
132.429
132.429
132.429
132.429
132.429
131.948
129.331
129.331
129.331
128.813
128.403
128.403
128.403
128.148
128.148
128.148
128.148
128.148
128.148
128.148
128.148
128.148
128.052
127.936
127.782
127.465
127.465
126.649
126.649
126.649
126.649
126.649
126.462
125.969
125.969
125.425
124.595
124.595
124.595
124.057
124.057
124.057
123.444
123.444
123.444
123.444
123.444
123.444
123.444
123.444
123.417
122.898
122.686
122.617
122.457
122.457
122.457
121.939
121.83
121.705
120.679
120.679
120.679
120.679
120.238
120.238
120.238
119.884
119.884
119.884
118.322
118.322
118.322
118.322
118.322
118.322
118.04
117.899
117.899
117.899
117.899
115.828
115.828
115.828
115.828
115.828
115.828
115.828
115.666
115.666
115.666
115.664
115.664
115.441
115.441
115.441
115.323
115.323
115.323
115.323
115.254
114.899
114.611
113.397
113.397
113.322
112.961
112.961
112.961
112.961
112.961
112.961
112.934
112.934
112.934
112.855
112.855
112.616
112.519
111.708
111.708
111.354
111.354
111.354
111.332
111.249
111.249
111.249
110.964
110.964
110.964
110.964
110.964
110.935
110.935
110.935
110.65
110.65
110.65
110.65
110.65
110.296
110.296
108.92
108.145
108.145
108.123
108.123
107.95
107.943
107.943
107.943
107.395
107.395
107.395
106.874
106.874
106.874
106.874
106.874
106.874
106.874
106.874
106.169
106.169
105.884
105.884
105.884
105.884
105.879
105.861
105.827
105.473
105.473
105.289
105.183
105.183
105.183
105.12
105.12
103.667
103.667
103.667
103.667
103.667
103.156
103.156
103.156
103.075
103.075
103.075
102.753
102.753
102.753
102.753
102.447
102.447
102.009
101.828
101.828
101.828
101.828
101.828
101.828
101.828
101.828
101.828
101.828
101.256
101.256
101.256
101.256
101.256
101.256
101.199
101.199
101.04
101.04
101.04
101.04
101.04
101.04
101.04
101.017
101.017
101.017
100.811
100.811
100.479
100.479
100.479
100.479
100.479
100.479
100.479
100.479
100.479
100.422
100.422
100.422
100.422
100.422
100.422
100.028
99.2894
99.2894
99.2894
99.2894
99.2894
99.2894
99.2894
99.2894
99.2894
99.0781
98.5939
98.5939
98.5939
98.5939
98.5939
98.0209
97.6597
97.6597
97.6597
97.6597
97.6597
97.6597
97.0961
97.0961
97.0961
97.0961
97.0961
97.0961
97.0909
97.0909
97.0909
97.0909
97.0909
97.0909
96.6396
96.6396
96.6396
96.6396
96.6396
96.6396
95.6877
95.6877
95.6877
95.6877
95.6877
95.6877
95.6877
95.6877
95.6877
95.6877
95.6877
95.6877
95.6877
95.6877
95.6877
95.5826
95.5826
95.5826
95.5826
95.5826
95.5826
95.2163
95.2163
95.2163
95.2163
95.2163
95.2163
95.2163
95.2163
95.2163
94.9513
94.9513
94.8013
94.6489
94.6489
94.1976
94.1976
94.1976
94.1976
93.991
93.8309
93.8309
93.8309
93.8309
93.6572
93.6572
93.6572
93.6572
93.6572
93.6572
93.6572
93.6572
93.6572
93.6572
93.6572
93.6572
93.6572
93.6572
93.6572
93.6572
93.6572
93.6572
93.6572
93.6444
93.6444
93.6444
93.6444
93.6444
93.6444
93.6444
93.6444
93.5821
93.5821
93.5821
92.9194
92.9194
92.9066
92.9066
92.9066
92.9066
92.9066
92.9066
92.9066
92.9066
92.9066
92.9066
92.9066
92.9066
92.9066
92.755
92.755
92.755
92.755
92.755
92.755
92.755
92.755
92.755
92.755
92.755
92.755
92.755
92.755
92.7431
92.7431
92.7431
92.7387
92.7387
92.7387
92.7387
92.7387
92.7387
92.7387
92.7387
92.3646
92.3646
92.3646
91.7005
91.7005
91.6536
91.6536
91.6536
91.6536
91.0758
91.0758
91.0758
91.0758
90.8427
90.8427
90.8427
90.8427
90.8427
90.8427
90.8427
90.8427
90.8427
90.8427
90.8427
90.8427
90.8427
90.8427
90.8427
90.8427
90.8427
90.8427
90.8427
90.8427
90.8427
90.0868
90.0868
90.0868
90.0868
90.0868
89.8701
89.8701
89.8701
89.6923
89.4681
89.4681
89.4681
89.4681
89.4681
89.4681
89.4681
89.4681
89.4681
89.4681
89.4681
89.4681
89.4681
89.4681
89.4681
88.2886
88.2886
88.2886
88.2886
88.2886
88.2886
88.2886
88.2886
88.2886
88.2886
88.2886
88.2886
88.2886
88.2886
88.2886
88.2886
88.2886
88.2886
88.2886
88.2886
88.2886
88.2886
88.2886
88.2886
88.2886
88.2886
88.2886
88.2886
88.2886
88.2886
88.2886
88.2886
88.2886
88.2886
88.2886
88.2886
88.2886
88.2886
88.2886
88.2886
88.2886
88.2886
88.2886
88.2886
88.2886
88.2886
88.2886
88.2466
88.2466
88.2466
88.2466
88.2466
88.2466
88.2466
88.2466
88.2466
88.2466
88.2466
88.2466
88.2466
88.2466
88.2466
88.2466
88.2466
88.1141
88.1141
88.1141
88.1141
88.1141
88.1141
88.1141
88.1141
88.1141
88.1141
88.1141
88.1141
88.1141
88.1141
88.1141
88.1141
88.1141
88.1141
88.1141
87.797
87.797
87.797
87.797
87.797
87.797
87.797
87.797
87.797
87.797
87.797
87.797
87.4182
87.4182
87.4182
87.4182
87.4182
87.4182
87.4182
87.4182
87.4182
87.4182
87.4182
87.4182
87.4182
87.4182
87.4182
87.4182
87.4182
87.4182
87.4182
86.462
86.462
86.462
86.462
86.462
86.462
86.4192
86.2877
86.2877
86.2877
86.2877
86.2877
86.2877
86.2877
86.2877
86.2877
86.2877
85.9048
85.9048
85.8718
85.2903
85.2903
85.2903
85.2903
85.2903
85.2903
85.2903
85.2257
85.2257
85.2257
85.2257
85.2257
85.133
85.133
85.133
85.133
85.133
85.133
85.133
84.7824
84.7824
84.7824
84.7824
84.7824
84.7668
84.7668
84.7599
84.7599
84.7599
84.7443
84.7443
84.7443
84.7443
84.7443
84.7443
84.7443
84.6797
84.6797
84.6797
84.6797
84.6797
84.6797
84.6797
84.6797
84.6797
84.6797
84.6797
84.6797
83.7449
83.7449
83.7449
83.7449
83.7449
83.7449
83.7449
83.7449
83.7449
83.7449
83.7449
83.7449
83.7449
83.7449
83.7449
83.7449
83.7449
83.7449
83.7449
83.7449
83.7449
83.7449
83.7449
83.7449
83.7449
83.7449
83.7449
83.5986
83.5986
83.5986
83.5986
83.5986
83.5986
83.5986
83.5986
83.5986
83.5986
83.5986
83.5986
83.5986
83.3822
83.3822
83.3822
83.3822
83.3822
83.3822
83.3822
83.3822
83.3822
83.3822
83.3822
83.3822
83.3822
83.3822
83.3822
83.3822
83.3822
83.3822
83.3822
83.3822
83.3822
83.3822
83.3822
83.0489
83.0489
83.0489
83.0489
83.0489
83.0489
83.0489
83.0489
83.0489
83.0489
83.0489
83.0489
83.0489
82.632
82.632
82.632
82.632
82.632
82.632
82.632
82.632
82.632
82.632
82.632
82.632
82.5352
82.5352
82.5352
82.5352
82.1767
82.1767
82.1767
82.1767
82.1767
82.1767
82.1767
82.1767
82.1767
82.1767
82.1767
82.1767
82.1767
82.1767
82.1767
82.1767
82.1767
82.1767
82.1767
82.123
82.123
82.123
82.123
82.123
82.123
82.123
82.123
82.123
82.123
82.123
82.123
82.123
82.123
82.123
82.123
82.123
82.123
82.123
81.9986
81.9986
81.9986
81.7775
81.7775
81.7775
81.7775
81.7775
81.7775
81.7775
81.7775
81.7775
81.7775
81.7775
81.7775
81.7775
81.7775
81.7775
81.7775
81.7775
81.7775
81.7775
81.7775
81.7775
81.7775
81.7775
81.7775
81.7775
81.7775
81.7775
81.7775
81.7775
81.7775
81.7775
81.7775
81.7775
81.7775
81.7775
81.7775
81.7775
81.7775
81.7775
81.7775
81.7775
81.7775
81.4693
81.4693
81.4693
81.4693
81.4693
81.4693
81.4693
81.4693
81.4693
81.4693
81.4693
81.4693
81.4693
81.4693
81.4693
81.383
81.383
81.383
81.383
81.383
81.383
81.383
81.383
81.383
81.383
81.383
81.383
81.383
81.383
81.383
81.383
81.383
81.383
81.383
81.383
81.383
81.383
81.383
81.383
81.383
81.383
81.383
81.383
81.383
81.383
81.383
81.383
81.383
81.383
81.383
81.383
81.383
81.383
81.383
81.383
81.383
81.383
81.383
81.383
81.383
81.383
81.383
81.383
81.383
81.383
81.383
81.383
81.383
81.383
81.383
81.383
81.383
81.383
81.383
81.383
81.383
81.3609
81.3609
81.3609
81.3609
81.3609
81.3609
81.3609
81.3177
81.3177
81.3177
81.3177
81.3177
81.3177
81.3177
81.3177
81.3177
81.3177
81.3177
81.3177
81.3177
81.3177
81.3177
81.3177
81.3177
81.3177
81.3177
81.3177
81.3177
81.3177
81.3177
81.3177
81.3177
81.3177
81.3177
81.3177
81.3177
81.3177
81.3177
81.3177
81.3177
81.3177
81.3177
81.3177
81.3177
81.3177
81.3177
81.3177
81.3177
81.3177
81.3177
81.3177
81.3177
81.3177
81.3177
81.3177
81.3177
81.3177
81.3177
81.3177
81.3177
81.3177
81.3177
81.3177
81.3177
81.3177
81.3177
81.3177
81.3177
81.3177
81.3177
81.3177
81.2725
81.2725
81.2725
81.2725
81.2725
81.2725
81.2725
81.2725
81.2725
81.2725
81.2725
81.2725
81.2725
81.2725
81.2725
81.2725
81.2725
81.2725
81.2725
81.0601
81.0601
81.0601
81.0601
81.0601
81.0601
81.0601
81.0601
81.0601
81.0601
81.0601
81.0601
81.0601
81.0601
81.0601
81.0601
81.0601
81.0601
81.0601
81.0601
81.0601
81.0601
81.0601
81.0601
81.0601
81.0601
81.0601
81.0601
81.0601
81.0601
81.0601
81.0601
81.0601
81.0601
81.0601
81.0601
81.0601
81.0601
81.0601
81.0601
81.0601
81.0601
81.0601
81.0601
81.0601
81.0601
81.0601
81.0601
81.0601
81.0601
81.0601
81.0601
81.0601
81.0601
81.0601
81.0601
81.0601
81.0601
81.0601
81.0601
81.0601
81.0601
80.7851
80.7851
80.7851
80.7851
80.7851
80.7851
80.7851
80.7087
80.7087
80.7087
80.7087
80.6672
80.6672
80.6672
80.6672
80.6672
80.6672
80.6672
80.6672
80.6672
80.6672
80.6672
80.5939
80.5939
80.5939
80.5939
80.5939
80.5939
80.5939
80.5939
80.5939
80.5939
80.5939
80.5939
80.5939
80.5939
80.5939
80.5939
80.5939
80.5939
80.5939
80.5939
80.5939
80.5939
80.5939
80.5939
80.5939
80.5939
80.5939
80.5939
80.5939
80.5939
80.5939
80.5939
80.5939
80.5939
80.5939
80.5939
80.5939
80.5939
80.5939
80.5939
80.5939
80.5359
80.5359
80.5359
80.5359
80.5359
80.5359
80.5359
80.5359
80.5359
80.5359
80.5359
80.5359
80.5359
80.5359
80.5359
80.5359
80.5359
80.5359
80.5359
80.5359
80.5359
80.5359
80.5359
80.5359
80.5359
80.5359
80.5359
80.5359
80.5359
80.5359
80.5359
80.5359
80.5359
80.5359
80.5359
80.5359
80.5359
80.5359
80.5359
80.5359
80.5359
80.5359
80.5359
80.5359
80.5359
80.5359
80.5359
80.5359
80.5359
80.5359
80.5359
80.5359
80.5359
80.5359
80.5359
80.5359
80.5359
80.5359
80.5359
80.5359
80.5359
80.5359
80.5359
80.5359
80.5359
80.5359
80.5359
80.5359
80.5359
80.5359
80.5359
80.5359
80.5359
80.5359
80.5359
80.5359
80.5359
80.5359
80.5359
80.5359
80.5359
80.5359
80.5359
80.5359
80.5359
80.5359
80.5359
80.5359
80.5359
80.5359
80.5359
80.5359
80.5359
80.5359
80.5359
80.5359
80.5359
80.5359
80.5359
80.5359
80.5359
80.5359
80.5359
80.5359
80.5359
80.5359
79.3895
79.3895
79.3895
79.3895
79.3895
79.3895
79.3895
79.3895
79.3895
79.3895
79.3895
79.3895
79.3895
79.3895
79.3895
79.3895
79.3895
79.3895
78.504
78.504
78.1601
78.1601
78.1601
78.1601
78.1601
78.1601
78.1601
78.1601
77.6945
77.6945
77.6945
77.6945
77.6945
77.6945
77.6945
77.6945
77.6945
77.6945
77.6945
77.6945
77.6945
77.6945
77.6945
77.6945
77.6945
77.6945
77.6945
77.6945
77.6945
77.6945
77.6945
77.6945
77.6945
77.6945
77.6945
77.6945
77.6945
77.6945
77.6945
77.6945
77.6945
77.5866
77.5553
77.5553
77.5553
77.5553
77.5553
77.5553
77.5553
77.5553
77.5553
77.5553
77.5553
77.5402
77.5402
77.5402
77.5402
77.5402
77.5402
77.5402
77.5402
77.5402
77.5402
77.5402
77.5402
77.5402
77.5402
77.5402
77.5402
77.5402
77.5402
77.5402
77.5402
77.5402
77.5402
77.5402
77.5402
77.5402
77.5402
77.5402
77.5402
77.5402
77.5402
77.5402
77.5402
77.5402
77.5402
77.5402
77.5402
77.5402
77.5402
77.5402
77.5402
77.5402
77.5402
77.5402
77.5402
77.5402
77.5402
77.5402
77.5402
77.5402
77.5402
77.5402
77.4452
77.4452
77.4452
77.4452
77.4452
77.4452
77.4452
77.4452
77.4452
77.4452
77.4452
77.4452
77.4452
77.4452
77.4452
77.4452
77.4452
77.4452
77.4452
77.4452
77.4452
77.4452
77.4452
77.4452
77.4452
77.4452
77.4452
77.4452
77.4452
77.4452
77.4452
77.4452
77.4452
77.4452
77.4452
77.4452
77.4452
77.4452
77.4452
77.4452
77.4452
77.4452
77.4452
77.4452
77.4452
77.4452
77.4452
77.4452
77.4452
77.4303
77.4303
77.4303
77.4303
77.4303
77.4303
77.4303
77.2577
77.2577
77.2577
77.2577
77.2577
77.2577
77.2577
77.2577
77.2577
77.2577
77.2577
77.2577
77.2577
77.2577
77.2577
77.2577
77.2577
77.2577
77.074
77.074
77.074
77.074
77.074
77.074
77.074
77.074
77.074
77.074
77.074
77.074
77.074
77.074
77.074
77.074
77.074
77.074
77.074
77.074
77.074
77.074
77.074
77.074
77.074
77.074
77.074
77.074
77.074
77.074
77.074
77.074
77.074
77.074
77.074
77.074
77.074
77.074
77.074
77.074
77.074
77.074
77.074
77.074
77.074
77.074
77.074
77.074
77.074
77.074
77.074
77.074
77.074
77.074
77.074
77.074
77.074
77.074
77.074
77.074
77.074
77.074
77.074
77.074
77.074
77.074
77.074
77.074
77.074
76.5754
76.5754
76.5754
76.0972
76.0972
76.0972
76.0972
76.0972
76.0972
76.0972
76.0972
76.0972
76.0972
76.0455
76.0455
76.0455
76.0455
76.0455
76.0455
76.0455
76.0455
76.0455
76.0455
75.9453
75.9453
75.9453
75.9453
75.9453
75.9453
75.9453
75.9453
75.9453
75.9453
75.9453
75.9453
75.9453
75.9453
75.9453
75.9453
75.9453
75.9453
75.9453
75.9453
75.9453
75.9453
74.4521
74.4521
74.4521
74.3903
74.3903
74.3903
74.3903
74.3903
74.3903
74.3903
73.5422
73.5422
73.5422
73.5422
73.5422
73.5422
73.5422
73.5422
73.2939
73.2939
73.2939
73.2939
73.2939
73.2939
73.2939
73.2939
73.2939
73.2939
73.2939
73.2939
73.2939
73.2939
73.2939
73.2939
73.2939
73.2939
73.2939
73.2939
73.2939
73.2939
73.2939
73.2939
73.2939
73.2939
73.2939
73.2939
73.2939
73.2839
73.2839
73.2839
73.2839
73.2839
73.2839
73.2839
73.2839
73.1795
73.1795
73.1795
73.1795
73.1795
73.1795
73.1795
73.1795
73.1795
73.1795
73.1795
73.1795
73.1795
73.1795
73.1795
73.1795
73.1795
73.1795
73.1795
73.1795
73.1795
73.1795
73.1795
73.1795
73.1795
73.1795
73.1795
73.1795
73.1795
73.1795
73.1795
73.1795
73.1795
73.1795
73.1795
73.1795
73.1795
73.1795
73.1695
73.1695
73.1695
73.1695
73.1695
73.1695
73.1695
73.1695
73.1695
73.1695
73.1695
73.1695
73.1695
73.1695
73.1695
73.1695
73.1695
73.1695
73.1695
73.1695
73.1695
73.1695
73.1695
73.1695
73.1695
73.1695
73.1695
73.1695
73.1695
73.1695
73.1695
73.1695
73.1695
73.1695
73.1695
73.1695
73.1695
73.1695
73.1695
73.1695
73.1695
73.1695
73.1695
73.1695
73.1695
73.1695
73.1695
73.1695
73.1695
73.1695
73.1695
73.1695
73.1695
73.1695
73.1695
73.1695
73.1695
73.1695
73.1695
73.1695
73.1695
73.1695
73.1695
73.1695
73.1695
73.1695
73.1695
73.1695
73.1695
73.1695
73.1695
73.1695
73.1695
73.1695
73.1695
73.1695
73.1695
73.1695
73.1695
73.1695
73.1695
73.1695
73.1695
73.1695
73.1695
73.1695
73.1695
73.1695
73.1695
73.1695
73.1695
73.1695
73.1695
73.1695
73.1695
73.1695
73.1695
73.1695
73.1695
73.1695
73.1695
73.1695
73.1695
73.1695
73.1695
73.1695
73.1695
73.1695
73.1695
73.1695
73.1695
73.1695
73.1695
73.1695
73.1695
73.1695
73.1695
73.1695
73.1695
73.1695
73.1695
73.1695
73.1695
73.1695
73.1695
73.1695
73.1695
73.1695
73.1695
73.1695
73.1695
73.1695
73.1695
73.1695
73.1695
73.1695
73.1695
73.1695
73.1695
73.1695
73.1695
73.1695
73.1695
73.1695
73.1695
73.1695
73.1695
73.1695
73.1695
73.1695
73.1695
73.1695
73.1695
73.1695
73.1695
73.1695
73.1695
73.1695
73.1695
73.1695
73.1695
73.1695
73.1695
73.1695
73.1695
73.1695
73.1695
73.1695
73.1695
73.1695
73.1695
73.1695
73.1695
73.1695
73.1695
73.1695
73.1695
73.1695
73.1695
73.1695
73.1695
73.1695
73.1695
73.1695
73.1695
73.1695
73.1695
73.1695
73.1695
73.1695
73.1695
73.1695
73.1695
73.1695
73.1695
73.1695
73.1695
73.1695
73.1695
73.1695
73.1695
73.1695
73.1695
73.1695
73.1695
73.1695
73.1695
73.1695
73.1695
73.1695
73.1695
73.1695
73.1695
73.1695
73.1695
73.1695
73.1695
73.1695
73.1695
73.1695
73.1695
73.1695
73.1695
73.1695
73.1695
73.1695
73.1695
73.1695
73.1695
73.1695
73.1695
73.1695
73.1695
73.1695
73.1695
73.1695
73.1695
73.1695
73.1695
73.1695
73.1695
73.1695
73.1695
73.1695
73.1695
73.1695
73.1695
73.1695
73.1695
73.1695
73.1695
73.1695
73.1695
73.1695
73.1695
73.1695
73.1695
73.1695
73.1695
73.1695
73.1695
73.1695
73.1695
73.1695
73.1695
73.1695
73.1695
73.1695
73.1695
73.1695
73.1695
73.1695
73.1695
73.1695
73.1695
73.1695
73.1695
73.1695
73.1695
73.1695
73.1695
73.1695
73.1695
73.1695
73.1695
73.1695
73.1695
73.1695
73.1695
73.1695
73.1695
73.1695
73.1695
73.1695
73.1695
73.1695
73.1695
73.1695
73.1695
73.1695
73.1695
73.1695
73.1695
73.1695
73.1695
73.1695
73.1695
73.1695
73.1695
73.1695
73.1695
73.1695
73.1695
73.1695
73.1695
73.1695
73.1695
73.1695
73.1695
73.1695
73.1147
73.1147
73.1147
73.1147
73.1147
73.1147
73.1147
73.1147
73.1147
73.1147
73.1147
73.0603
73.0603
73.0603
73.0603
73.0603
73.0603
73.0603
72.8904
72.8904
72.8904
72.8904
72.8904
72.8904
72.8904
72.8904
72.8904
72.8904
72.8904
72.8904
72.8904
72.8904
72.8904
72.8904
72.8904
72.8904
72.8904
72.8904
72.8904
72.8904
72.8904
72.8904
72.8904
72.8904
72.8904
72.8904
72.8904
72.8904
72.8904
72.8904
72.8904
72.8904
72.8904
72.8904
72.8904
72.8904
72.8904
72.8904
72.8904
72.8904
72.8904
72.8904
72.8904
72.8904
72.8904
72.8904
72.8904
72.8904
72.8904
72.8904
72.8904
72.8904
72.8904
72.8904
72.6862
72.6862
72.6862
72.6862
72.6862
72.6862
72.6862
72.6862
72.6862
72.6862
72.6862
72.6862
72.6862
72.6862
72.6862
72.0903
72.0903
72.0903
72.0903
72.0903
72.0903
72.0903
72.0903
72.0903
72.0903
72.0903
72.0903
72.0903
72.0903
71.8217
71.8217
71.8217
71.8217
71.8217
71.8217
71.8217
71.2139
71.2139
71.2139
71.2139
71.2139
71.2139
71.2139
71.2139
71.2139
71.2139
71.2139
71.2139
71.2139
71.2139
71.2139
71.2139
71.2139
71.2139
71.2139
71.2139
71.2139
71.2139
71.2139
71.2139
71.2139
71.2139
71.2139
71.2139
71.2139
71.2139
71.2139
71.2139
71.2139
71.2139
71.2139
71.2139
71.2139
71.2139
71.2139
71.2139
71.2139
71.2139
71.2139
71.2139
71.2139
71.2139
71.2139
71.2139
71.2139
71.2139
71.2139
71.2139
71.2139
71.2139
71.2139
71.2139
71.2139
71.2139
71.2139
71.2139
71.2139
71.2139
71.2139
71.2139
71.2139
71.2139
71.2139
71.2139
71.2139
71.2139
71.2139
71.2139
71.2139
71.2139
71.2139
71.2139
71.2139
71.2139
71.2139
71.2139
71.2139
71.2139
71.2139
71.2139
71.2139
71.2139
71.2139
71.2139
71.2139
71.2139
71.2139
71.2139
71.2139
71.2139
71.2139
71.2139
71.2139
71.2139
71.2139
71.2139
71.2139
71.2139
71.2139
71.2139
71.2139
71.2139
71.2139
71.2139
71.2139
71.2139
71.2139
71.2139
71.2139
71.2139
71.2139
71.2139
71.2139
71.2139
71.2139
71.2139
71.2139
71.2139
71.2139
71.2139
71.2139
71.2139
71.2139
71.2139
71.2139
71.2139
71.2139
71.2139
71.2139
71.2139
71.2139
71.2139
71.2139
71.2139
71.2139
71.2139
71.2139
71.2139
71.2139
71.2139
71.2139
71.2139
71.2139
71.2139
71.2139
71.2139
71.2139
71.2139
71.2139
71.2139
71.2139
71.2139
71.2139
71.2139
71.2139
71.2139
71.2139
71.2139
71.2139
71.2139
71.2139
71.2139
71.2139
71.2139
71.2139
71.2139
71.2139
71.2139
71.2139
71.2139
71.2139
71.2139
71.2139
71.2139
71.2139
71.2139
71.2139
71.2139
71.2139
71.2139
71.2139
71.2139
71.2139
71.2139
71.2139
71.2139
71.2139
71.2139
71.2139
71.2139
71.2139
71.2139
71.2139
71.2139
71.2139
71.2139
71.2139
71.2139
71.2139
71.2139
71.2139
71.2139
71.2139
71.2139
71.2139
71.2139
71.2139
71.2139
71.2139
71.2139
71.2139
71.2139
71.2139
71.2139
71.2139
71.2139
71.2139
71.2139
71.2139
71.2139
71.2139
71.2139
71.2139
71.2139
71.2139
71.2139
71.2139
71.2139
71.2139
71.2139
71.2139
71.2139
71.2139
71.2139
71.2139
71.2139
71.2139
71.2139
71.2139
71.2139
71.2139
71.2139
71.2139
71.2139
71.2139
71.2139
71.2139
71.2139
71.2139
71.2139
71.2139
71.2139
71.2139
71.2139
71.2139
71.2139
71.2139
71.2139
71.2139
71.2139
71.2139
71.2139
71.2139
71.2139
71.2139
71.2139
71.2139
71.2139
71.2139
71.2139
71.2139
71.2139
71.2139
71.2139
71.2139
71.2139
71.2139
71.2139
71.2139
71.2139
71.2139
71.2139
71.2139
71.2139
71.2139
71.2139
71.2139
71.2139
71.2139
71.2139
71.2139
71.2139
71.2139
71.2139
71.2139
71.2139
71.2139
71.2139
71.2139
71.2139
71.2139
71.2139
71.2139
71.2139
71.2139
71.2139
71.2139
71.2139
71.2139
71.2139
71.2139
71.2139
71.2139
71.2139
71.2139
71.2139
71.2139
71.2139
71.2139
71.2139
71.2139
71.2139
71.2139
71.2139
71.2139
71.2139
71.2139
71.2139
71.2139
71.2139
71.2139
71.2139
71.2139
71.2139
71.2139
71.2139
71.2139
71.2139
71.2139
71.2139
71.2139
71.2139
71.2139
71.2139
71.2139
71.2139
71.2139
71.2139
71.2139
71.2139
71.2139
71.2139
71.2139
71.2139
71.2139
71.2139
71.2139
71.2139
71.2139
71.2139
71.2139
71.2139
71.2139
71.2139
71.2139
71.2139
71.2139
71.2139
71.2139
71.2139
71.2139
71.2139
71.2139
71.2139
71.2139
71.2139
71.2139
71.2139
71.2139
71.2139
71.2139
71.2139
71.2139
71.2139
71.2139
71.2139
71.2139
71.2139
71.2139
71.2139
71.2139
71.2139
71.2139
71.2139
71.2139
71.2139
71.2139
71.2139
71.2139
71.2139
71.2139
71.2139
71.2139
71.2139
71.2139
71.2139
71.2139
71.2139
71.2139
71.2139
71.2139
71.2139
71.2139
71.2139
71.2139
71.2139
71.2139
71.2139
71.2139
71.2139
71.2139
71.2139
71.2139
71.2139
71.2139
71.2139
71.2139
71.2139
71.2139
71.2139
71.2139
71.2139
71.2139
71.2139
71.2139
71.2139
71.2139
71.2139
71.2139
71.2139
71.2139
71.2139
71.2139
71.2139
71.2139
71.2139
71.2139
71.2139
71.2139
71.2139
71.2139
71.2139
71.2139
71.2139
71.2139
71.2139
71.2139
71.2139
71.2139
71.2139
71.2139
71.2139
71.2139
71.2139
71.2139
70.4022
70.4022
70.4022
70.4022
70.4022
70.4022
70.4022
70.4022
70.4022
70.4022
70.4022
70.4022
70.4022
70.4022
70.4022
70.4022
70.4022
70.4022
70.2901
70.2901
70.2901
70.2901
70.2901
70.2901
70.2901
70.2901
70.2901
70.2901
70.2901
70.2901
70.2901
70.2901
70.2901
70.2901
70.2901
70.2901
70.2901
70.2901
70.2901
70.2901
70.2901
70.2901
70.2901
70.2901
70.2901
70.2901
70.2901
70.2901
70.2901
70.2901
70.2901
70.2901
70.2901
70.2901
70.2901
70.2901
70.2901
70.2901
70.2901
70.2901
70.2901
70.2901
70.2901
70.2901
70.2901
70.2901
70.2901
70.2901
70.2901
70.2901
70.2901
70.2901
70.2901
70.2901
70.2901
70.2901
70.2901
70.2901
70.2901
70.2901
70.2901
70.2901
70.2901
70.2901
70.2901
70.2901
70.2901
70.2901
70.2901
70.2901
70.2901
70.2901
70.2901
70.2901
70.2901
70.2901
70.2901
70.2901
70.2901
70.2901
70.2901
70.2901
70.2901
70.2901
70.2901
70.2901
70.2901
70.2901
70.2901
70.2901
70.2901
70.2901
70.2901
70.2901
70.2901
70.2901
70.2901
70.2901
70.2901
70.2901
70.2901
70.2901
70.2901
70.2901
70.2901
70.2901
70.2901
70.2901
70.2901
70.2901
70.2901
70.2901
70.2901
70.2901
70.2901
70.2901
70.2901
70.2901
70.2901
70.2901
70.2901
70.2901
70.2901
70.2901
70.2901
70.2901
70.2901
70.2901
70.2901
70.2901
70.2901
70.2901
70.2901
70.2901
70.2901
70.2901
70.2901
70.2901
70.2901
70.2901
70.2901
70.2901
70.2901
70.2901
70.2901
70.2901
70.2901
70.2901
70.2901
70.2901
70.2901
70.2901
70.2901
70.2901
70.2901
70.2901
70.2901
70.2901
70.2901
70.2901
70.2901
70.2901
70.2901
70.2901
70.2901
70.2901
70.2901
70.2901
70.2901
70.2901
70.2901
70.2901
70.2901
70.2901
70.2901
70.2901
70.2901
70.2901
70.2901
70.2901
70.2901
70.2901
70.2901
70.2901
70.2901
70.2901
70.2901
70.2901
70.2901
70.2901
70.2901
70.2901
70.2901
70.2901
70.2901
70.2901
70.2901
70.2901
70.2901
70.2901
70.2901
70.2901
70.2901
70.2901
70.2901
70.2901
70.2901
70.2901
70.2901
70.2901
70.2901
70.2901
70.2901
70.2901
70.2901
70.2901
70.2901
70.2901
70.2901
70.2901
70.2901
70.2901
70.2901
70.2901
70.2901
70.2901
70.2901
70.2901
70.2901
70.2901
70.2901
70.2901
70.2901
70.2305
70.2305
70.2305
70.2305
70.2305
70.2305
70.1398
70.1398
70.1398
70.1398
70.1398
70.1398
70.1398
70.1398
70.1398
70.1398
70.1398
70.1398
70.1398
70.1398
70.1398
70.1398
70.1398
70.1398
70.1398
70.1398
70.1398
70.1398
70.1398
70.1398
70.1398
70.1398
70.1398
70.1398
70.1398
70.1398
70.1398
70.1398
70.1398
70.1398
70.1398
70.1398
70.1398
70.1398
70.1398
70.1398
70.1398
70.1398
70.1398
70.1398
70.1398
70.1398
70.1398
70.1398
70.1398
70.1398
70.1398
70.1398
70.1398
70.1398
70.1398
70.1398
70.1398
70.1398
70.1398
70.1398
70.1398
70.1398
70.1398
70.1398
70.1398
70.1398
70.1398
70.1398
70.1398
70.1398
70.1398
70.1398
70.1398
70.1398
70.1398
70.1398
70.1398
70.1398
70.1398
70.1398
70.1398
70.1398
70.1398
70.1398
70.1398
70.1398
70.1398
70.1398
70.1398
70.1398
70.1398
70.1398
70.1398
70.1398
70.1398
70.1398
70.1398
70.1398
70.1398
70.1398
70.1398
70.1398
70.1398
70.1398
70.1398
70.1398
70.1398
70.1398
70.1398
70.1398
70.1398
70.1398
70.1398
70.1398
70.1398
70.1398
70.1398
70.1398
70.1398
70.1398
70.1398
70.1398
70.1398
70.1398
70.1398
70.1398
70.1398
70.1398
70.1398
70.1398
70.1398
70.1398
70.1398
70.1398
70.1398
70.1398
70.1398
70.1398
70.1398
70.1398
70.1398
70.1398
70.1398
70.1398
70.1398
70.1398
70.1398
70.1398
70.1398
70.1398
70.1398
70.1398
70.1398
70.1398
70.1398
70.1398
70.0537
70.0537
70.0537
70.0537
70.0537
70.0537
70.0537
70.0537
70.0537
70.0537
70.0537
70.0537
70.0537
70.0537
70.0537
70.0537
70.0537
70.0537
70.0537
70.0537
70.0537
70.0537
70.0537
70.0537
70.0537
70.0537
70.0537
70.0537
70.0537
70.0537
70.0537
70.0537
70.0537
70.0537
70.0537
70.0537
70.0537
70.0537
70.0537
70.0537
70.0537
70.0537
70.0537
70.0537
70.0537
70.0537
70.0537
70.0537
70.0537
70.0537
70.0537
70.0537
70.0537
70.0537
70.0537
70.0537
70.0537
70.0537
70.0537
70.0537
70.0537
70.0537
70.0537
70.0537
70.0537
70.0537
70.0537
70.0537
70.0537
70.0537
70.0537
70.0537
70.0537
70.0537
70.0537
70.0537
70.0537
70.0537
70.0537
70.0537
70.0537
70.0537
70.0537
70.0537
70.0537
70.0537
70.0537
70.0537
70.0537
70.0537
70.0537
70.0537
70.0537
70.0537
70.0537
70.0537
70.0537
70.0537
70.0537
70.0537
70.0537
70.0537
70.0537
70.0537
70.0537
70.0537
70.0537
70.0537
70.0537
70.0537
70.0537
70.0537
70.0537
70.0537
70.0537
70.0537
70.0537
70.0537
70.0537
70.0537
70.0537
70.0537
70.0537
70.0537
70.0537
70.0537
70.0537
70.0537
70.0537
70.0537
70.0537
70.0537
70.0537
70.0537
70.0537
70.0537
70.0537
70.0537
70.0537
70.0537
70.0537
70.0537
70.0537
70.0537
70.0537
70.0537
70.0537
70.0537
70.0537
70.0537
70.0537
70.0537
70.0537
70.0537
70.0537
70.0537
70.0537
70.0537
70.0537
70.0537
70.0537
70.0537
70.0537
70.0537
70.0537
70.0537
70.0537
70.0537
70.0537
70.0537
70.0537
70.0537
70.0537
70.0537
70.0537
70.0537
70.0537
70.0537
70.0537
70.0537
70.0537
70.0537
70.0537
70.0537
70.0537
70.0537
70.0537
70.0537
70.0537
70.0537
70.0537
70.0537
70.0537
70.0537
70.0537
70.0537
70.0537
70.0537
70.0537
70.0537
70.0537
70.0537
70.0537
70.0537
70.0537
70.0537
70.0537
70.0537
70.0537
70.0537
70.0537
70.0537
70.0537
70.0537
70.0537
70.0537
70.0537
70.0537
70.0537
70.0537
70.0537
70.0537
70.0537
70.0537
70.0537
70.0537
70.0537
70.0537
70.0537
70.0537
70.0537
70.0537
70.0537
70.0537
70.0537
70.0537
70.0537
70.0537
70.0537
70.0537
70.0537
70.0537
70.0537
70.0537
70.0537
70.0537
70.0537
70.0537
70.0537
70.0537
70.0537
70.0537
70.0537
70.0537
70.0537
70.0537
70.0537
70.0537
70.0537
70.0537
70.0537
70.0537
70.0537
70.0537
70.0537
70.0537
70.0537
70.0537
70.0537
70.0537
70.0537
70.0537
70.0537
70.0537
70.0537
70.0537
70.0537
70.0537
70.0537
70.0537
70.0537
70.0537
70.0537
70.0537
70.0537
70.0537
70.0537
70.0537
70.0537
70.0537
70.0537
70.0537
70.0537
70.0537
70.0537
70.0537
70.0537
70.0537
70.0537
70.0537
70.0537
70.0537
70.0537
70.0537
70.0537
70.0537
70.0537
70.0537
70.0537
70.0537
70.0537
70.0537
70.0537
70.0537
70.0537
70.0537
70.0537
70.0537
70.0537
70.0537
70.0537
70.0537
70.0537
70.0537
70.0537
70.0537
70.0537
70.0537
70.0537
70.0537
70.0537
70.0537
70.0537
70.0537
70.0537
70.0537
70.0537
70.0537
70.0537
70.0537
70.0537
70.0537
70.0537
70.0537
70.0537
70.0537
70.0537
70.0537
70.0537
70.0537
70.0537
70.0537
70.0537
70.0537
70.0537
70.0537
70.0537
70.0537
70.0537
70.0537
70.0537
70.0537
70.0537
70.0537
70.0537
70.0537
70.0537
70.0537
70.0537
70.0537
70.0537
70.0537
70.0537
70.0537
70.0537
70.0537
70.0537
70.0537
70.0537
70.0537
70.0537
70.0537
70.0537
70.0537
70.0537
70.0537
70.0537
70.0537
70.0537
70.0537
70.0537
70.0537
70.0537
70.0537
70.0537
70.0537
70.0537
70.0537
70.0537
70.0537
70.0537
70.0537
70.0537
70.0537
70.0537
70.0537
70.0537
70.0537
70.0537
70.0537
70.0537
70.0537
70.0537
70.0537
70.0537
70.0537
70.0537
70.0537
70.0537
70.0537
70.0537
70.0537
70.0537
70.0537
70.0537
70.0537
70.0537
70.0537
70.0537
70.0537
70.0537
70.0537
70.0537
70.0537
70.0537
70.0537
70.0537
70.0537
70.0537
70.0537
70.0537
70.0537
70.0537
70.0537
70.0537
70.0537
70.0537
70.0537
70.0537
70.0537
70.0537
70.0537
70.0537
70.0537
70.0537
70.0537
70.0537
70.0537
70.0537
70.0537
70.0537
70.0537
70.0537
70.0537
70.0537
70.0537
70.0537
70.0537
70.0537
70.0537
70.0537
70.0537
70.0537
70.0537
70.0537
70.0537
70.0537
70.0537
70.0537
70.0537
70.0537
70.0537
70.0537
70.0537
70.0537
70.0537
70.0537
70.0537
70.0537
70.0537
70.0537
70.0537
70.0537
70.0537
70.0537
70.0537
70.0537
70.0537
70.0537
70.0537
70.0537
70.0537
70.0537
70.0537
70.0537
70.0537
70.0537
70.0537
70.0537
70.0537
70.0537
70.0537
70.0537
70.0537
70.0537
70.0537
70.0537
70.0537
70.0537
70.0537
70.0537
70.0537
70.0537
70.0537
70.0537
70.0537
70.0537
70.0537
70.0537
70.0537
70.0537
70.0537
70.0537
70.0537
70.0537
70.0537
70.0537
70.0537
70.0537
70.0537
70.0537
70.0537
70.0537
70.0537
70.0537
70.0537
70.0537
70.0537
70.0537
70.0537
70.0537
70.0537
70.0537
70.0537
70.0537
70.0537
70.0537
70.0537
70.0537
70.0537
70.0537
70.0537
70.0537
70.0537
70.0537
70.0537
70.0537
70.0537
70.0537
70.0537
70.0537
70.0537
70.0537
70.0537
70.0537
70.0537
70.0537
70.0537
70.0537
70.0537
70.0537
70.0537
70.0537
70.0537
70.0537
70.0537
70.0537
70.0537
70.0537
70.0537
70.0537
70.0537
70.0537
70.0537
70.0537
70.0537
70.0537
70.0537
70.0537
70.0537
70.0537
70.0537
70.0537
70.0537
70.0537
70.0537
70.0537
70.0537
70.0537
70.0537
70.0537
70.0537
70.0537
70.0537
70.0537
70.0537
70.0537
70.0537
70.0537
70.0537
70.0537
70.0537
70.0537
70.0537
70.0537
70.0537
70.0537
70.0537
70.0537
70.0537
70.0537
70.0537
70.0537
70.0537
70.0537
70.0537
70.0537
70.0537
70.0537
70.0537
70.0537
70.0537
70.0537
70.0537
70.0537
70.0537
70.0537
70.0537
70.0537
70.0537
70.0537
70.0537
70.0537
70.0537
70.0537
70.0537
70.0537
70.0537
70.0537
70.0537
70.0537
70.0537
70.0537
70.0537
70.0537
70.0537
70.0537
70.0537
70.0537
70.0537
70.0537
70.0537
70.0537
70.0537
70.0537
70.0537
70.0537
70.0537
70.0537
70.0537
70.0537
70.0537
70.0537
70.0537
70.0537
70.0537
70.0537
70.0537
70.0537
70.0537
70.0537
70.0537
70.0537
70.0537
70.0537
70.0537
70.0537
70.0537
70.0537
70.0537
70.0537
70.0537
70.0537
70.0537
70.0537
70.0537
70.0537
70.0537
70.0537
70.0537
70.0537
70.0537
70.0537
70.0537
70.0537
70.0537
70.0537
70.0537
70.0537
70.0537
70.0537
70.0537
70.0537
70.0537
70.0537
70.0537
70.0537
70.0537
70.0537
70.0537
70.0537
70.0537
70.0537
70.0537
70.0537
70.0537
70.0537
70.0537
70.0537
70.0537
70.0537
70.0537
70.0537
70.0537
70.0537
70.0537
70.0537
70.0537
70.0537
70.0537
70.0537
70.0537
70.0537
70.0537
70.0537
70.0537
70.0537
70.0537
70.0537
70.0537
70.0537
70.0537
70.0537
70.0537
70.0537
70.0537
70.0537
70.0537
70.0537
70.0537
70.0537
70.0537
70.0537
70.0537
70.0537
70.0537
70.0537
70.0537
70.0537
70.0537
70.0537
70.0537
70.0537
70.0537
70.0537
70.0537
70.0537
70.0537
70.0537
70.0537
70.0537
70.0537
70.0537
70.0537
70.0537
70.0537
70.0537
70.0537
70.0537
70.0537
70.0537
70.0537
70.0537
70.0537
70.0537
70.0537
70.0537
70.0537
70.0537
70.0537
70.0537
70.0537
70.0537
70.0537
70.0537
70.0537
70.0537
70.0537
70.0537
70.0537
70.0537
70.0537
70.0537
70.0537
70.0537
70.0537
70.0537
70.0537
70.0537
70.0537
69.7253
69.7253
69.7253
69.7253
69.7253
69.7253
69.7253
69.7253
69.7253
69.7253
69.7253
69.7253
69.7253
69.7253
69.7253
69.7253
69.7253
69.7253
69.7253
69.7253
69.7253
69.7253
69.7253
69.7253
69.7253
69.7253
69.7253
69.7253
69.7253
69.7253
69.7253
69.7253
69.7253
69.7253
69.7253
69.7253
69.7253
69.7253
69.7253
69.7253
69.7253
69.7253
69.7253
69.7253
69.7253
69.7253
69.7253
69.7253
69.7253
69.7253
69.7253
69.7253
69.7253
69.7253
69.7253
69.7253
69.7253
69.7253
69.7253
69.7253
69.7253
69.7253
69.7253
69.7253
69.7253
69.7253
69.7253
69.7253
69.7253
69.7253
69.7253
69.7253
69.7253
69.7253
69.7253
69.7253
69.7253
69.7253
69.7253
69.7253
69.7253
69.7253
69.7253
69.7253
69.7253
69.7253
69.7253
69.7253
69.7253
69.7253
69.7253
69.7253
69.7253
69.7253
69.7253
69.7253
69.7253
69.7253
69.7253
69.7253
69.7253
69.7253
69.7253
69.7253
69.7253
69.7253
69.7253
69.7253
69.7253
69.7253
69.7253
69.7253
69.7253
69.7253
69.7253
69.7253
69.7253
69.7253
69.7253
69.7253
69.7253
69.7253
69.7253
69.7253
69.7253
69.7253
69.7253
69.7253
69.7253
69.7253
69.7253
69.7253
69.7253
69.7253
69.7253
69.7253
69.7253
69.7253
69.7253
69.7253
69.7253
69.7253
69.7253
69.7253
69.7253
69.7253
69.7253
69.7253
69.7253
69.7253
69.7253
69.7253
69.7253
69.7253
69.7253
69.7253
69.7253
69.7253
69.7253
69.7253
69.7253
69.7253
69.7253
69.7253
69.7253
69.7253
69.7253
69.7253
69.7253
69.7253
69.7253
69.7253
69.7253
69.7253
69.7253
69.7253
69.7253
69.7253
69.7253
69.7253
69.7253
69.7253
69.7253
69.7253
69.7253
69.7253
69.7253
69.7253
69.7253
69.7253
69.7253
69.7253
69.7253
69.7253
69.7253
69.7253
69.7253
69.7253
69.7253
69.7253
69.7253
69.7253
69.7253
69.7253
69.7253
69.7253
69.7253
69.7253
69.7253
69.7253
69.7253
69.7253
69.7253
69.7253
69.7253
69.7253
69.7253
69.7253
69.7253
69.7253
69.7253
69.7253
69.7253
69.7253
69.7253
69.7253
69.7253
69.7253
69.7253
69.7253
69.7253
69.7253
69.7253
69.7253
69.7253
69.7253
69.7253
69.7253
69.7253
69.7253
69.7253
69.7253
69.7253
69.7253
69.7253
69.7253
69.7253
69.7253
69.7253
69.7253
69.7253
69.7253
69.7253
69.7253
69.7253
69.7253
69.7253
69.7253
69.7253
69.7253
69.7253
69.7253
69.7253
69.7253
69.7253
69.7253
69.7253
69.7253
69.7253
69.7253
69.7253
69.7253
69.7253
69.7253
69.7253
69.7253
69.7253
69.7253
69.7253
69.7253
69.7253
69.7253
69.7253
69.7253
69.7253
69.7253
69.7253
69.7253
69.7253
69.7253
69.7253
69.7253
69.7253
69.7253
69.7253
69.7253
69.7253
69.7253
69.7253
69.7253
69.7253
69.7253
69.7253
69.7253
69.7253
69.7253
69.7253
69.7253
69.7253
69.7253
69.7253
69.7253
69.7253
69.7253
69.7253
69.7253
69.7253
69.7253
69.7253
69.7253
69.7253
69.7253
69.7253
69.7253
69.7253
69.7253
69.7253
69.7253
69.7253
69.7253
69.7253
69.7253
69.7253
69.7253
69.7253
69.7253
69.7253
69.7253
69.7253
69.7253
69.7253
69.7253
69.7253
69.7253
69.7253
69.7253
69.7253
69.7253
69.7253
69.7253
69.7253
69.7253
69.7253
69.7253
69.7253
69.7253
69.7253
69.7253
69.7253
69.7253
69.7253
69.7253
69.7253
69.7253
69.7253
69.7253
69.7253
69.7253
69.7253
69.7253
69.7253
69.7253
69.7253
69.7253
69.7253
69.7253
69.7253
69.7253
69.7253
69.7253
69.7253
69.7253
69.7253
69.7253
69.7253
69.7253
69.7253
69.7253
69.7253
69.7253
69.7253
69.7253
69.7253
69.7253
69.7253
69.7253
69.7253
69.7253
69.7253
69.7253
69.7253
69.7253
69.7253
69.7253
69.7253
69.7253
69.7253
69.7253
69.7253
69.7253
69.7253
69.7253
69.7253
69.7253
69.7253
69.7253
69.7253
69.7253
69.7253
69.7253
69.7253
69.7253
69.7253
69.7253
69.7253
69.7253
69.7253
69.7253
69.7253
69.7253
69.7253
69.7253
69.7253
69.7253
69.7253
69.7253
69.7253
69.7253
69.7253
69.7253
69.7253
69.7253
69.7253
69.7253
69.7253
69.7253
69.7253
69.7253
69.7253
69.7253
69.7253
69.7253
69.7253
69.7253
69.7253
69.7253
69.7253
69.7253
69.7253
69.7253
69.7253
69.7253
69.7253
69.7253
69.7253
69.7253
69.7253
69.7253
69.7253
69.7253
69.7253
69.7253
69.7253
69.7253
69.7253
69.7253
69.7253
69.7253
69.7253
69.7253
69.7253
69.7253
69.7253
69.7253
69.7253
69.7253
69.7253
69.7253
69.7253
69.7253
69.7253
69.7253
69.7253
69.7253
69.7253
69.7253
69.7253
69.7253
69.7253
69.7253
69.7253
69.7253
69.7253
69.7253
69.7253
69.7253
69.7253
69.7253
69.7253
69.7253
69.7253
69.7253
69.7253
69.7253
69.7253
69.7253
69.7253
69.7253
69.7253
69.7253
69.7253
69.7253
69.7253
69.7253
69.7253
69.7253
69.7253
69.7253
69.7253
69.7253
69.7253
69.7253
69.7253
69.7253
69.7253
69.7253
69.7253
69.7253
69.7253
69.7253
69.7253
69.7253
69.7253
69.7253
69.7253
69.7253
69.7253
69.7253
69.7253
69.7253
69.7253
69.7253
69.7253
69.7253
69.7253
69.7253
69.7253
69.7253
69.7253
69.7253
69.7253
69.7253
69.7253
69.7253
69.7253
69.7253
69.7253
69.7253
69.7253
69.7253
69.7253
69.7253
69.7253
69.7253
69.7253
69.7253
69.7253
69.7253
69.7253
69.7253
69.7253
69.7253
69.7253
69.7253
69.7253
69.7253
69.7253
69.7253
69.7253
69.7253
69.7253
69.7253
69.7253
69.7253
69.7253
69.7253
69.7253
69.7253
69.7253
69.7253
69.7253
69.7253
69.7253
69.7253
69.7253
69.7253
69.7253
69.7253
69.7253
69.7253
69.7253
69.7253
69.7253
69.7253
69.7253
69.7253
69.7253
69.7253
69.7253
69.7253
69.7253
69.7253
69.7253
69.7253
69.7253
69.7253
69.7253
69.7253
69.7253
69.7253
69.7253
69.7253
69.7253
69.7253
69.7253
69.7253
69.7253
69.7253
69.7253
69.7253
69.7253
69.7253
69.7253
69.7253
69.7253
69.7253
69.7253
69.7253
69.7253
69.7253
69.7253
69.7253
69.7253
69.7253
69.7253
69.7253
69.7253
69.7253
69.7253
69.7253
69.7253
69.7253
69.7253
69.7253
69.7253
69.7253
69.7253
69.7253
69.7253
69.7253
69.7253
69.7253
69.7253
69.7253
69.7253
69.7253
69.7253
69.7253
69.7253
69.7253
69.7253
69.7253
69.7253
69.7253
69.7253
69.7253
69.7253
69.7253
69.7253
69.7253
69.7253
69.7253
69.7253
69.7253
69.7253
69.7253
69.7253
69.7253
69.7253
69.7253
69.7253
69.7253
69.7253
69.7253
69.7253
69.7253
69.7253
69.7253
69.7253
69.7253
69.7253
69.7253
69.7253
69.7253
69.4203
69.4203
69.4203
69.4203
69.4203
69.4203
69.4203
69.4203
69.4203
69.4203
69.4203
69.4203
69.4203
69.4203
69.4203
69.4203
69.4203
69.4203
69.4203
69.4203
69.4203
69.4203
69.4203
69.4203
69.4203
69.4203
69.4203
69.4203
69.4203
69.4203
69.4203
69.4203
69.4203
69.4203
69.4203
69.4203
69.4203
69.4203
69.4203
69.4203
69.4203
69.4203
69.4203
69.4203
69.4203
69.4203
69.4203
69.4203
69.4203
69.4203
69.4203
69.4203
69.4203
69.4203
69.4203
69.4203
69.4203
69.4203
69.4203
69.4203
69.4203
69.4203
69.4203
69.4203
69.4203
69.4203
69.4203
69.4203
69.4203
69.4203
69.4203
69.4203
69.4203
69.4203
69.4203
69.4203
69.4203
69.4203
69.4203
69.4203
69.4203
69.4203
69.4203
69.4203
69.4203
69.4203
69.4203
69.4203
69.4203
69.4203
69.4203
69.4203
69.4203
69.4203
69.4203
69.4203
69.4203
69.4203
69.4203
69.4203
69.4203
69.4203
69.4203
69.4203
69.4203
69.4203
69.4203
69.4203
69.4203
69.4203
69.4203
69.4203
69.4203
69.4203
69.4203
69.4203
69.4203
69.4203
69.4203
69.4203
69.4203
69.4203
69.4203
69.4203
69.4203
69.4203
69.4203
69.4203
69.4203
69.4203
69.4203
69.4203
69.4203
69.4203
69.4203
69.4203
69.4203
69.4203
69.4203
69.4203
69.4203
69.4203
69.4203
69.4203
69.4203
69.4203
69.4203
69.4203
69.4203
69.4203
69.4203
69.4203
69.4203
69.4203
69.4203
69.4203
69.4203
69.4203
69.4203
69.4203
69.4203
69.4203
69.4203
69.4203
69.4203
69.4203
69.4203
69.4203
69.4203
69.4203
69.4203
69.4203
69.4203
69.4203
69.4203
69.4203
69.4203
69.4203
69.4203
69.4203
69.4203
69.4203
69.4203
69.4203
69.4203
69.4203
69.4203
69.4203
69.4203
69.4203
69.4203
69.4203
69.4203
69.4203
69.4203
69.4203
69.4203
69.4203
69.4203
69.4203
69.4203
69.4203
69.4203
69.4203
69.4203
69.4203
69.4203
69.4203
69.4203
69.4203
69.4203
69.4203
69.4203
69.4203
69.4203
69.4203
69.4203
69.4203
69.4203
69.4203
69.4203
69.4203
69.4203
69.4203
69.4203
69.3472
69.3472
69.3472
69.3472
69.3472
69.3472
69.3472
69.3472
69.3472
69.3472
69.3472
69.3472
69.3472
69.3472
69.3472
69.3472
69.3472
69.3472
69.3472
69.3472
69.3472
69.3472
69.3472
69.3472
69.3472
69.3472
69.3472
69.3472
69.3472
69.3472
69.3472
69.3472
69.3472
69.3472
69.3472
69.3472
69.3472
69.3472
69.3472
69.3472
69.3472
69.3472
69.3472
69.3472
69.3472
69.3472
69.3472
69.3472
69.3472
69.3472
69.3472
69.3472
69.3472
69.3472
69.3472
69.3472
69.3472
69.3472
69.3472
69.3472
69.3472
69.3472
69.3472
69.3472
69.3472
69.3472
69.3472
69.3472
69.3472
69.3472
69.3472
69.3472
69.3472
69.3472
69.3472
69.3472
69.3472
69.3472
69.3472
69.3472
69.3472
69.3472
69.3472
69.3472
69.3472
69.3472
69.3472
69.3472
69.3472
69.3472
69.3472
69.3472
69.3472
69.3472
69.3472
69.3472
69.3472
69.3472
69.3472
69.3472
69.3472
69.3472
69.3472
69.3472
69.3472
69.3472
69.3472
69.3472
69.3472
69.3472
69.3472
69.3472
69.3472
69.3472
69.3472
69.3472
69.3472
69.3472
69.3472
69.3472
69.3472
69.3472
69.3472
69.3472
69.3472
69.3472
69.3472
69.3472
69.3472
69.3472
69.3472
69.3472
69.3472
69.3472
69.3472
69.3472
69.3472
69.3472
69.3472
69.3472
69.3472
69.3472
69.3472
69.3472
69.3472
69.3472
69.3472
69.3472
69.3472
69.3472
69.3472
69.3472
69.3472
69.3472
69.3472
69.3472
69.3472
69.3472
69.3472
69.3472
69.3472
69.3472
69.3472
69.3472
69.3472
69.3472
69.3472
69.3472
69.3472
69.3472
69.3472
69.3472
69.3472
69.3472
69.3472
69.3472
69.3472
69.3472
69.3472
69.3472
69.3472
69.3472
69.3472
69.3472
69.3472
69.3472
69.3472
69.3472
69.3472
69.3472
69.3472
69.3472
69.3472
69.3472
69.3472
69.3472
69.3472
69.3472
69.3472
69.3472
69.3472
69.3472
69.3472
69.3472
69.3472
69.3472
69.3472
69.3472
69.3472
69.3472
69.3472
69.3472
69.3472
69.3472
69.3472
69.3472
69.3472
69.3472
69.3472
69.3472
69.3472
69.3472
69.3472
69.3472
69.3472
69.3472
69.3472
69.3472
69.3472
69.3472
69.3472
69.3472
69.3472
69.3472
69.3472
69.3472
69.3472
69.3472
69.3472
69.3472
69.3472
69.3472
69.3472
69.3472
69.3472
69.3472
69.3472
69.3472
69.3472
69.3472
69.3472
69.3472
69.3472
69.3472
69.3472
69.3472
69.3472
69.2869
69.2869
69.2869
69.2869
69.2869
69.2869
69.2869
69.2869
69.2869
69.2869
69.2869
69.2869
69.2869
69.2869
69.2869
69.2869
69.2869
69.2869
69.2869
69.2869
69.2869
69.2869
69.2869
69.2869
69.2869
69.2869
69.2869
69.2869
69.2869
69.2869
69.2869
69.2869
69.2869
69.2869
69.2869
69.2869
69.2869
69.2869
69.2869
69.2869
69.2869
69.2869
69.2869
69.2869
69.2869
69.2869
69.2869
69.2869
69.2869
69.2869
69.2869
69.2869
69.2869
69.2869
69.2869
69.2869
69.2869
69.2869
69.2869
69.2869
69.2869
69.2869
69.2869
69.2869
69.2869
69.2869
69.2869
69.2869
69.2869
69.2869
69.2869
69.2869
69.2869
69.2869
69.2869
69.2869
69.2869
69.2869
69.2869
69.2869
69.2869
69.2869
69.2869
69.2869
69.2869
69.2869
69.2869
69.2869
69.2869
69.2869
69.2869
69.2869
69.2869
69.2869
69.2869
69.2869
69.2869
69.2869
69.2869
69.2869
69.2869
69.2869
69.2869
69.2869
69.2869
69.2869
69.2869
69.2869
69.2869
69.2869
69.2869
69.2869
69.2869
69.2869
69.2869
69.2869
69.2869
69.2869
69.2869
69.2869
69.2869
69.2869
69.2869
69.2869
69.2869
69.2869
69.2869
69.2869
69.2869
69.2869
69.2869
69.2869
69.2869
69.2869
69.2869
69.2869
69.2869
69.2869
69.2869
69.2869
69.2869
69.2869
69.2869
69.2869
69.2869
69.2869
69.2869
69.2869
69.2869
69.2869
69.2869
69.2869
69.2869
69.2869
69.2869
69.2869
69.2869
69.2869
69.2869
69.2869
69.2869
69.2869
69.2869
69.2869
69.2869
69.2869
69.2869
69.2869
69.2869
69.2869
69.2869
69.2869
69.2869
69.2869
69.2869
69.2869
69.2869
69.2869
69.2869
69.2869
69.2869
69.2869
69.2869
69.2869
69.2869
69.2869
69.2869
69.2869
69.2869
69.2869
69.2869
69.2869
69.2869
69.2869
69.2869
69.2869
69.2869
69.2869
69.2869
69.2869
69.2869
69.2869
69.2869
69.2869
69.2869
69.2869
69.2869
69.2869
69.2869
69.2869
69.2869
69.2869
69.2869
69.2869
69.2869
69.2869
69.2869
69.2869
69.2869
69.2869
69.2869
69.2869
69.2869
69.2869
69.2869
69.2869
69.2869
69.2869
69.2869
69.2869
69.2869
69.2869
69.2869
69.2869
69.2869
69.2869
69.2869
69.2869
69.2869
69.2869
69.2869
69.2869
69.2869
69.2869
69.2869
69.2869
69.2869
69.2869
69.2869
69.2869
69.2869
69.2869
69.2869
69.2869
69.2869
69.2869
69.2869
69.2869
69.2869
69.2869
69.2869
69.2869
69.2869
69.2869
69.2869
69.2869
69.2869
69.2869
69.2869
69.2869
69.2869
69.2869
69.2869
69.2869
69.2869
69.2869
69.2869
69.2869
69.2869
69.2869
69.2869
69.2869
69.2869
69.2869
69.2869
69.2869
69.2869
69.2869
69.2869
69.2869
69.2869
69.2869
69.2869
69.2869
69.2869
69.2869
69.2869
69.2869
69.2869
69.2869
69.2869
69.2869
69.2869
69.2869
69.2869
69.2869
69.2869
69.2869
69.2869
69.2869
69.2869
69.2869
69.2869
69.2869
69.2869
69.2869
69.2869
69.2869
69.2869
69.2869
69.2869
69.2869
69.2869
69.2869
69.2869
69.2869
69.2869
69.2869
69.2869
69.2869
69.2869
69.2869
69.2869
69.2869
69.2869
69.2869
69.2869
69.2869
69.2869
69.2869
69.2869
69.2869
69.2869
69.2869
69.2869
69.2869
69.2869
69.2869
69.2869
69.2869
69.2869
69.2869
69.2869
69.2869
69.2869
69.2869
69.2869
69.2869
69.2869
69.2869
69.2869
69.2869
69.2869
69.2869
69.2869
69.2869
69.2869
69.2869
69.2869
69.2869
69.2869
69.2869
69.2869
69.2869
69.2869
69.2869
69.2869
69.2869
69.2869
69.2869
69.2869
69.2869
69.2869
69.2869
69.2869
69.2869
69.2869
69.2869
69.2869
69.2869
69.2869
69.2869
69.2869
69.2869
69.2869
69.2869
69.2869
69.2869
69.2869
69.2869
69.2869
69.2869
69.2869
69.2869
69.2869
69.2869
69.2869
69.2869
69.2869
69.2869
69.2869
69.2869
69.2869
69.2869
69.2869
69.2869
69.2869
69.2869
69.2869
69.2869
69.2869
69.2869
69.2869
69.2869
69.2869
69.2869
69.2869
69.2869
69.2869
69.2869
69.2869
69.2869
69.2869
69.2869
69.2869
69.2869
69.2869
69.2869
69.2869
69.2869
69.2869
69.2869
69.2869
69.2869
69.2869
69.2869
69.2869
69.2869
69.2869
69.2869
69.2869
69.2869
69.2869
69.2869
69.2869
69.2869
69.2869
69.2869
69.2869
69.2869
69.2869
69.2869
69.2869
69.2869
69.2869
69.2869
69.2869
69.2869
69.2869
69.2869
69.2869
69.2869
69.2869
69.2869
69.2869
69.2869
69.2869
69.2869
69.2869
69.2869
69.2869
69.2869
69.2869
69.2869
69.2869
69.2869
69.2869
69.2869
69.2869
69.2869
69.2869
69.2869
69.2869
69.2869
69.2869
69.2869
69.2869
69.2869
69.2869
69.2869
69.2869
69.2869
69.2869
69.2869
69.2869
69.2869
69.2869
69.2869
69.2869
69.2869
69.2869
69.2869
69.2869
69.2869
69.2869
69.2869
69.2869
69.2869
69.2869
69.2869
69.2869
69.2869
69.2869
69.2869
69.2869
69.2869
69.2869
69.2869
69.2869
69.2869
69.2869
69.2869
69.2869
69.2869
69.2869
69.2869
69.2869
69.2869
69.2869
69.2869
69.2869
69.2869
69.2869
69.2869
69.2869
69.2869
69.2869
69.2869
69.2869
69.2869
69.2869
69.2869
69.2869
69.2869
69.2869
69.2869
69.2869
69.2869
69.2869
69.2869
69.2869
69.2869
69.2869
69.2869
69.2869
69.2869
69.2869
69.2869
69.2869
69.2869
69.2869
69.2869
69.2869
69.2869
69.2869
69.2869
69.2869
69.2869
69.2869
69.2869
69.2869
69.2869
69.2869
69.2869
69.2869
69.2869
69.2869
69.2869
69.2869
69.2869
69.2869
69.2869
69.2869
69.2869
69.2869
69.2869
69.2869
69.2869
69.2869
69.2869
69.2869
69.2869
69.2869
69.2869
69.2869
69.2869
69.2869
69.2869
69.2869
69.2869
69.2869
69.2869
69.2869
69.2869
69.2869
69.2869
69.2869
69.2869
69.2869
69.2869
69.2869
69.2869
69.2869
69.2869
69.2869
69.2869
69.2869
69.2869
69.2869
69.2869
69.2869
69.2869
69.2869
69.2869
69.2869
69.2869
69.2869
69.2869
69.2869
69.2869
69.2869
69.2869
69.2869
69.2869
69.2869
69.2869
69.2869
69.2869
69.2869
69.2869
69.2869
69.2869
69.2869
69.2869
69.2869
69.2869
69.2869
69.2869
69.2869
69.2869
69.2869
69.2869
69.2869
69.2869
69.2869
69.2869
69.2869
69.2869
69.2869
69.2869
69.2869
69.2869
69.2869
69.2869
69.2869
69.2869
69.2869
69.2869
69.2869
69.2869
69.2869
69.2869
69.2869
69.2869
69.2869
69.2869
69.2869
69.2869
69.2869
69.2869
69.2869
69.2869
69.2869
69.2869
69.2869
69.2869
69.2869
69.2869
69.2869
69.2869
69.2869
69.2869
69.2869
69.2869
69.2869
69.2869
69.2869
69.2869
69.2869
69.2869
69.2869
69.2869
69.2869
69.2869
69.2869
69.2869
69.2869
69.2869
69.2869
69.2869
69.2869
69.2869
69.2869
69.2869
69.2869
69.2869
69.2869
69.2869
69.2869
69.2869
69.2869
69.2869
69.2869
69.2869
69.2869
69.2869
69.2869
69.2869
69.2869
69.2869
69.2869
69.2869
69.2869
69.2869
69.2869
69.2869
69.2869
69.2869
69.2869
69.2869
69.2869
69.2869
69.2869
69.2869
69.2869
69.2869
69.2869
69.2869
69.2869
69.2869
69.2869
69.2869
69.2869
69.2728
69.2728
69.2728
69.2728
69.2728
69.2728
69.2728
69.2728
69.2728
69.2728
69.2728
69.2728
69.2728
69.2728
69.2728
69.2728
69.2728
69.2728
69.2728
69.2728
69.2728
69.2728
69.2728
69.2728
69.2728
69.2728
69.2728
69.2728
69.2728
69.2728
69.2728
69.2728
69.2728
69.2728
69.2728
69.2728
69.2728
69.2728
69.2728
69.2728
69.2728
69.2728
69.2728
69.2728
69.2728
69.2728
69.2728
69.2728
69.2728
69.2728
69.2728
69.2728
69.2728
69.2728
69.2728
69.2728
69.2728
69.2728
69.2728
69.2728
69.2728
69.2728
69.2728
69.2728
69.2728
69.2728
69.2728
69.2728
69.2728
69.2728
69.2728
69.2728
69.2728
69.2728
69.2728
69.2728
69.2728
69.2728
69.2728
69.2728
69.2728
69.2728
69.2728
69.2728
69.2728
69.2728
69.2728
69.2728
69.2728
69.2728
69.2728
69.2728
69.2728
69.2728
69.2728
69.2728
69.2728
69.2728
69.2728
69.2728
69.2728
69.2728
69.2728
69.2728
69.2728
69.2728
69.2728
69.2728
69.2728
69.2728
69.2728
69.2728
69.2728
69.2728
69.2728
69.2728
69.2728
69.2728
69.2728
69.2728
69.2728
69.2728
69.2728
69.2728
69.2728
69.2728
69.2728
69.2728
69.2728
69.2728
69.2728
69.2728
69.2728
69.2728
69.2728
69.2728
69.2728
69.2728
69.2728
69.2728
69.2728
69.2728
69.2728
69.2728
69.2728
69.2728
69.2728
69.2728
69.2728
69.2728
69.2728
69.2728
69.2728
69.2728
69.2728
69.2728
69.2728
69.2728
69.2728
69.2728
69.2728
69.2728
69.2728
69.2728
69.2728
69.2728
69.2728
69.2728
69.2728
69.2728
69.2728
69.2728
69.2728
69.2728
69.2728
69.2728
69.2728
69.2728
69.2728
69.2728
69.2728
69.2728
69.2728
69.2728
69.2728
69.2728
69.2728
69.2728
69.2728
69.2728
69.2728
69.2728
69.2728
69.2728
69.2728
69.2728
69.2728
69.2728
69.2728
69.2728
69.2728
69.2728
69.2728
69.2728
69.2728
69.2728
69.2728
69.2728
69.2728
69.2728
69.2728
69.2728
69.2728
69.2728
69.2728
69.2728
69.2728
69.2728
69.2728
69.2728
69.2728
69.2728
69.2728
69.2728
69.2728
69.2728
69.2728
69.2728
69.2728
69.2728
69.2728
69.2728
69.2728
69.2728
69.2728
69.2728
69.2728
69.2728
69.2728
69.2728
69.2728
69.2728
69.2728
69.2728
69.2728
69.2728
69.2728
69.2728
69.2728
69.2728
69.2728
69.2728
69.2728
69.2728
69.2728
69.2728
69.2728
69.2728
69.2728
69.2728
69.2728
69.2728
69.2728
69.2728
69.2728
69.2728
69.2728
69.2728
69.2728
69.2728
69.2728
69.2728
69.2728
69.2728
69.2728
69.2728
69.2728
69.2728
69.2728
69.2728
69.2728
69.2728
69.2728
69.2728
69.2728
69.2728
69.2728
69.2728
69.2728
69.2728
69.2728
69.2728
69.2728
69.2728
69.2728
69.2728
69.2728
69.2728
69.2728
69.2728
69.2728
69.2728
69.2728
69.2728
69.2728
69.2728
69.2728
69.2728
69.2728
69.2728
69.2728
69.2728
69.2728
69.2728
69.2728
69.2728
69.2728
69.2728
69.2728
69.2728
69.2728
69.2728
69.2728
69.2728
69.2728
69.2728
69.2728
69.2728
69.2728
69.2728
69.2728
69.2728
69.2728
69.2728
69.2728
69.2728
69.2728
69.2728
69.2728
69.2728
69.2728
69.2728
69.2728
69.2728
69.2728
69.2728
69.2728
69.2728
69.2728
69.2728
69.2728
69.2728
69.2728
69.2728
69.2728
69.2728
69.2728
69.2728
69.2728
69.2728
69.2728
69.2728
69.2728
69.2728
69.2728
69.2728
69.2728
69.2728
69.2728
69.2728
69.2728
69.2728
69.2728
69.2728
69.2728
69.2728
69.2728
69.2728
69.2728
69.2728
69.2728
69.2728
69.2728
69.2728
69.2728
69.2728
69.2728
69.2728
69.2728
69.2728
69.2728
69.2728
69.2728
69.2728
69.2728
69.2728
69.2728
69.2728
69.2728
69.2728
69.2728
69.2728
69.2728
69.2728
69.2728
69.2728
69.2728
69.2728
69.2728
69.2728
69.2728
69.2728
69.2728
69.2728
69.2728
69.2728
69.2728
69.2728
69.2728
69.2728
69.2728
69.2728
69.2728
69.2728
69.2728
69.2728
69.2728
69.2728
69.2728
69.2728
69.2728
69.2728
69.2728
69.2728
69.2728
69.2728
69.2728
69.2728
69.2728
69.2728
69.2728
69.2728
69.2728
69.2728
69.2728
69.2728
69.2728
69.2728
69.2728
69.2728
69.2728
69.2728
69.2728
69.2728
69.2728
69.2728
69.2728
69.2728
69.2728
69.2728
69.2728
69.2728
69.2728
69.2728
69.2728
69.2728
69.2728
69.2728
69.2728
69.2728
69.2728
69.2728
69.2728
69.2728
69.2728
69.2728
69.2728
69.2728
69.2728
69.2728
69.2728
69.2728
69.2728
69.2728
69.2728
69.2728
69.2728
69.2728
69.2728
69.2728
69.2728
69.2728
69.2728
69.2728
69.2728
69.2728
69.2728
69.2728
69.2728
69.2728
69.2728
69.2728
69.2728
69.2728
69.2728
69.2728
69.2728
69.2728
69.2728
69.2728
69.2728
69.2728
69.2728
69.2728
69.2728
69.2728
69.2728
69.2728
69.2728
69.2728
69.2728
69.2728
69.2728
69.2728
69.2728
69.2728
69.2728
69.2728
69.2728
69.2728
69.2728
69.2728
69.2728
69.2728
69.2728
69.2728
69.2728
69.2728
69.2728
69.2728
69.2728
69.2728
69.2728
69.2728
69.2728
69.2728
69.2728
69.2728
69.2728
69.2728
69.2728
69.2728
69.2728
69.2728
69.2728
69.2728
69.2728
69.2728
69.2728
69.2728
69.2728
69.2728
69.2728
69.2728
69.2728
69.2728
69.2728
69.2728
69.2728
69.2728
69.2728
69.2728
69.2728
69.2728
69.2728
69.2728
69.2728
69.2728
69.2728
69.2728
69.2728
69.2728
69.2728
69.2728
69.2728
69.2728
69.2728
69.2728
69.2728
69.2728
69.2728
69.2728
69.2728
69.2728
69.2728
69.2728
69.2728
69.2728
69.2728
69.2728
69.2728
69.2728
69.2728
69.2728
69.2728
69.2728
69.2728
69.2728
69.2728
69.2728
69.2728
69.2728
69.2728
69.2728
69.2728
69.2728
69.2728
69.2728
69.2728
69.2728
69.2728
69.2728
69.2728
69.2728
69.2728
69.2728
69.2728
69.2728
69.2728
69.2728
69.2728
69.2728
69.2728
69.2728
69.2728
69.2728
69.2728
69.2728
69.2728
69.2728
69.2728
69.2728
69.2728
69.2728
69.2728
69.2728
69.2728
69.2728
69.2728
69.2728
69.2728
69.2728
69.2728
69.2728
69.2728
69.2728
69.2728
69.2728
69.2728
69.2728
69.2728
69.2728
69.2728
69.2728
69.2728
69.2728
69.2728
69.2728
69.2728
69.2728
69.2728
69.2728
69.2728
69.2728
69.2728
69.2728
69.2728
69.2728
69.2728
69.2728
69.2728
69.2728
69.2728
69.2728
69.2728
69.2728
69.2728
69.2728
69.2728
69.2728
69.2728
69.2728
69.2728
69.2728
69.2728
69.2728
69.2728
69.2728
69.2728
69.2728
69.2728
69.2728
69.2728
69.2728
69.2728
69.2728
69.2728
69.2728
69.2728
69.2728
69.2728
69.2728
69.2728
69.2728
69.2728
69.2728
69.2728
69.2728
69.2728
69.2728
69.2728
69.2728
69.2728
69.2728
69.2728
69.2728
69.2728
69.2728
69.2728
69.2728
69.2728
69.2728
69.2728
69.2728
69.2728
69.2728
69.2728
69.2728
69.2728
69.2728
69.2728
69.2728
69.2728
69.2728
69.2728
69.2728
69.2728
69.2728
69.2728
69.2728
69.2728
69.2728
69.2728
69.2728
69.2728
69.2728
69.2728
69.2728
69.2728
69.2728
69.2728
69.2728
69.2728
69.2728
69.2728
69.2728
69.2728
69.2728
69.2728
69.2728
69.2728
69.2728
69.2728
69.2728
69.2728
69.2728
69.2728
69.2728
69.2728
69.2728
69.2728
69.2728
69.2728
69.2728
69.2728
69.2728
69.2728
69.2728
69.2728
69.2728
69.2728
69.2728
69.2728
69.2728
69.2728
69.2728
69.2728
69.2728
69.2728
69.2728
69.2728
69.2728
69.2728
69.2728
69.2728
69.2728
69.2728
69.2728
69.2728
69.2728
69.2728
69.2728
69.2728
69.2728
69.2728
69.2728
69.2728
69.2728
69.2728
69.2728
69.2728
69.2728
69.2728
69.2728
69.2728
69.2728
69.2728
69.2728
69.2728
69.2728
69.2728
69.2728
69.2728
69.2728
69.2728
69.2728
69.2728
69.2728
69.2728
69.2728
69.2728
69.2728
69.2728
69.2728
69.2728
69.2728
69.2728
69.2728
69.2728
69.2728
69.2728
69.2728
69.2728
69.2728
69.2728
69.2728
69.2728
69.2728
69.2728
69.2728
69.2728
69.2728
69.2728
69.2728
69.2728
69.2728
69.2728
69.2728
69.2728
69.2728
69.2728
69.2728
69.2728
69.2728
69.2728
69.2728
69.2728
69.2728
69.2728
69.2728
69.2728
69.2728
69.2728
69.2728
69.2728
69.2728
69.2728
69.2728
69.2728
69.2728
69.2728
69.2728
69.2728
69.2728
69.2728
69.2728
69.2728
69.2728
69.2728
69.2728
69.2728
69.2728
69.2728
69.2728
69.2728
69.2728
69.2728
69.2728
69.2728
69.2728
69.2728
69.2728
69.2728
69.2728
69.2728
69.2728
69.2728
69.2728
69.2728
69.2728
69.2728
69.2728
69.2728
69.2728
69.2728
69.2728
69.2728
69.2728
69.2728
69.2728
69.2728
69.2728
69.2728
69.2728
69.2728
69.2728
69.2728
69.2728
69.2728
69.2728
69.2728
69.2728
69.2728
69.2728
69.2728
69.2728
69.2728
69.2728
69.2728
69.2728
69.2728
69.2728
69.2728
69.2728
69.2728
69.2728
69.2728
69.2728
69.2728
69.2728
69.2728
69.2728
69.2728
69.2728
69.2728
69.2728
69.2728
69.2728
69.2728
69.2728
69.2728
69.2728
69.2728
69.2728
69.2728
69.2728
69.2728
69.2728
69.2728
69.2728
69.2728
69.2728
69.2728
69.2728
69.2728
69.2728
69.2728
69.2728
69.2728
69.2728
69.2728
69.2728
69.2728
69.2728
69.2728
69.2728
69.2728
69.2728
69.2728
69.2728
69.2728
69.2728
69.2728
69.2728
69.2728
69.2728
69.2728
69.2728
69.2728
69.2728
69.2728
69.2728
69.2728
69.2728
69.2728
69.2728
69.2728
69.2728
69.2728
69.2728
69.2728
69.2728
69.2728
69.2728
69.2728
69.2728
69.2728
69.2728
69.2728
69.2728
69.2728
69.2728
69.2728
69.2728
69.2728
69.2728
69.2728
69.2728
69.2728
69.2728
69.2728
69.2728
69.2728
69.2728
69.2728
69.2728
69.2728
69.2728
69.2728
69.2728
69.2728
69.2728
69.2728
69.2728
69.2728
69.2728
69.2728
69.2728
69.2728
69.2728
69.2728
69.2728
69.2728
69.2728
69.2728
69.2728
69.2728
69.2728
69.2728
69.2728
69.2728
69.2728
69.2728
69.2728
69.2728
69.2728
69.2728
69.2728
69.2728
69.2728
69.2728
69.2728
69.2728
69.2728
69.2728
69.2728
69.2728
69.2728
69.2728
69.2728
69.2728
69.2728
69.2728
69.2728
69.2728
69.2728
69.2728
69.2728
69.2728
69.2728
69.2728
69.2728
69.2728
69.2728
69.2728
69.2728
69.2728
69.2728
69.2728
69.2728
69.2728
69.2728
69.2728
69.2728
69.2728
69.2728
69.2728
69.2728
69.2728
69.2728
69.2728
69.2728
69.2728
69.2728
69.2728
69.2728
69.2728
69.2728
69.2728
69.2728
69.2728
69.2728
69.2728
69.2728
69.2728
69.2728
69.2728
69.2728
69.2728
69.2728
69.2728
69.2728
69.2728
69.2728
69.2728
69.2728
69.2728
69.2728
69.2728
69.2728
69.2728
69.2728
69.2728
69.2728
69.2728
69.2728
69.2728
69.2728
69.2728
69.2728
69.2728
69.2728
69.2728
69.2728
69.2728
69.2728
69.2728
69.2728
69.2728
69.2728
69.2728
69.2728
69.2728
69.2728
69.2728
69.2728
69.2728
69.2728
69.2728
69.2728
69.2728
69.2728
69.2728
69.2728
69.2728
69.2728
69.2728
69.2728
69.2728
69.2728
69.2728
69.2728
69.2728
69.2728
69.2728
69.2728
69.2728
69.2728
69.2728
69.2728
69.2728
69.2728
69.2728
69.2728
69.2728
69.2728
69.2728
69.2728
69.2728
69.2728
69.2728
69.2728
69.2728
69.2728
69.2728
69.2728
69.2728
69.2728
69.2728
69.2728
69.2728
69.2728
69.2728
69.2728
69.2728
69.2728
69.2728
69.2728
69.2728
69.2728
69.2728
69.2728
69.2728
69.2728
69.2728
69.2728
69.2728
69.2728
69.2728
69.2728
69.2728
69.2728
69.2728
69.2728
69.2728
69.2728
69.2728
69.2728
69.2728
69.2728
69.2728
69.2728
69.2728
69.2728
69.2728
69.2728
69.2728
69.2728
69.2728
69.2728
69.2728
69.2728
69.2728
69.2728
69.2728
69.2728
69.2728
69.2728
69.2728
69.2728
69.2728
69.2728
69.2728
69.2728
69.2728
69.2728
69.2728
69.2728
69.2728
69.2728
69.2728
69.2728
69.2728
69.2728
69.2728
69.2728
69.2728
69.2728
69.2728
69.2728
69.2728
69.2728
69.2728
69.2728
69.2728
69.2728
69.2728
69.2728
69.2728
69.2728
69.2728
69.2728
69.2728
69.2728
69.2728
69.2728
69.2728
69.2728
69.2728
69.2728
69.2728
69.2728
69.2728
69.2728
69.2728
69.2728
69.2728
69.2728
69.2728
69.2728
69.2728
69.2728
69.2728
69.2728
69.2728
69.2728
69.2728
69.2728
69.2728
69.2728
69.2728
69.2728
69.2728
69.2728
69.2728
69.2728
69.2728
69.2728
69.2728
69.2728
69.2728
69.2728
69.2728
69.2728
69.2728
69.2728
69.2728
69.2728
69.2728
69.2728
69.2728
69.2728
69.2728
69.2728
69.2728
69.2728
69.2728
69.2728
69.2728
69.2728
69.2728
69.2728
69.2728
69.2728
69.2728
69.2728
69.2728
69.2728
69.2728
69.2728
69.2728
69.2728
69.2728
69.2728
69.2728
69.2728
69.2728
69.2728
69.2728
69.2728
69.2728
69.2728
69.2728
69.2728
69.2728
69.2728
69.2728
69.2728
69.2728
69.2728
69.2728
69.2728
69.2728
69.2728
69.2728
69.2728
69.2728
69.2728
69.2728
69.2728
69.2728
69.2728
69.2728
69.2728
69.2728
69.2728
69.2728
69.2728
69.2728
69.2728
69.2728
69.2728
69.2728
69.2728
69.2728
69.2728
69.2728
69.2728
69.2728
69.2728
69.2728
69.2728
69.2728
69.2728
69.2728
69.2728
69.2728
69.2728
69.2728
69.2728
69.2728
69.2728
69.2728
69.2728
69.2728
69.2728
69.2728
69.2728
69.2728
69.2728
69.2728
69.2728
69.2728
69.2728
69.2728
69.2728
69.2728
69.2728
69.2728
69.2728
69.2728
69.2728
69.2728
69.2728
69.2728
69.2728
69.2728
69.2728
69.2728
69.2728
69.2728
69.2728
69.2728
69.2728
69.2728
69.2728
69.2728
69.2728
69.2728
69.2728
69.2728
69.2728
69.2728
69.2728
69.2728
69.2728
69.2728
69.2728
69.2728
69.2728
69.2728
69.2728
69.2728
69.2728
69.2728
69.2728
69.2728
69.2728
69.2728
69.2728
69.2728
69.2728
69.2728
69.2728
69.2728
69.2728
69.2728
69.2728
69.2728
69.2728
69.2728
69.2728
69.2728
69.2728
69.2728
69.2728
69.2728
69.2728
69.2728
69.2728
69.2728
69.2728
69.2728
69.2728
69.2728
69.2728
69.2728
69.2728
69.2728
69.2728
69.2728
69.2728
69.2728
69.2728
69.2728
69.2728
69.2728
69.2728
69.2728
69.2728
69.2728
69.2728
69.2728
69.2728
69.2728
69.2728
69.2728
69.2728
69.2728
69.2728
69.2728
69.2728
69.2728
69.2728
69.2728
69.2728
69.2728
69.2728
69.2728
69.2728
69.2728
69.2728
69.2728
69.2728
69.2728
69.2728
69.2728
69.2728
69.2728
69.2728
69.2728
69.2728
69.2728
69.2728
69.2728
69.2728
69.2728
69.2728
69.2728
69.2728
69.2728
69.2728
69.2728
69.2728
69.2728
69.2728
69.2728
69.2728
69.2728
69.2728
69.2728
69.2728
69.2728
69.2728
69.2728
69.2728
69.2728
69.2728
69.2728
69.2728
69.2728
69.2728
69.2728
69.2728
69.2728
69.2728
69.2728
69.2728
69.2728
69.2728
69.2728
69.2728
69.2728
69.2728
69.2728
69.2728
69.2728
69.2728
69.2728
69.2728
69.2728
69.2728
69.2728
69.2728
69.2728
69.2728
69.2728
69.2728
69.2728
69.2728
69.2728
69.2728
69.2728
69.2728
69.2728
69.2728
69.2728
69.2728
69.2728
69.2728
69.2728
69.2728
69.2728
69.2728
69.2728
69.2728
69.2728
69.2728
69.2728
69.2728
69.2728
69.2728
69.2728
69.2728
69.2728
69.2728
69.2728
69.2728
69.2728
69.2728
69.2728
69.2728
69.2728
69.2728
69.2728
69.2728
69.2728
69.2728
69.2728
69.2728
69.2728
69.2728
69.2728
69.2728
69.2728
69.2728
69.2728
69.2728
69.2728
69.2728
69.2728
69.2728
69.2728
69.2728
69.2728
69.2728
69.2728
69.2728
69.2728
69.2728
69.2728
69.2728
69.2728
69.2728
69.2728
69.2728
69.2728
69.2728
69.2728
69.2728
69.2728
69.2728
69.2728
69.2728
69.2728
69.2728
69.2728
69.2728
69.2728
69.2728
69.2728
69.2728
69.2728
69.2728
69.2728
69.2728
69.2728
69.2728
69.2728
69.2728
69.2728
69.2728
69.2728
69.2728
69.2728
69.2728
69.2728
69.2728
69.2728
69.2728
69.2728
69.2728
69.2728
69.2728
69.2728
69.2728
69.2728
69.2728
69.2728
69.2728
69.2728
69.2728
69.2728
69.2728
69.2728
69.2728
69.2728
69.2728
69.2728
69.2728
69.2728
69.2728
69.2728
69.2728
69.2728
69.2728
69.2728
69.2728
69.2728
69.2728
69.2728
69.2728
69.2728
69.2728
69.2728
69.2728
69.2728
69.2728
69.2728
69.2728
69.2728
69.2728
69.2728
69.2728
69.2728
69.2728
69.2728
69.2728
69.2728
69.2728
69.2728
69.2728
69.2728
69.2728
69.2728
69.2728
69.2728
69.2728
69.2728
69.2728
69.2728
69.2728
69.2728
69.2728
69.2728
69.2728
69.2728
69.2728
69.2728
69.2728
69.2728
69.2728
69.2728
69.2728
69.2728
69.2728
69.2728
69.2728
69.2728
69.2728
69.2728
69.2728
69.2728
69.2728
69.2728
69.2728
69.2728
69.2728
69.2728
69.2728
69.2728
69.2728
69.2728
69.2728
69.2728
69.2728
69.2728
69.2728
69.2728
69.2728
69.2728
69.2728
69.2728
69.2728
69.2728
69.2728
69.2728
69.2728
69.2728
69.2728
69.2728
69.2728
69.2728
69.2728
69.2728
69.2728
69.2728
69.2728
69.2728
69.2728
69.2728
69.2728
69.2728
69.2728
69.2728
69.2728
69.2728
69.2728
69.2728
69.2728
69.2728
69.2728
69.2728
69.2728
69.2728
69.2728
69.2728
69.2728
69.2728
69.2728
69.2728
69.2728
69.2728
69.2728
69.2728
69.2728
69.2728
69.2728
69.2728
69.2728
69.2728
69.2728
69.2728
69.2728
69.2728
69.2728
69.2728
69.2728
69.2728
69.2728
69.2728
69.2728
69.2728
69.2728
69.2728
69.2728
69.2728
69.2728
69.2728
69.2728
69.2728
69.2728
69.2728
69.2728
69.2728
69.2728
69.2728
69.2728
69.2728
69.2728
69.2728
69.2728
69.2728
69.2728
69.2728
69.2728
69.2728
69.2728
69.2728
69.2728
69.2728
69.2728
69.2728
69.2728
69.2728
69.2728
69.2728
69.2728
69.2728
69.2728
69.2728
69.2728
69.2728
69.2728
69.2728
69.2728
69.2728
69.2728
69.2728
69.2728
69.2728
69.2728
69.2728
69.2728
69.2728
69.2728
69.2728
69.2728
69.2728
69.2728
69.2728
69.2728
69.2728
69.2728
69.2728
69.2728
69.2728
69.2728
69.2728
69.2728
69.2728
69.2728
69.2728
69.2728
69.2728
69.2728
69.2728
69.2728
69.2728
69.2728
69.2728
69.2728
69.2728
69.2728
69.2728
69.2728
69.2728
69.2728
69.2728
69.2728
69.2728
69.2728
69.2728
69.2728
69.2728
69.2728
69.2728
69.2728
69.2728
69.2728
69.2728
69.2728
69.2728
69.2728
69.2728
69.2728
69.2728
69.2728
69.2728
69.2728
69.2728
69.2728
69.2728
69.2728
69.2728
69.2728
69.2728
69.2728
69.2728
69.2728
69.2728
69.2728
69.2728
69.2728
69.2728
69.2728
69.2728
69.2728
69.2728
69.2728
69.2728
69.2728
69.2728
69.2728
69.2728
69.2728
69.2728
69.2728
69.2728
69.2728
69.2728
69.2728
69.2728
69.2728
69.2728
69.2728
69.2728
69.2728
69.2728
69.2728
69.2728
69.2728
69.2728
69.2728
69.2728
69.2728
69.2728
69.2728
69.2728
69.2728
69.2728
69.2728
69.2728
69.2728
69.2728
69.2728
69.2728
69.2728
69.2728
69.2728
69.2728
69.2728
69.2728
69.2728
69.2728
69.2728
69.2728
69.2728
69.2728
69.2728
69.2728
69.2728
69.2728
69.2728
69.2728
69.2728
69.2728
69.2728
69.2728
69.2728
69.2728
69.2728
69.2728
69.2728
69.2728
69.2728
69.2728
69.2728
69.2728
69.2728
69.2728
69.2728
69.2728
69.2728
69.2728
69.2728
69.2728
69.2728
69.2728
69.2728
69.2728
69.2728
69.2728
69.2728
69.2728
69.2728
69.2728
69.2728
69.2728
69.2728
69.2728
69.2728
69.2728
69.2728
69.2728
69.2728
69.2728
69.2728
69.2728
69.2728
69.2728
69.2728
69.2728
69.2728
69.2728
69.2728
69.2728
69.2728
69.2728
69.2728
69.2728
69.2728
69.2728
69.2728
69.2728
69.2728
69.2728
69.2728
69.2728
69.2728
69.2728
69.2728
69.2728
69.2728
69.2728
69.2728
69.2728
69.2728
69.2728
69.2728
69.2728
69.2728
69.2728
69.2728
69.2728
69.2728
69.2728
69.2728
69.2728
69.2728
69.2728
69.2728
69.2728
69.2728
69.2728
69.2728
69.2728
69.2728
69.2728
69.2728
69.2728
69.2728
69.2728
69.2728
69.2728
69.2728
69.2728
69.2728
69.2728
69.2728
69.2728
69.2728
69.2728
69.2728
69.2728
69.2728
69.2728
69.2728
69.2728
69.2728
69.2728
69.2728
69.2728
69.2728
69.2728
69.2728
69.2728
69.2728
69.2728
69.2728
69.2728
69.2728
69.2728
69.2728
69.2728
69.2728
69.2728
69.2728
69.2728
69.2728
69.2728
69.2728
69.2728
69.2728
69.2728
69.2728
69.2728
69.2728
69.2728
69.2728
69.2728
69.2728
69.2728
69.2728
69.2728
69.2728
69.2728
69.2728
69.2728
69.2728
69.2728
69.2728
69.2728
69.2728
69.2728
69.2728
69.2728
69.2728
69.2728
69.2728
69.2728
69.2728
69.2728
69.2728
69.2728
69.2728
69.2728
69.2728
69.2728
69.2728
69.2728
69.2728
69.2728
69.2728
69.2728
69.2728
69.2728
69.2728
69.2728
69.2728
69.2728
69.2728
69.2728
69.2728
69.2728
69.2728
69.2728
69.2728
69.2728
69.2728
69.2728
69.2728
69.2728
69.2728
69.2728
69.2728
69.2728
69.2728
69.2728
69.2728
69.2728
69.2147
69.2147
69.2147
69.2147
69.2147
69.2147
69.2147
69.2147
69.2147
69.2147
69.2147
69.2147
69.2147
69.2147
69.2147
69.2147
69.2147
69.2147
69.2147
69.2147
69.2147
69.2147
69.2147
69.2147
69.2147
69.2147
69.2147
69.2147
69.2147
69.2147
69.2147
69.2147
69.2147
69.2147
69.2147
69.2147
69.2147
69.2147
69.2147
69.2147
69.2147
69.2147
69.2147
69.2147
69.2147
69.2147
69.2147
69.2147
69.2147
69.2147
69.2147
69.2147
69.2147
69.2147
69.2147
69.2147
69.2147
69.2147
69.2147
69.2147
69.2147
69.2147
69.2147
69.2147
69.2147
69.2147
69.2147
69.2147
69.2147
69.2147
69.2147
69.2147
69.2147
69.2147
69.2147
69.2147
69.2147
69.2147
69.2147
69.2147
69.2147
69.2147
69.2147
69.2147
69.2147
69.2147
69.2147
69.2147
69.2147
69.2147
69.2147
69.2147
69.2147
69.2147
69.2147
69.2147
69.2147
69.2147
69.2147
69.2147
69.2147
69.2147
69.2147
69.2147
69.2147
69.2147
69.2147
69.2147
69.2147
69.2147
69.2147
69.2147
69.2147
69.2147
69.2147
69.2147
69.2147
69.2147
69.2147
69.2147
69.2147
69.2147
69.2147
69.2147
69.2147
69.2147
69.2147
69.2147
69.2147
69.2147
69.2147
69.2147
69.2147
69.2147
69.2147
69.2147
69.2147
69.2147
69.2147
69.2147
69.2147
69.2147
69.2147
69.2147
69.2147
69.2147
69.2147
69.2147
69.2147
69.2147
69.2147
69.2147
69.2147
69.2147
69.2147
69.2147
69.2147
69.2147
69.2147
69.2147
69.2147
69.2147
69.2147
69.2147
69.2147
69.2147
69.2147
69.2147
69.2147
69.2147
69.2147
69.2147
69.2147
69.2147
69.2147
69.2147
69.2147
69.2147
69.2147
69.2147
69.2147
69.2147
69.2147
69.2147
69.2147
69.2147
69.2147
69.2147
69.2147
69.2147
69.2147
69.2147
69.2147
69.2147
69.2147
69.2147
69.2147
69.2147
69.2147
69.2147
69.2147
69.2147
69.2147
69.2147
69.2147
69.2147
69.2147
69.2147
69.2147
69.2147
69.2147
69.2147
69.2147
69.2147
69.2147
69.2147
69.2147
69.2147
69.2147
69.2147
69.2147
69.2147
69.2147
69.2147
69.2147
69.2147
69.2147
69.2147
69.2147
69.2147
69.2147
69.2147
69.2147
69.2147
69.2147
69.2147
69.2147
69.2147
69.2147
69.2147
69.2147
69.2147
69.2147
69.2147
69.2147
69.2147
69.2147
69.2147
69.2147
69.2147
69.2147
69.2147
69.2147
69.2147
69.2147
69.2147
69.2147
69.2147
69.2147
69.2147
69.2147
69.2147
69.2147
69.2147
69.2147
69.2147
69.2147
69.2147
69.2147
69.2147
69.2147
69.2147
69.2147
69.2147
69.2147
69.2147
69.2147
69.2147
69.2147
69.2147
69.2147
69.2147
69.2147
69.2147
69.2147
69.2147
69.2147
69.2147
69.2147
69.2147
69.2147
69.2147
69.2147
69.2147
69.2147
69.2147
69.2147
69.2147
69.2147
69.2147
69.2147
69.2147
69.2147
69.2147
69.2147
69.2147
69.2147
69.2147
69.2147
69.2147
69.2147
69.2147
69.2147
69.2147
69.2147
69.2147
69.2147
69.2147
69.2147
69.2147
69.2147
69.2147
69.2147
69.2147
69.2147
69.2147
69.2147
69.2147
69.2147
69.2147
69.2147
69.2147
69.2147
69.2147
69.2147
69.2147
69.2147
69.2147
69.2147
69.2147
69.2147
69.2147
69.2147
69.2147
69.2147
69.2147
69.2147
69.2147
69.2147
69.2147
69.2147
69.2147
69.2147
69.2147
69.2147
69.2147
69.2147
69.2147
69.2147
69.2147
69.2147
69.2147
69.2147
69.2147
69.2147
69.2147
69.2147
69.2147
69.2147
69.2147
69.2147
69.2147
69.2147
69.2147
69.2147
69.2147
69.2147
69.2147
69.2147
69.2147
69.2147
69.2147
69.2147
69.2147
69.2147
69.2147
69.2147
69.2147
69.2147
69.2147
69.2147
69.2147
69.2147
69.2147
69.2147
69.2147
69.2147
69.2147
69.2147
69.2147
69.2147
69.2147
69.2147
69.2147
69.2147
69.2147
69.2147
69.2147
69.2147
69.2147
69.2147
69.2147
69.2147
69.2147
69.2147
69.2147
69.2147
69.2147
69.2147
69.2147
69.2147
69.2147
69.2147
69.2147
69.2147
69.2147
69.2147
69.2147
69.2147
69.2147
69.2147
69.2147
69.2147
69.2147
69.2147
69.2147
69.2147
69.2147
69.2147
69.2147
69.2147
69.2147
69.2147
69.2147
69.2147
69.2147
69.2147
69.2147
69.2147
69.2147
69.2147
69.2147
69.2147
69.2147
69.2147
69.2147
69.2147
69.2147
69.2147
69.2147
69.2147
69.2147
69.2147
69.2147
69.2147
69.2147
69.2147
69.2147
69.2147
69.2147
69.2147
69.2147
69.2147
69.2147
69.2147
69.2147
69.2147
69.2147
69.2147
69.2147
69.2147
69.2147
69.2147
69.2147
69.2147
69.2147
69.2147
69.2147
69.2147
69.2147
69.2147
69.2147
69.2147
69.2147
69.2147
69.2147
69.2147
69.2147
69.2147
69.2147
69.2147
69.2147
69.2147
69.2147
69.2147
69.2147
69.2147
69.2147
69.2147
69.2147
69.2147
69.2147
69.2147
69.2147
69.2147
69.2147
69.2147
69.2147
69.2147
69.2147
69.2147
69.2147
69.2147
69.2147
69.2147
69.2147
69.2147
69.2147
69.2147
69.2147
69.2147
69.2147
69.2147
69.2147
69.2147
69.2147
69.2147
69.2147
69.2147
69.2147
69.2147
69.2147
69.2147
69.2147
69.2147
69.2147
69.2147
69.2147
69.2147
69.2147
69.2147
69.2147
69.2147
69.2147
69.2147
69.2147
69.2147
69.2147
69.2147
69.2147
69.2147
69.2147
69.2147
69.2147
69.2147
69.2147
69.2147
69.2147
69.2147
69.2147
69.2147
69.2147
69.2147
69.2147
69.2147
69.2147
69.2147
69.2147
69.2147
69.2147
69.2147
69.2147
69.2147
69.2147
69.2147
69.2147
69.2147
69.2147
69.2147
69.2147
69.2147
69.2147
69.2147
69.2147
69.2147
69.2147
69.2147
69.2147
69.2147
69.2147
69.2147
69.2147
69.2147
69.2147
69.2147
69.2147
69.2147
69.2147
69.2147
69.2147
69.2147
69.2147
69.2147
69.2147
69.2147
69.2147
69.2147
69.2147
69.2147
69.2147
69.2147
69.2147
69.2147
69.2147
69.2147
69.2147
69.2147
69.2147
69.2147
69.2147
69.2147
69.2147
69.2147
69.2147
69.2147
69.2147
69.2147
69.2147
69.2147
69.2147
69.2147
69.2147
69.2147
69.2147
69.2147
69.2147
69.2147
69.2147
69.2147
69.2147
69.2147
69.2147
69.2147
69.2147
69.2147
69.2147
69.2147
69.2147
69.2147
69.2147
69.2147
69.2147
69.2147
69.2147
69.2147
69.2147
69.2147
69.2147
69.2147
69.2147
69.2147
69.2147
69.2147
69.2147
69.2147
69.2147
69.2147
69.2147
69.2147
69.2147
69.2147
69.2147
69.2147
69.2147
69.2147
69.2147
69.2147
69.2147
69.2147
69.2147
69.2147
69.2147
69.2147
69.2147
69.2147
69.2147
69.2147
69.2147
69.2147
69.2147
69.2147
69.2147
69.2147
69.2147
69.2147
69.2147
69.2147
69.2147
69.2147
69.2147
69.2147
69.2147
69.2147
69.2147
69.2147
69.2147
69.2147
69.2147
69.2147
69.2147
69.2147
69.2147
69.2147
69.2147
69.2147
69.2147
69.2147
69.2147
69.2147
69.2147
69.2147
69.2147
69.2147
69.2147
69.2147
69.2147
69.2147
69.2147
69.2147
69.2147
69.2147
69.2147
69.2147
69.2147
69.2147
69.2147
69.2147
69.2147
69.2147
69.2147
69.2147
69.2147
69.2147
69.2147
69.2147
69.2147
69.2147
69.2147
69.2147
69.2147
69.2147
69.2147
69.2147
69.2147
69.2147
69.2147
69.2147
69.2147
69.2147
69.2147
69.2147
69.2147
69.2147
69.2147
69.2147
69.2147
69.2147
69.2147
69.2147
69.2147
69.2147
69.2147
69.2147
69.2147
69.2147
69.2147
69.2147
69.2147
69.2147
69.2147
69.2147
69.2147
69.2147
69.2147
69.2147
69.2147
69.2147
69.2147
69.2147
69.2147
69.2147
69.2147
69.2147
69.2147
69.2147
69.2147
69.2147
69.2147
69.2147
69.2147
69.2147
69.2147
69.2147
69.2147
69.2147
69.2147
69.2147
69.2147
69.2147
69.2147
69.2147
69.2147
69.2147
69.2147
69.2147
69.2147
69.2147
69.2147
69.2147
69.2147
69.2147
69.2147
69.2147
69.2147
69.2147
69.2147
69.2147
69.2147
69.2147
69.2147
69.2147
69.2147
69.2147
69.2147
69.2147
69.2147
69.2147
69.2147
69.2147
69.2147
69.2147
69.2147
69.2147
69.2147
69.2147
69.2147
69.2147
69.2147
69.2147
69.2147
69.2147
69.2147
69.2147
69.2147
69.2147
69.2147
69.2147
69.2147
69.2147
69.2147
69.2147
69.2147
69.2147
69.2147
69.2147
69.2147
69.2147
69.2147
69.2147
69.2147
69.2147
69.2147
69.2147
69.2147
69.2147
69.2147
69.2147
69.2147
69.2147
69.2147
69.2147
69.2147
69.2147
69.2147
69.2147
69.2147
69.2147
69.2147
69.2147
69.2147
69.2147
69.2147
69.2147
69.2147
69.2147
69.2147
69.2147
69.2147
69.2147
69.2147
69.2147
69.2147
69.2147
69.2147
69.2147
69.2147
69.2147
69.2147
69.2147
69.2147
69.2147
69.2147
69.2147
69.2147
69.2147
69.2147
69.2147
69.2147
69.2147
69.2147
69.2147
69.2147
69.2147
69.2147
69.2147
69.2147
69.2147
69.2147
69.2147
69.2147
69.2147
69.2147
69.2147
69.2147
69.2147
69.2147
69.2147
69.2147
69.2147
69.2147
69.2147
69.2147
69.2147
69.2147
69.2147
69.2147
69.2147
69.2147
69.2147
69.2147
69.2147
69.2147
69.2147
69.2147
69.2147
69.2147
69.2147
69.2147
69.2147
69.2147
69.2147
69.2147
69.2147
69.2147
69.2147
69.2147
69.2147
69.2147
69.2147
69.2147
69.2147
69.2147
69.2147
69.2147
69.2147
69.2147
69.2147
69.2147
69.2147
69.2147
69.2147
69.2147
69.2147
69.2147
69.2147
69.2147
69.2147
69.2147
69.2147
69.2147
69.2147
69.2147
69.2147
69.2147
69.2147
69.2147
69.2147
69.2147
69.2147
69.2147
69.2147
69.2147
69.2147
69.2147
69.2147
69.2147
69.2147
69.2147
69.2147
69.2147
69.2147
69.2147
69.2147
69.2147
69.2147
69.2147
69.2147
69.2147
69.2147
69.2147
69.2147
69.2147
69.2147
69.2147
69.2147
69.2147
69.2147
69.2147
69.2147
69.2147
69.2147
69.2147
69.2147
69.2147
69.2147
69.2147
69.2147
69.2147
69.2147
69.2147
69.2147
69.2147
69.2147
69.2147
69.2147
69.2147
69.2147
69.2147
69.2147
69.2147
69.2147
69.2147
69.2147
69.2147
69.2147
69.2147
69.2147
69.2147
69.2147
69.2147
69.2147
69.2147
69.2147
69.2147
69.2147
69.2147
69.2147
69.2147
69.2147
69.2147
69.2147
69.2147
69.2147
69.2147
69.2147
69.2147
69.2147
69.2147
69.2147
69.2147
69.2147
69.2147
69.2147
69.2147
69.2147
69.2147
69.2147
69.2147
69.2147
69.2147
69.2147
69.2147
69.2147
69.2147
69.2147
69.2147
69.2147
69.2147
69.2147
69.2147
69.2147
69.2147
69.2147
69.2147
69.2147
69.2147
69.2147
69.2147
69.2147
69.2147
69.2147
69.2147
69.2147
69.2147
69.2147
69.2147
69.2147
69.2147
69.2147
69.2147
69.2147
69.2147
69.2147
69.2147
69.2147
69.2147
69.2147
69.2147
69.2147
69.2147
69.2147
69.2147
69.2147
69.2147
69.2147
69.2147
69.2147
69.2147
69.2147
69.2147
69.2147
69.2147
69.2147
69.2147
69.2147
69.2147
69.2147
69.2147
69.2147
69.2147
69.2147
69.2147
69.2147
69.2147
69.2147
69.2147
69.2147
69.2147
69.2147
69.2147
69.2147
69.2147
69.2147
69.2147
69.2147
69.2147
69.2147
69.2147
69.2147
69.2147
69.2147
69.2147
69.2147
69.2147
69.2147
69.2147
69.2147
69.2147
69.2147
69.2147
69.2147
69.2147
69.2147
69.2147
69.2147
69.2147
69.2147
69.2147
69.2147
69.2147
69.2147
69.2147
69.2147
69.2147
69.2147
69.2147
69.2147
69.2147
69.2147
69.2147
69.2147
69.2147
69.2147
69.2147
69.2147
69.2147
69.2147
69.2147
69.2147
69.2147
69.2147
69.2147
69.2147
69.2147
69.2147
69.2147
69.2147
69.2147
69.2147
69.2147
69.2147
69.2147
69.2147
69.2147
69.2147
69.2147
69.2147
69.2147
69.2147
69.2147
69.2147
69.2147
69.2147
69.2147
69.2147
69.2147
69.2147
69.2147
69.2147
69.2147
69.2147
69.2147
69.2147
69.2147
69.2147
69.2147
69.2147
69.2147
69.2147
69.2147
69.2147
69.2147
69.2147
69.2147
69.2147
69.2147
69.2147
69.2147
69.2147
69.2147
69.2147
69.2147
69.2147
69.2147
69.2147
69.2147
69.2147
69.2147
69.2147
69.2147
69.2147
69.2147
69.2147
69.2147
69.2147
69.2147
69.2147
69.2147
69.2147
69.2147
69.2147
69.2147
69.2147
69.2147
69.2147
69.2147
69.2147
69.2147
69.2147
69.2147
69.2147
69.2147
69.2147
69.2147
69.2147
69.2147
69.2147
69.2147
69.2147
69.2147
69.2147
69.2147
69.2147
69.2147
69.2147
69.2147
69.2147
69.2147
69.2147
69.2147
69.2147
69.2147
69.2147
69.2147
69.2147
69.2147
69.2147
69.2147
69.2147
69.2147
69.2147
69.2147
69.2147
69.2147
69.2147
69.2147
69.2147
69.2147
69.2147
69.2147
69.2147
69.2147
69.2147
69.2147
69.2147
69.2147
69.2147
69.2147
69.2147
69.2147
69.2147
69.2147
69.2147
69.2147
69.2147
69.2147
69.2147
69.2147
69.2147
69.2147
69.2147
69.2147
69.2147
69.2147
69.2147
69.2147
69.2147
69.2147
69.2147
69.2147
69.2147
69.2147
69.2147
69.2147
69.2147
69.2147
69.2147
69.2147
69.2147
69.2147
69.2147
69.2147
69.2147
69.2147
69.2147
69.2147
69.2147
69.2147
69.2147
69.2147
69.2147
69.2147
69.2147
69.2147
69.2147
69.2147
69.2147
69.2147
69.2147
69.2147
69.2147
69.2147
69.2147
69.2147
69.2147
69.2147
69.2147
69.2147
69.2147
69.2147
69.2147
69.2147
69.2147
69.2147
69.2147
69.2147
69.2147
69.2147
69.2147
69.2147
69.2147
69.2147
69.2147
69.2147
69.2147
69.2147
69.2147
69.2147
69.2147
69.2147
69.2147
69.2147
69.2147
69.2147
69.2147
69.2147
69.2147
69.2147
69.2147
69.2147
69.2147
69.2147
69.2147
69.2147
69.2147
69.2147
69.2147
69.2147
69.2147
69.2147
69.2147
69.2147
69.2147
69.2147
69.2147
69.2147
69.2147
69.2147
69.2147
69.2147
69.2147
69.2147
69.2147
69.2147
69.2147
69.2147
69.2147
69.2147
69.2147
69.2147
69.2147
69.2147
69.2147
69.2147
69.2147
69.2147
69.2147
69.2147
69.2147
69.2147
69.2147
69.2147
69.2147
69.2147
69.2147
69.2147
69.2147
69.2147
69.2147
69.2147
69.2147
69.2147
69.2147
69.2147
69.2147
69.2147
69.2147
69.2147
69.2147
69.2147
69.2147
69.2147
69.2147
69.2147
69.2147
69.2147
69.2147
69.2147
69.2147
69.2147
69.2147
69.2147
69.2147
69.2147
69.2147
69.2147
69.2147
69.2147
69.2147
69.2147
69.2147
69.2147
69.2147
69.2147
69.2147
69.2147
69.2147
69.2147
69.2147
69.2147
69.2147
69.2147
69.2147
69.2147
69.2147
69.2147
69.2147
69.2147
69.2147
69.2147
69.2147
69.2147
69.2147
69.2147
69.2147
69.2147
69.2147
69.2147
69.2147
69.2147
69.2147
69.2147
69.2147
69.2147
69.2147
69.2147
69.2147
69.2147
69.2147
69.2147
69.2147
69.2147
69.2147
69.2147
69.2147
69.2147
69.2147
69.2147
69.2147
69.2147
69.2147
69.2147
69.2147
69.2147
69.2147
69.2147
69.2147
69.2147
69.2147
69.2147
69.2147
69.2147
69.2147
69.2147
69.2147
69.2147
69.2147
69.2147
69.2147
69.2147
69.2147
69.2147
69.2147
69.2147
69.2147
69.2147
69.2147
69.2147
69.2147
69.2147
69.2147
69.2147
69.2147
69.2147
69.2147
69.2147
69.2147
69.2147
69.2147
69.2147
69.2147
69.2147
69.2147
69.2147
69.2147
69.2147
69.2147
69.2147
69.2147
69.2147
69.2147
69.2147
69.2147
69.2147
69.2147
69.2147
69.2147
69.2147
69.2147
69.2147
69.2147
69.2147
69.2147
69.2147
69.2147
69.2147
69.2147
69.2147
69.2147
69.2147
69.2147
69.2147
69.2147
69.2147
69.2147
69.2147
69.2147
69.2147
69.2147
69.2147
69.2147
69.2147
69.2147
69.2147
69.2147
69.2147
69.2147
69.2147
69.2147
69.2147
69.2147
69.2147
69.2147
69.2147
69.2147
69.2147
69.2147
69.2147
69.2147
69.2147
69.2147
69.2147
69.2147
69.2147
69.2147
69.2147
69.2147
69.2147
69.2147
69.2147
69.2147
69.2147
69.2147
69.2147
69.2147
69.2147
69.2147
69.2147
69.2147
69.2147
69.2147
69.2147
69.2147
69.2147
69.2147
69.2147
69.2147
69.2147
69.2147
69.2147
69.2147
69.2147
69.2147
69.2147
69.2147
69.2147
69.2147
69.2147
69.2147
69.2147
69.2147
69.2147
69.2147
69.2147
69.2147
69.2147
69.2147
69.2147
69.2147
69.2147
69.2147
69.2147
69.2147
69.2147
69.2147
69.2147
69.2147
69.2147
69.2147
69.2147
69.2147
69.2147
69.2147
69.2147
69.2147
69.2147
69.2147
69.2147
69.2147
69.2147
69.2147
69.2147
69.2147
69.2147
69.2147
69.2147
69.2147
