422.787
420.784
418.163
413.191
411.497
396.524
391.891
386.877
386.877
385.206
376.988
376.988
360.004
360.004
355.389
354.072
345.007
342.854
337.459
335.161
335.161
335.161
321.813
321.728
321.728
316.406
316.406
312.371
310.388
307.169
304.104
304.104
303.412
303.412
297.416
297.416
297.038
294.143
294.143
293.169
289.55
289.55
280.981
280.981
273.91
273.822
273.284
273.284
271.635
270.293
267.878
267.878
267.878
263.257
262.07
262.07
262.07
260.649
257.576
252.752
252.752
249.495
248.957
248.188
245.676
245.676
245.676
245.246
244.442
243.391
243.391
240.674
240.674
240.128
237.543
229.692
229.183
229.183
228.893
228.893
228.893
228.893
225.363
225.194
225.194
225.022
222.958
220.757
220.757
219.022
217.903
217.903
217.903
217.903
216.505
215.885
215.82
215.82
215.67
213.02
213.02
212.297
211.758
210.211
206.365
206.365
206.365
206.365
204.955
202.78
202.78
202.78
202.658
201.92
201.92
201.92
201.009
201.009
196.842
196.842
196.842
196.502
196.502
195.787
194.607
194.607
194.607
194.607
194.607
193.386
193.386
193.386
191.694
191.694
191.643
191.643
191.599
190.111
190.111
188.537
188.537
188.537
187.021
186.808
186.439
186.023
185.653
183.787
183.787
183.787
182.974
182.866
182.418
182.418
181.774
181.432
181.33
179.981
179.981
179.33
176.831
175.296
175.296
175.296
175.296
173.662
173.662
173.662
173.662
171.272
170.179
170.179
169.721
169.721
169.721
167.292
167.292
167.292
166.336
166.336
164.278
164.278
164.278
164.218
162.727
162.727
162.727
162.727
162.215
162.215
161.781
161.781
161.781
161.781
161.781
161.781
160.79
160.326
160.278
160.278
160.278
160.278
159.661
158.714
158.714
157.907
157.907
157.683
157.683
157.683
157.683
157.176
156.608
156.608
156.171
156.171
156.171
156.171
153.899
153.899
153.514
153.514
153.514
153.514
150.268
150.268
150.268
150.268
150.268
150.268
150.268
150.268
150.268
150.247
150.124
150.124
150.124
149.935
149.831
149.831
149.831
149.831
149.831
149.4
148.826
148.826
146.564
146.564
146.564
146.564
146.564
146.564
146.564
146.564
146.564
146.564
146.564
144.22
144.22
144.22
144.067
144.067
144.067
144.067
144.067
143.885
143.885
143.515
142.892
142.161
142.161
142.161
142.161
141.36
141.36
140.493
140.493
140.493
139.635
139.635
139.635
139.396
138.728
138.261
137.127
137.127
135.393
135.393
135.393
135.349
134.953
134.953
134.953
134.953
134.953
134.953
134.953
132.904
132.904
132.904
132.904
132.904
132.904
131.753
131.753
131.753
131.753
131.753
129.784
129.784
129.784
129.784
129.533
129.533
129.533
129.411
129.411
128.168
127.619
127.619
127.619
127.619
127.619
127.343
127.343
127.343
127.343
127.343
122.47
122.47
122.47
122.47
122.216
122.002
121.926
121.926
121.926
121.926
121.926
121.437
121.437
121.437
121.437
121.437
121.437
120.446
119.324
119.324
119.324
119.324
119.324
119.324
119.324
119.245
118.822
118.822
118.667
118.276
118.276
118.165
118.165
117.372
117.372
117.372
116.75
116.75
116.75
116.727
115.972
115.972
115.972
115.972
115.972
115.972
115.949
115.949
115.949
115.949
115.185
115.185
115.185
115.185
115.149
115.149
115.149
115.05
114.617
114.617
114.617
114.613
114.613
114.564
114.564
114.564
114.564
114.564
113.728
113.728
113.728
112.958
112.958
112.958
112.958
112.376
111.908
111.908
111.846
111.846
110.854
110.854
110.854
110.502
110.502
110.502
110.502
110.502
110.502
110.502
110.502
110.502
110.502
110.502
110.502
110.174
110.174
110.174
110.174
110.174
110.174
110.174
110.1
110.1
110.1
110.1
110.1
109.187
109.187
109.187
108.797
108.797
108.797
108.319
107.353
107.353
107.353
107.088
107.088
107.088
107.088
107.088
107.037
107.037
107.037
106.979
106.979
106.979
106.979
106.979
106.979
106.979
106.979
106.979
106.979
106.979
105.74
105.74
105.701
105.701
105.701
105.701
105.701
105.701
105.701
105.701
105.701
105.701
105.701
105.565
105.565
105.565
105.565
105.565
105.565
105.565
105.565
105.234
105.234
105.234
104.984
104.984
104.984
104.984
104.852
104.85
104.85
104.85
104.583
104.583
104.283
104.283
104.283
104.283
104.283
104.158
103.685
103.685
103.685
103.632
103.632
103.632
103.107
103.107
103.107
103.107
103.107
103.107
102.723
102.39
102.39
102.39
102.39
102.39
102.157
102.157
102.157
102.157
102.157
102.157
102.157
102.157
102.157
102.032
102.032
101.106
101.106
101.106
101.106
101.106
101.106
101.106
101.106
101.106
100.886
100.29
100.29
100.069
100.069
100.069
100.069
100.069
100.069
100.069
100.069
100.069
99.9036
99.9036
99.7824
99.7824
98.8756
98.8756
98.8756
98.8756
98.8756
98.8756
98.8756
98.8756
98.8756
98.8756
98.8756
97.7777
97.7777
97.7777
97.7153
97.7153
97.7153
97.451
97.451
97.1646
97.1646
97.1646
97.1646
97.1646
97.1134
97.1134
97.1134
96.7976
96.7976
96.7976
96.7976
96.7976
96.7976
96.7976
96.6398
96.6398
96.6398
96.6398
96.6398
96.6398
96.5334
96.5334
96.5334
96.5334
96.5334
96.5334
96.5334
96.5334
96.1495
96.1495
96.1495
96.1495
95.8257
95.8257
95.8257
95.8257
95.8257
95.7006
95.3961
95.3961
95.3961
95.3753
95.3753
95.3753
94.6802
94.6802
94.6802
94.6802
94.6802
94.6802
94.6802
94.6509
94.3436
94.3436
94.3436
94.3436
94.3436
94.3436
94.3436
94.3436
94.3436
94.3436
94.2522
93.6669
92.9917
92.9917
92.9917
92.9917
92.9917
92.9917
92.9917
92.9917
92.9917
91.8423
91.8423
91.8423
91.8423
91.8423
91.8423
91.8423
91.8423
91.7623
91.7623
91.7623
91.7623
91.7166
91.7166
91.7166
91.7166
91.4434
91.4434
91.4434
91.4434
91.4434
90.7912
90.7912
90.7912
90.544
90.544
90.544
90.544
90.544
90.544
90.544
90.544
90.544
90.544
90.544
90.544
90.544
90.544
90.544
90.544
90.544
90.544
90.3768
90.3768
90.2248
90.2248
89.3171
89.3171
89.3171
89.3171
89.3171
89.3171
89.3171
89.2362
89.2362
89.2362
88.9202
88.9202
88.5746
88.5746
88.5746
88.2819
88.2819
88.2819
88.2819
88.2819
88.2819
88.2819
88.2819
88.2819
88.198
88.198
88.198
87.6236
87.6236
87.6236
87.6236
87.6236
87.6236
87.6236
87.6236
87.6236
87.6236
87.2448
87.2448
87.2448
87.2448
87.2448
87.2448
87.2448
87.2448
87.2448
86.8048
86.8048
86.8048
86.8048
86.8048
86.8048
86.8048
86.8048
86.8048
86.8048
86.8048
86.8048
86.8048
86.6274
86.6274
86.6274
86.6274
86.6274
86.6274
86.6274
86.5932
86.5932
86.5932
86.5806
86.5806
86.5806
86.5806
86.5806
86.5806
86.5806
86.5806
86.5806
86.3601
86.3601
86.3601
86.1703
86.1148
86.1148
86.1148
86.1148
85.7271
85.7271
85.7271
85.7271
85.7271
85.7271
85.7271
85.7271
85.367
85.367
84.9793
84.9793
84.9793
84.9793
84.9793
84.9793
84.9793
84.9793
84.9793
84.8005
84.8005
84.8005
84.8005
84.8005
84.5918
84.5918
84.5918
84.5918
84.5918
84.4438
84.4438
84.4438
83.8154
83.8154
83.8154
83.8154
83.8154
83.7345
83.7345
83.7258
83.7258
83.7258
83.7258
83.7258
83.3011
83.3011
83.3011
83.3011
83.3011
83.3011
83.3011
83.3011
83.3011
83.3011
83.3011
83.3011
83.3011
83.3011
83.3011
83.224
83.224
83.224
83.224
83.224
83.224
83.224
83.224
83.224
83.224
83.224
83.224
83.0662
83.0662
83.0662
83.0662
82.8686
82.8686
82.7806
82.7806
82.7806
82.7806
82.7806
82.583
82.583
82.583
82.583
82.583
82.583
82.583
82.3636
82.3636
82.3636
82.3636
82.3636
82.3636
82.3636
82.3636
82.3636
82.3636
82.3636
82.3636
82.3636
82.3636
82.2307
82.2307
82.2307
82.2307
82.2307
82.0211
82.0211
82.0211
82.0211
82.0211
82.0211
82.0211
81.9506
81.9506
81.9506
81.9506
81.9506
81.9506
81.9506
81.9506
81.9506
81.9506
81.9506
81.9506
81.9506
81.9506
81.9506
81.9506
81.9506
81.9506
81.9229
81.9229
81.9229
81.9229
81.9229
81.9229
81.9229
81.9229
81.9229
81.9229
81.9229
81.9229
81.9229
81.9229
81.9229
81.9229
81.9229
81.9229
81.9229
81.9229
81.9229
81.9229
81.9229
81.9229
81.9229
81.9229
81.9229
81.9229
81.9229
81.9229
81.9229
81.9229
81.9229
81.6469
81.6469
81.6469
81.6469
81.6469
81.6469
81.6469
81.6469
81.6469
81.6469
81.6469
81.6469
81.6469
81.6469
81.6469
81.6469
81.6469
81.633
81.633
81.633
81.633
81.633
81.633
81.633
81.633
81.4145
81.3191
81.3191
81.3191
80.7595
80.7595
80.541
80.541
80.541
80.541
80.541
80.541
80.541
80.541
80.541
80.541
80.541
80.541
80.541
80.541
80.541
80.541
80.541
80.541
80.541
80.541
80.541
80.541
80.541
80.541
80.541
80.541
80.541
80.541
80.541
80.541
80.541
80.541
80.541
80.541
80.541
80.541
80.541
80.541
80.541
80.541
80.541
80.1552
79.5506
79.5506
79.5506
79.1276
79.1276
79.1276
79.1276
79.1276
79.1276
79.1276
79.1276
79.1276
79.1276
79.1276
79.1276
79.1276
79.1276
79.1276
79.1276
77.9472
77.9472
77.9472
77.4689
77.4689
77.4689
77.4689
77.4689
77.4689
77.4689
77.4689
77.4689
77.4689
77.4689
77.4689
77.4689
77.4689
77.4689
77.4689
77.4689
77.4689
77.4689
77.4689
77.4689
77.4689
77.4689
77.4689
77.4689
77.4689
77.4689
77.4689
77.4689
77.4689
77.4689
77.4689
77.4689
77.4689
77.4689
77.4689
77.4689
77.4689
77.4689
77.4689
77.4689
77.4689
77.4689
77.4689
77.0854
77.0854
77.0854
77.0854
77.0854
77.0854
77.0854
77.0854
77.0854
77.0854
77.0854
77.0854
77.0854
77.0854
77.0854
77.0854
77.0854
77.0854
77.0854
77.0854
77.0854
77.0854
77.0854
77.0854
77.0854
77.0854
77.0854
77.0854
77.0854
77.0854
77.0854
77.0854
77.0854
77.0854
77.0854
77.0854
77.0854
77.0854
77.0854
77.0854
77.0854
77.0854
77.0854
77.0854
77.0854
77.0854
77.0854
77.0854
77.0854
77.0854
77.0854
77.0854
77.0854
77.0854
77.0854
77.0854
77.0854
77.0854
77.0854
77.0854
77.0854
77.0854
77.0854
77.0854
77.0854
77.0854
77.0854
77.0854
77.0854
77.0854
77.0854
77.0854
77.0854
77.0854
77.0854
77.0854
77.0854
77.0854
77.0854
77.0854
77.0854
77.0854
76.5584
76.5584
76.5584
76.5584
76.5584
76.5584
76.5584
76.5584
76.5584
76.5584
76.5584
76.5584
76.5584
76.5584
76.5584
76.5584
76.5584
76.5584
76.5584
76.5584
76.5584
76.5584
76.5584
76.5584
76.5584
76.5584
76.5584
76.5584
76.5584
76.5292
76.5292
76.5292
76.5292
76.5292
76.5292
76.5292
76.5292
76.5292
76.5292
76.5292
76.5292
76.5292
76.5292
76.5292
76.5292
76.5292
76.5292
76.5292
76.5292
76.5292
76.5292
76.5292
76.5292
76.5292
76.5292
76.5292
76.5292
76.5292
76.5292
76.5292
76.5292
76.5292
76.5292
76.5292
76.5292
76.5292
76.5292
76.5292
76.5292
76.5292
76.5292
76.5292
76.5292
76.5292
76.5292
76.5292
76.5292
76.5292
76.5292
76.5292
76.5292
76.5292
76.5292
76.5292
76.5292
76.5292
76.5292
76.5292
76.5292
76.5292
76.5292
76.5292
76.5292
76.5292
76.5292
76.5292
76.5292
76.5292
76.5292
76.5292
76.5292
76.5292
76.5292
76.5292
76.5292
76.5292
76.5292
76.5292
76.5292
76.5292
76.5292
76.5292
76.5292
76.5292
76.5292
76.5292
76.5292
76.5292
76.5292
76.5292
76.5292
76.5292
76.5292
76.5292
76.5292
76.5292
76.5292
76.5292
76.5292
76.5292
76.5292
76.5292
76.5292
76.5292
76.5292
76.5292
76.5292
76.5292
76.5292
76.5292
76.5292
76.5292
76.5292
76.5292
76.5292
76.5292
76.5292
76.5292
76.5292
76.5292
76.5292
76.5292
76.5292
76.5292
76.5292
76.5292
76.5292
76.5292
76.5292
76.5292
76.5292
76.5292
76.5292
76.5029
76.5029
76.5029
76.5029
76.5029
76.5029
76.5029
76.5029
76.5029
76.5029
76.5029
76.5029
76.5029
76.5029
76.5029
76.5029
76.5029
76.5029
76.5029
76.5029
76.5029
76.5029
76.5029
76.5029
76.5029
76.5029
76.5029
76.5029
76.5029
76.5029
76.5029
76.5029
76.5029
76.5029
76.5029
76.5029
76.5029
76.5029
76.5029
76.5029
76.5029
76.5029
76.5029
76.5029
76.5029
76.5029
76.5029
76.5029
76.5029
76.5029
76.5029
76.5029
76.5029
76.5029
76.5029
76.5029
76.5029
76.5029
76.5029
76.5029
76.5029
76.5029
76.5029
76.344
76.344
75.7715
75.7715
75.7715
75.7715
75.7715
75.7715
75.7715
75.7715
75.7715
75.7715
74.9321
74.9321
74.9321
74.9321
74.9321
74.9321
74.9321
74.9321
74.9321
74.1351
74.1351
74.1351
74.1351
74.117
74.117
74.1093
74.1093
74.1093
74.1093
73.7463
73.7463
73.7463
73.7463
73.7463
73.7463
73.7463
73.7463
73.7463
73.7463
73.7463
73.7463
73.4729
73.4729
73.4729
73.4729
73.4729
73.4729
73.4729
73.4729
73.4652
73.4652
73.4652
73.4652
73.4652
73.4652
73.289
73.2812
73.2812
73.2812
73.2812
73.2812
73.2812
73.2812
73.2812
73.2812
73.2812
73.2812
73.2812
73.2812
73.2812
73.2812
73.2812
73.2812
73.2812
73.2812
73.2812
73.2812
73.2812
73.2812
73.2812
73.2812
73.2812
73.2812
73.1989
73.1989
73.1989
73.1989
73.1989
73.1989
73.1989
73.1989
73.1989
73.1989
73.1989
73.1989
73.1989
73.1989
73.1989
73.1989
73.1989
73.1989
73.0523
73.0523
73.0523
73.0523
73.0523
73.0523
73.0523
73.0523
73.0523
73.0523
73.0523
73.0523
73.0523
73.0523
73.0523
73.0523
73.0523
73.0523
73.0523
73.0523
73.0523
73.0523
73.0523
73.0523
73.0523
73.0523
73.0523
73.0523
73.0523
73.0523
73.0523
73.0523
73.0523
73.0523
73.0523
73.0523
73.0523
73.0523
73.0523
73.0523
73.0523
73.0523
73.0523
73.0523
73.0523
73.0523
73.0523
73.0523
73.0523
73.0523
73.0523
73.0523
73.0523
73.0523
73.0523
73.0523
73.0523
73.0523
73.0523
73.0523
73.0523
73.0523
73.0523
73.0523
73.0523
73.0523
72.8601
72.8601
72.8601
72.8601
72.8601
72.8601
72.8601
72.8601
72.8601
72.8601
72.8601
72.8601
72.8601
72.8601
72.8601
72.8601
72.8601
72.8018
72.8018
72.8018
72.8018
72.8018
72.8018
72.8018
72.8018
72.8018
72.8018
72.8018
72.8018
72.8018
72.8018
72.8018
72.8018
72.8018
72.8018
72.8018
72.8018
72.8018
72.8018
72.8018
72.8018
72.8018
72.8018
72.8018
72.8018
72.8018
72.8018
72.8018
72.8018
72.8018
72.8018
72.8018
72.8018
72.8018
72.8018
72.8018
72.8018
72.8018
72.8018
72.6223
72.6223
72.6223
72.6223
72.6223
72.6223
72.6223
72.6223
72.6223
72.6223
72.6223
72.6223
72.6223
72.6223
72.6223
72.6223
72.6223
72.6223
72.6223
72.6223
72.6223
72.6223
72.6223
72.6223
72.6223
72.6223
72.5079
72.5079
72.5079
72.5079
72.5079
72.5079
72.5079
72.5079
72.5079
72.5079
72.5079
72.5079
72.5079
72.5079
72.5079
72.5079
72.5079
72.5079
72.5079
72.5079
72.5079
72.5079
72.5079
72.5079
72.3592
72.3592
72.3592
72.3592
72.3592
72.3592
72.3592
72.3592
72.3592
72.3592
72.3592
72.3592
72.3592
72.3592
72.3592
72.3592
72.3592
72.3592
72.3592
72.3592
72.3592
72.3592
72.3592
72.3592
72.3592
72.3592
72.3592
72.3592
72.3592
72.3592
72.3592
72.3592
72.3592
72.3592
72.3592
72.3592
72.3592
72.3592
72.3592
72.3592
72.3592
72.3592
72.3592
72.3592
72.3592
72.3592
72.3592
72.3592
72.3592
72.3592
72.2242
72.2242
72.2242
72.2242
72.2242
72.2242
72.2242
72.2242
72.2242
72.2242
72.2242
72.2242
72.2242
72.2242
72.2242
72.2242
72.2242
72.2242
72.2242
72.2242
72.2242
72.2242
72.2242
72.2242
72.2242
72.2242
72.2242
72.2242
72.2242
72.2242
72.2242
72.2242
72.2242
72.2242
72.2242
72.2242
72.2242
72.2242
72.2242
72.2242
72.2242
72.2242
72.2242
72.2242
72.2242
72.2242
72.2242
72.2242
72.2242
72.2242
72.2242
72.2242
72.2242
72.2242
72.2242
72.2242
72.2242
72.2242
72.2242
72.2242
72.2242
72.2242
72.2242
72.2242
72.2242
72.2242
72.2242
72.2242
72.2242
72.2242
72.2242
72.2242
72.2242
72.2242
72.2242
72.2242
72.2242
72.2242
72.2242
72.2242
72.2242
72.2242
72.2242
72.2242
72.2242
72.2242
72.2242
72.2242
72.2242
72.2242
72.2242
72.2242
72.2242
72.2242
72.2242
72.2242
72.2242
72.2242
72.2242
72.2242
72.2242
72.2242
72.2242
72.2242
72.2242
72.2242
72.2242
72.2242
72.2242
72.2242
72.2242
72.2242
72.2242
72.2242
72.2242
72.2242
72.2242
72.2242
72.2242
72.2242
72.2242
72.2242
72.2242
72.2242
72.1158
72.1158
72.1158
72.1158
72.1158
72.1158
72.1158
72.1158
72.1158
72.1158
72.1158
72.1158
72.1158
72.1158
72.1158
72.1158
72.1158
72.1158
72.1158
72.1158
72.1158
72.1158
72.1158
72.1158
72.1158
72.1158
72.1158
72.1158
72.1158
72.1158
72.1158
72.1158
72.1158
72.1158
72.1158
72.1158
72.1158
72.1158
72.1158
72.1158
72.1158
72.1158
72.1158
72.1158
72.1158
72.1158
72.1158
72.1158
72.1158
72.1158
72.1158
72.1158
72.1158
72.1158
72.1158
72.1158
72.1158
72.1158
72.1158
72.1158
72.1158
72.1158
72.1158
72.1158
72.1158
72.1158
72.1158
72.1158
72.1158
72.1158
72.1158
72.1158
72.1158
72.1158
72.1158
72.1158
72.1158
72.1158
72.1158
72.1158
72.1158
72.1158
72.1158
72.1158
72.1158
72.1158
72.1158
72.1158
72.1158
72.1158
72.1158
72.1158
72.1158
72.1158
72.1158
72.1158
72.1158
72.1158
72.1158
72.1158
72.1158
72.1158
72.1158
72.1158
72.1158
72.1158
72.1158
72.1158
72.1158
72.1158
72.1158
72.1158
72.1158
72.1158
72.1158
72.1158
72.1158
72.0442
72.0442
72.0442
72.0442
72.0442
72.0442
72.0442
72.0442
72.0442
72.0442
72.0442
72.0442
72.0442
72.0442
72.0442
72.0442
72.0442
72.0442
72.0442
72.0442
72.0442
72.0442
72.0442
72.0442
72.0442
72.0442
72.0442
72.0442
72.0442
72.0442
72.0442
72.0442
72.0442
72.0442
72.0442
72.0442
72.0442
72.0442
72.0442
72.0442
72.0442
72.0442
72.0442
72.0442
72.0442
72.0442
72.0442
72.0442
72.0442
72.0442
72.0442
72.0442
72.0442
72.0442
72.0442
72.0442
72.0442
72.0442
72.0442
72.0442
72.0442
72.0442
72.0442
72.0442
72.0442
72.0442
72.0442
72.0442
72.0442
72.0442
72.0442
72.0442
72.0442
72.0442
72.0442
72.0442
72.0442
72.0442
72.0442
72.0442
72.0442
72.0442
72.0442
72.0442
72.0442
72.0442
72.0442
72.0442
72.0442
72.0442
72.0442
72.0442
72.0442
72.0442
72.0442
72.0442
72.0442
72.0442
72.0442
72.0442
72.0442
72.0442
72.0442
72.0442
72.0442
72.0442
72.0442
72.0442
72.0442
72.0442
71.8527
71.8527
71.8527
71.8527
71.8527
71.8527
71.8527
71.8527
71.8527
71.8527
71.8527
71.8527
71.8527
71.8527
71.8527
71.8527
71.8527
71.8527
71.8527
71.8527
71.8527
71.8527
71.8527
71.8527
71.8527
71.8527
71.8527
71.8527
71.8527
71.8527
71.8527
71.8527
71.8527
71.8527
71.8527
71.8527
71.8527
71.8527
71.8527
71.8527
71.8527
71.8527
71.8527
71.8527
71.8527
71.8527
71.8527
71.8527
71.8527
71.8527
71.8527
71.8527
71.8527
71.8527
71.8527
71.8527
71.8527
71.8527
71.8527
71.8527
71.8527
71.8527
71.8527
71.8527
71.5005
71.5005
71.5005
71.5005
71.5005
71.5005
71.5005
71.5005
71.5005
71.5005
71.5005
71.5005
71.4962
71.4962
71.4962
71.4962
71.4962
71.4962
71.4962
71.4962
71.4962
71.4962
71.4962
71.4962
71.4962
71.4962
71.4962
71.4962
71.4962
71.4962
71.4962
71.4962
71.4962
71.4962
71.4962
71.4962
71.4962
71.4962
71.4962
71.4962
71.4962
71.4962
71.4962
71.4962
71.4962
71.4962
71.4962
71.4962
71.4962
71.4962
71.4962
71.4962
71.4962
71.4962
71.4962
71.4962
71.4962
71.4962
71.4962
71.4962
71.4962
71.1173
71.1173
71.1173
71.1173
71.1173
71.1173
71.1173
71.1173
71.1173
71.1173
71.1173
71.1173
71.1173
71.1173
71.1173
71.1173
71.1173
71.1173
71.0961
71.0961
71.0961
71.0961
71.0961
71.0961
71.0961
71.0961
70.9154
70.9154
70.9154
70.9154
70.9154
70.9154
70.9154
70.9154
70.9154
70.9154
70.9154
70.9154
70.9154
70.9154
70.9154
70.9154
70.9154
70.9154
70.9154
70.9154
70.9154
70.9154
70.9154
70.9154
70.9154
70.9154
70.9154
70.9154
70.9154
70.9154
70.9154
70.9154
70.9154
70.9154
70.9154
70.9154
70.9154
70.9154
70.9154
70.9154
70.9154
70.9154
70.9154
70.9154
70.9154
70.9154
70.9154
70.9154
70.9154
70.9154
70.9154
70.9154
70.9154
70.9154
70.9154
70.9154
70.9154
70.9154
70.9154
70.9154
70.9154
70.9154
70.9154
70.9154
70.9154
70.9154
70.8941
70.8941
70.8941
70.8941
70.8941
70.8941
70.8941
70.8941
70.8941
70.8941
70.8941
70.8941
70.8941
70.8941
70.8941
70.8941
70.8941
70.8941
70.8941
70.8941
70.8941
70.8941
70.8941
70.8941
70.8941
70.8941
70.8941
70.8941
70.8941
70.8941
70.8941
70.8941
70.8941
70.8941
70.8941
70.8941
70.8941
70.8941
70.8941
70.8941
70.8941
70.8941
70.8941
70.8941
70.8941
70.8941
70.8941
70.8941
70.8941
70.8941
70.8941
70.8941
70.8941
70.8941
70.8941
70.8941
70.8941
70.8941
70.8941
70.8941
70.8941
70.8941
70.8941
70.8941
70.8941
70.8941
70.8941
70.8941
70.8941
70.8941
70.8941
70.8941
70.8941
70.8941
70.8941
70.8941
70.8941
70.8941
70.8941
70.8941
70.8941
70.8941
70.8941
70.8941
70.8941
70.8941
70.8941
70.8941
70.8941
70.8941
70.8941
70.8941
70.8941
70.8941
70.8941
70.8941
70.8941
70.8941
70.8941
70.8941
70.8941
70.8941
70.8941
70.8941
70.8941
70.8941
70.8941
70.8941
70.8941
70.8941
70.8941
70.8941
70.8941
70.8941
70.8941
70.6737
70.6737
70.6737
70.6737
70.6737
70.6737
70.6737
70.6737
70.6737
70.6737
70.6737
70.6737
70.6737
70.6737
70.6737
70.6737
70.6737
70.6737
70.6737
70.6737
70.6737
70.6737
70.6737
70.6737
70.5473
70.5473
70.5473
70.5473
70.5473
70.5473
70.5473
70.5473
70.5473
70.5473
70.5473
70.5473
70.5473
70.5473
70.5473
70.5473
70.5473
70.5473
70.5473
70.5473
70.5473
70.5473
70.5473
70.5473
70.5473
70.5473
70.5473
70.5473
70.5473
70.5473
70.5473
70.5473
70.5473
70.5473
70.5473
70.5473
70.5473
70.5473
70.5473
70.5473
70.5473
70.5473
70.5473
70.5473
70.5473
70.5473
70.5473
70.5473
70.5473
70.5473
70.5473
70.5473
70.5473
70.5473
70.5473
70.5473
70.5473
70.5473
70.5473
70.5473
70.5473
70.5473
70.5473
70.5473
70.5473
70.5473
70.5473
70.5473
70.5473
70.5473
70.5473
70.5473
70.5473
70.5473
70.5473
70.5473
70.5473
70.5473
70.5473
70.5473
70.5473
70.5473
70.5473
70.5473
70.5473
70.5473
70.5473
70.5473
70.5473
70.5473
70.5473
70.5473
70.5473
70.5473
70.5473
70.5473
70.5473
70.5473
70.5473
70.5473
70.5473
70.5473
70.5473
70.5473
70.5473
70.5473
70.5473
70.5473
70.5473
70.5473
70.5473
70.5473
70.5473
70.5473
70.5473
70.5473
70.5473
70.5473
70.5473
70.5473
70.5473
70.5473
70.5473
70.5473
70.5473
70.5473
70.5473
70.5473
70.5473
70.5473
70.5473
70.5473
70.5473
70.5473
70.5473
70.5473
70.5473
70.5473
70.5473
70.5473
70.5473
70.5473
70.5473
70.5473
70.5473
70.5473
70.5473
70.5473
70.5473
70.5473
70.5473
70.5473
70.5473
70.5473
70.5473
70.2461
70.2461
70.2461
70.2461
70.2461
70.2461
70.2461
70.2461
70.2461
70.2461
70.2461
70.2461
70.0953
70.0953
70.0953
70.0953
70.0953
70.0953
70.0953
70.0953
70.0953
70.0953
70.0953
70.0953
69.6885
69.6885
69.6885
69.6885
69.6885
69.6885
69.6885
69.6885
69.6885
69.6885
69.6885
69.6885
69.6885
69.6885
69.6885
69.6885
69.6885
69.6885
69.6885
69.6885
69.6885
69.6885
69.6885
69.6885
69.6885
69.6885
69.6885
69.6885
69.6885
69.6885
69.6885
69.6885
69.6885
69.6885
69.6885
69.6885
69.6885
69.6885
69.6885
69.6885
69.6885
69.6885
69.6885
69.6885
69.6885
69.6885
69.6885
69.6885
69.6885
69.6885
69.6885
69.6885
69.6885
69.6885
69.6885
69.6885
69.6885
69.6885
69.6885
69.6885
69.6885
69.6885
69.6885
69.6885
69.6885
69.6885
69.6885
68.7994
68.7994
68.7994
68.7994
68.7994
68.7994
68.7994
68.7994
68.7994
68.7994
68.7994
68.7994
68.7994
68.7994
68.7994
68.7994
68.7994
68.7994
68.7994
68.7994
68.7994
68.7994
68.7994
68.7994
68.7994
68.7994
68.7994
68.7994
68.7994
68.7994
68.7994
68.7994
68.7994
68.7994
68.7994
68.7994
68.7994
68.7994
68.7994
68.0506
68.0506
68.0506
68.0506
68.0506
68.0506
68.0506
68.0506
68.0506
68.0506
68.0506
68.0506
68.0506
68.0506
68.0506
68.0506
68.0506
68.0506
67.1868
67.1868
67.1868
67.1868
67.1868
67.1868
67.1868
67.1868
67.1868
67.1868
67.1868
67.1868
67.1868
67.1868
67.1868
67.1868
67.1868
67.1868
67.1868
67.1868
67.1868
67.1868
67.1868
67.1868
67.1868
67.1868
67.1868
67.1868
67.1868
67.1868
67.1868
67.1868
67.1868
67.1868
67.1868
67.1868
67.1868
67.1868
67.1868
67.1868
67.1868
67.1868
67.1868
67.1868
67.1868
67.1868
67.1868
67.1868
67.1868
67.1868
67.1868
67.1868
67.1868
67.1868
67.1868
67.1868
67.1868
67.1868
67.1868
67.1868
67.1868
67.1868
67.1868
67.1868
67.1868
67.1868
67.1868
67.1868
67.1868
67.1868
67.1868
67.1868
67.1868
67.1868
67.1868
67.1868
67.1868
67.1868
67.1868
67.1868
67.1868
67.1868
67.1868
67.1868
67.1868
67.1868
67.1868
67.1868
67.1868
67.1868
67.1661
67.1661
67.148
67.148
67.148
67.148
67.148
67.148
67.148
67.148
67.148
67.148
67.0633
67.0633
67.0633
67.0633
67.0633
67.0633
67.0633
67.0633
67.0633
67.0633
67.0633
67.0633
67.0633
67.0633
67.0633
67.0633
66.4974
66.4974
66.4974
66.4974
66.4974
66.4974
66.4974
66.4974
66.4974
66.4974
66.4974
66.4974
66.4974
66.4974
66.4974
66.4974
66.4974
66.4974
66.4974
66.4974
66.4974
66.4974
66.4974
66.4974
66.4974
66.4974
66.4974
66.4974
66.4974
66.4974
66.4974
66.4974
66.4974
66.4974
66.4974
66.4974
66.4974
66.4974
66.4974
66.4974
66.4974
66.4974
66.4974
66.4974
66.4974
66.4974
66.4974
66.4974
66.4974
66.4974
66.4974
66.4974
66.4974
66.4974
66.4974
66.4974
66.4974
66.4974
66.4974
66.4974
66.4974
66.4974
66.4974
66.4974
66.4974
66.4974
66.4974
66.4974
66.4974
66.4974
66.4974
66.4974
66.4974
66.4974
66.4974
66.4974
66.4974
66.4974
66.4974
66.4974
66.4974
66.4974
66.4974
66.4974
66.4974
66.4974
66.4974
66.4974
66.4974
66.4974
66.4974
66.4974
66.4974
66.4974
66.4974
66.4974
66.4974
66.4974
66.4974
66.4974
66.4974
66.4974
66.4974
66.4974
66.4974
66.4974
66.4974
66.4974
66.4974
66.4974
66.4974
66.4974
66.4974
66.4974
66.4974
66.4974
66.4974
66.4974
66.4974
66.4974
66.4974
66.4974
66.4974
66.4974
66.4974
66.4974
66.4974
66.4974
66.4974
66.4974
66.4974
66.4974
66.4974
66.4974
66.4974
66.4974
66.4974
66.4974
66.4974
66.4974
66.4974
66.4974
66.4974
66.4974
66.4974
66.4974
66.4974
66.4974
66.4974
66.4974
66.4974
66.4974
66.4974
66.4974
66.4974
66.4974
66.4974
66.4974
66.4974
66.4974
66.4974
66.4974
66.4974
66.4974
66.4974
66.4974
66.4974
66.4974
66.4974
66.4974
66.4974
66.4974
66.4974
66.4974
66.4974
66.4974
66.4974
66.4974
66.4974
66.4974
66.4974
66.4974
66.4974
66.4974
66.4974
66.4974
66.4974
66.4974
66.4974
66.4974
66.4974
66.4974
66.4974
66.4974
66.4974
66.4974
66.4974
66.4974
66.4974
66.4974
66.4974
66.4974
66.4974
66.4974
66.4974
66.4974
66.4974
66.4974
66.4974
66.4974
66.4974
66.4974
66.4974
66.4974
66.4974
66.4974
66.4974
66.4974
66.4974
66.4974
66.4974
66.4901
66.4901
66.4901
66.4901
66.4901
66.4901
66.4901
66.4901
66.4901
66.4901
66.4901
66.4901
66.4901
66.4901
66.4901
66.4901
66.4901
66.4901
66.4901
66.4901
66.4901
66.4901
66.4901
66.4901
66.4901
66.4901
66.4901
66.4901
66.4608
66.4608
66.4608
66.4608
66.4608
66.4608
66.4608
66.4608
66.4608
66.4608
66.4608
66.4608
66.4608
66.4608
66.4608
66.4608
66.4608
66.4608
66.4608
66.4608
66.4608
66.4608
66.3098
66.3098
66.3098
66.3098
66.3098
66.3098
66.3098
66.3098
66.3098
66.3098
66.3098
66.3098
66.3098
66.3098
66.3098
66.3098
66.3098
66.3098
66.3098
66.3098
66.3098
66.3098
66.3098
66.3098
66.3098
66.3098
66.3098
66.3098
66.3098
66.3098
66.3098
66.3098
66.3098
66.3098
66.3098
66.3098
66.3098
66.3098
66.3098
66.3098
66.3098
66.3098
66.3098
66.3098
66.3098
66.3098
66.3098
66.3098
66.3098
66.3098
66.3098
66.3098
66.3098
66.3098
66.3098
66.3098
66.3098
66.3098
66.3098
66.3098
66.3098
66.3098
66.3098
66.3098
66.3098
66.3098
66.3098
66.3098
66.3098
66.3098
66.3098
66.3098
66.3098
66.3098
66.3098
66.3098
66.3098
66.3098
66.3098
66.3098
66.3098
66.3098
66.3098
66.3098
66.3098
66.3098
66.3098
66.3098
66.3098
66.3098
66.3098
66.3098
66.3098
66.3098
66.3098
66.3098
66.3098
66.3098
66.3098
66.3098
66.3098
66.3098
66.3098
66.3098
66.3098
66.3098
66.3098
66.3098
66.3098
66.3098
66.3098
66.3098
66.3098
66.3098
66.3098
66.3098
66.3098
66.3098
66.3098
66.3098
66.3098
66.3098
66.3098
66.3098
66.3098
66.3098
66.3098
66.3098
66.3098
66.3098
66.3098
66.3098
66.3098
66.3098
66.3098
66.3098
66.3098
66.3098
66.3098
66.3098
66.3098
66.3098
66.3098
66.3098
66.3098
66.3098
66.3098
66.3098
66.3098
66.3098
66.3098
66.3098
66.3098
66.3098
66.3098
66.3098
66.3098
66.3098
66.3098
66.3098
66.3098
66.3098
66.3098
66.3098
66.3098
66.3098
66.3098
66.3098
66.3098
66.3098
66.3098
66.3098
66.3098
66.3098
66.3098
66.3098
66.3098
66.3098
66.3098
66.3098
66.3098
66.3098
66.3098
66.3098
66.3098
66.3098
66.3098
66.3098
66.3098
66.3098
66.3098
66.3098
66.3098
66.3098
66.3098
66.3098
66.3098
66.3098
66.3098
66.3098
66.3098
66.3098
66.3098
66.3098
66.3098
66.3098
66.3098
66.3098
66.3098
66.3098
66.3098
66.3098
66.3098
66.3098
66.3098
66.3098
66.3098
66.3098
66.3098
66.3098
66.3098
66.3098
66.3098
66.3098
66.3098
66.3098
66.3098
66.3098
66.3098
66.3098
66.3098
66.3098
66.3098
66.3098
66.3098
66.3098
66.3098
66.3098
66.3098
66.3098
66.3098
66.3098
66.3098
66.3098
66.3098
66.3098
66.3098
66.3098
66.3098
66.3098
66.3098
66.3098
66.3098
66.3098
66.3098
66.3098
66.3098
66.3098
66.3098
66.3098
66.3098
66.3098
66.3098
66.3098
66.3098
66.3098
66.3098
66.3098
66.3098
66.3098
66.3098
66.3098
66.3098
66.3098
66.3098
66.3098
66.3098
66.3098
66.3098
66.3098
66.3098
66.3098
66.3098
66.3098
66.1195
66.1195
66.1195
66.1195
66.1195
66.1195
66.1195
66.1195
66.1195
66.1195
66.1195
66.1195
66.1195
66.1195
66.1195
66.1195
66.1195
66.1195
66.1195
66.1195
66.1195
66.1195
66.1195
66.1195
66.1195
66.1195
66.1195
66.1195
66.1195
66.1195
66.1195
66.1195
66.1195
66.1195
66.1195
66.1195
66.1195
66.1195
66.1195
66.1195
66.1195
66.1195
66.1195
66.1195
66.1195
66.1195
66.1195
66.1195
66.1195
66.1195
66.1195
66.1195
66.1195
66.1195
66.1195
66.1195
66.1195
66.1195
66.1195
66.1195
66.1195
66.1195
66.1195
66.1195
66.1195
66.1195
66.1195
66.1195
66.1195
66.1195
66.1195
66.1195
66.1195
66.1195
66.1195
66.1195
66.1195
66.1195
66.1195
66.1195
66.1195
66.1195
66.1195
66.1195
66.1195
66.1195
66.1195
66.1195
66.1195
66.1195
66.1195
66.1195
66.1195
66.1195
66.1195
66.1195
66.1195
66.1195
66.1195
66.1195
66.1195
66.1195
66.1195
66.1195
66.1195
66.1195
66.1195
66.1195
66.1195
66.1195
66.1195
66.1195
66.1195
66.1195
66.1195
66.1195
66.1195
66.1195
66.1195
66.1195
66.1195
66.1195
66.1195
66.1195
66.1195
66.1195
66.1195
66.1195
66.1195
66.1195
66.1195
66.1195
66.1195
66.1195
66.1195
66.1195
66.1195
66.1195
66.1195
66.1195
66.1195
66.1195
66.1195
66.1195
66.1195
66.1195
66.1195
66.1195
66.1195
66.1195
66.1195
66.1195
66.1195
66.1195
66.1195
66.1195
66.1195
66.1195
66.1195
66.1195
66.1195
66.1195
66.1195
66.1195
66.1195
66.1195
66.1195
66.1195
66.1195
66.1195
66.1195
66.1195
66.1195
66.1195
66.1195
66.1195
66.1195
66.1195
66.1195
66.1195
66.1195
66.1195
66.1195
66.1195
66.1195
66.1195
66.1195
66.1195
66.1195
66.1195
66.1195
66.1195
66.1195
66.1195
66.1195
66.1195
66.1195
66.1195
66.1195
66.1195
66.1195
66.1195
66.1195
66.1195
66.1195
66.1195
66.1195
66.1195
66.1195
66.1195
66.1195
66.1195
66.1195
66.1195
66.1195
66.1195
66.1195
66.1195
66.1195
66.1195
66.1195
66.1195
66.1195
66.1195
66.1195
66.1195
66.1195
66.1195
66.1195
66.1195
66.1195
66.1195
66.1195
66.1195
66.1195
66.1195
66.1195
66.1195
66.1195
66.1195
66.1195
66.1195
66.1195
66.1195
66.1195
66.1195
66.1195
66.1195
66.1195
66.1195
66.1195
66.1195
66.1195
66.1195
66.1195
66.1195
66.1195
66.1195
66.1195
66.1195
66.1195
66.1195
66.1195
66.1195
66.1195
66.1195
66.1195
66.1195
66.1195
66.1195
66.1195
66.1195
66.1195
66.1195
66.1195
66.1195
66.1195
66.1195
66.1195
66.1195
66.1195
66.1195
66.1195
66.1195
66.1195
66.1195
66.1195
66.1195
66.1195
66.1195
66.1195
66.1195
66.1195
66.1195
66.1195
66.1195
66.1195
66.1195
66.1195
66.1195
66.1195
66.1195
66.1195
66.1195
66.1195
66.1195
66.1195
66.1195
66.1195
66.1195
66.1195
66.1195
66.1195
66.1195
66.1195
66.1195
66.1195
66.1195
66.1195
66.1195
66.1195
66.1195
66.1195
66.1195
66.1195
66.1195
66.1195
66.1195
66.1195
66.1195
66.1195
66.1195
66.1195
66.1195
66.1195
66.1195
66.1195
66.1195
66.1195
66.1195
66.1195
66.1195
66.1195
66.1195
66.1195
66.1195
66.1195
66.1195
66.1195
66.1195
66.1195
66.1195
66.1195
66.1195
66.1195
66.1195
66.1195
66.1195
66.1195
66.1195
66.1195
66.1195
66.1195
66.1195
66.1195
66.1195
66.1195
66.1195
66.1195
66.1195
66.1195
66.1195
66.1195
66.1195
66.1195
66.1195
66.1195
66.1195
66.1195
66.1195
66.1195
66.1195
66.1195
66.1195
66.1195
66.1195
66.1195
66.1195
66.1195
66.1195
66.1195
66.1195
66.1195
66.1195
66.1195
66.1195
66.1195
66.1195
66.1195
66.1195
66.1195
66.1195
66.1195
66.1195
66.1195
66.1195
66.1195
66.1195
66.1195
66.1195
66.1195
66.1195
66.1195
66.1195
66.1195
66.1195
66.1195
66.1195
66.1195
66.1195
66.1195
66.1195
66.1195
66.1195
66.1195
66.1195
66.1195
66.1195
66.1195
66.1195
66.1195
66.1195
66.1195
66.1195
66.1195
66.1195
66.1195
66.1195
66.1195
66.1195
66.1195
66.1195
66.1195
66.1195
66.1195
66.1195
66.1195
66.1195
66.1195
66.1195
66.1195
66.1195
66.1195
66.1195
66.1195
66.1195
66.1195
66.1195
66.1195
66.1195
66.1195
66.1195
66.1195
66.1195
66.1195
66.1195
66.1195
66.1195
66.1195
66.1195
66.1195
66.1195
66.1195
66.1195
66.1195
66.1195
66.1195
66.1195
66.1195
66.1195
66.1195
66.1195
66.1195
66.1195
66.1195
66.1195
66.1195
66.1195
66.1195
66.1195
66.1195
66.1195
66.1195
66.1195
66.1195
66.1195
66.1195
66.1195
66.1195
66.1195
66.1195
66.1195
66.1195
66.1195
66.1195
66.1195
66.1195
66.1195
66.1195
66.1195
66.1195
66.1195
66.1195
66.1195
66.1195
66.1195
66.1195
66.1195
66.1195
66.1195
66.1195
66.1195
66.1195
66.1195
66.1195
66.1195
66.1195
66.1195
66.1195
66.1195
66.1195
66.1195
66.1195
66.1195
66.1195
66.1195
66.1195
66.1195
66.1195
66.1195
66.1195
66.1195
66.1195
66.1195
66.1195
66.1195
66.1195
66.1195
66.1195
66.1195
66.1195
66.1195
66.1195
66.1195
66.1195
66.1195
66.1195
66.1195
66.1195
66.1195
66.1195
66.1195
66.1195
66.1195
66.1195
66.1195
66.1195
66.1195
66.1195
66.1195
66.1195
66.1195
66.1195
66.1195
66.1195
66.1195
66.1195
66.1195
66.1195
66.1195
66.1195
66.1195
66.1195
66.1195
66.1195
66.1195
66.1195
66.1195
66.1195
66.1195
66.1195
66.1195
66.1195
66.1195
66.1195
66.1195
66.1195
66.1195
66.1195
66.1195
66.1195
66.1195
66.1195
66.1195
66.1195
66.1195
66.1195
66.1195
66.1195
66.1195
66.1195
66.1195
66.1195
66.1195
66.1195
66.1195
66.1195
66.1195
66.1195
66.1195
66.1195
66.1195
66.1195
66.1195
66.1195
66.1195
66.1195
66.1195
66.1195
66.1195
66.1195
66.1195
66.1195
66.1195
66.1195
66.1195
66.1195
66.1195
66.1195
66.1195
66.1195
66.1195
66.1195
66.1195
66.1195
66.1195
66.1195
66.1195
66.1195
66.1195
66.1195
66.1195
66.1195
66.1195
66.1195
66.1195
66.1195
66.1195
66.1195
66.1195
66.1195
66.1195
66.1195
66.1195
66.1195
66.1195
66.1195
66.1195
66.1195
66.1195
66.1195
66.1195
66.1195
66.1195
66.1195
66.1195
66.1195
66.1195
66.1195
66.1195
66.1195
66.1195
66.1195
66.1195
66.1195
66.1195
66.1195
66.1195
66.1195
66.1195
66.1195
66.1195
66.1195
66.1195
66.1195
66.1195
66.1195
66.1195
66.1195
66.1195
66.1195
66.1195
66.1195
66.1195
66.1195
66.1195
66.1195
66.1195
66.1195
66.1195
66.1195
66.1195
66.1195
66.1195
66.1195
66.1195
66.1195
66.1195
66.1195
66.1195
66.1195
66.1195
66.1195
66.1195
66.1195
66.1195
66.1195
66.1195
66.1195
66.1195
66.1195
66.1195
66.1195
66.1195
66.1195
66.1195
66.1195
66.1195
66.1195
66.1195
66.1195
66.1195
66.1195
66.1195
66.1195
66.1195
66.1195
66.1195
66.1195
66.1195
66.1195
66.1195
66.1195
66.1195
66.1195
66.1195
66.1195
66.1195
66.1195
66.1195
66.1195
66.1195
66.1195
66.1195
66.1195
66.1195
66.1195
66.1195
66.1195
66.1195
66.1195
66.1195
66.1195
66.1195
66.1195
66.1195
66.1195
66.1195
66.1195
66.1195
66.1195
66.1195
66.1195
66.1195
66.1195
66.1195
66.1195
66.1195
66.1195
66.1195
66.1195
66.1195
66.1195
66.1195
66.1195
66.1195
66.1195
66.1195
66.1195
66.1195
66.1195
66.1195
66.1195
66.1195
66.1195
66.1195
66.1195
66.1195
66.1195
66.1195
66.1195
66.1195
66.1195
66.1195
66.1195
66.1195
66.1195
66.1195
66.1195
66.1195
66.1195
66.1195
66.1195
66.1195
66.1195
66.1195
66.1195
66.1195
66.1195
66.1195
66.1195
66.1195
66.1195
66.1195
66.1195
66.1195
66.1195
66.1195
66.1195
66.1195
66.1195
66.1195
66.1195
66.1195
66.1195
66.1195
66.1195
66.1195
66.1195
66.1195
66.1195
66.1195
66.1195
66.1195
66.1195
66.1195
66.1195
66.1195
66.1195
66.1195
66.1195
66.1195
66.1195
66.1195
66.1195
66.1195
66.1195
66.1195
66.1195
66.1195
66.1195
66.1195
66.1195
66.1195
66.1195
66.1195
66.1195
66.1195
66.1195
66.1195
66.1195
66.1195
66.1195
66.1195
66.1195
66.1195
66.1195
66.1195
66.1195
66.1195
66.1195
66.1195
66.1195
66.1195
66.1195
66.1195
66.1195
66.1195
66.1195
66.1195
66.1195
66.1195
66.1195
66.1195
66.1195
66.1195
66.1195
66.1195
66.1195
66.1195
66.1195
66.1195
66.1195
66.1195
66.1195
66.1195
66.1195
66.1195
66.1195
66.1195
66.1195
66.1195
66.1195
66.1195
66.1195
66.1195
66.1195
66.1195
66.1195
66.1195
66.1195
66.1195
66.1195
66.1195
66.1195
66.1195
66.1195
66.1195
66.1195
66.1195
66.1195
66.1195
66.1195
66.1195
66.1195
66.1195
66.1195
66.1195
66.1195
66.1195
66.1195
66.1195
66.1195
66.1195
66.1195
66.1195
66.1195
66.1195
66.1195
66.1195
66.1195
66.1195
66.1195
66.1195
66.1195
66.1195
66.1195
66.1195
66.1195
66.1195
66.1195
66.1195
66.1195
66.1195
66.1195
66.1195
66.1195
66.1195
66.1195
66.1195
66.1195
66.1195
66.1195
66.1195
66.1195
66.1195
66.1195
66.1195
66.1195
66.1195
66.1195
66.1195
66.1195
66.1195
66.1195
66.1195
66.1195
66.1195
66.1195
66.1195
66.1195
66.1195
66.1195
66.1195
66.1195
66.1195
66.1195
66.1195
66.1195
66.1195
66.1195
66.1195
66.1195
66.1195
66.1195
66.1195
66.1195
66.1195
66.1195
66.1195
66.1195
66.1195
66.1195
66.1195
66.1195
66.1195
66.1195
66.1195
66.1195
66.1195
66.1195
66.1195
66.1195
66.1195
66.1195
66.1195
66.1195
66.1195
66.1195
66.1195
66.1195
66.1195
66.1195
66.1195
66.1195
66.1195
66.1195
66.1195
66.1195
66.1195
66.1195
66.1195
66.1195
66.1195
66.1195
66.1195
66.1195
66.1195
66.1195
66.1195
66.1195
66.1195
66.1195
66.1195
66.1195
66.1195
66.1195
66.1195
66.1195
66.1195
66.1195
66.1195
66.1195
66.1195
66.1195
66.1195
66.1195
66.1195
66.1195
66.1195
66.1195
66.1195
66.1195
66.1195
66.1195
66.1195
66.1195
66.1195
66.1195
66.1195
66.1195
66.1195
66.1195
66.1195
66.1195
66.1195
66.1195
66.1195
66.1195
66.1195
66.1195
66.1195
66.1195
66.1195
66.1195
66.1195
66.1195
66.1195
66.1195
66.1195
66.1195
66.1195
66.1195
66.1195
66.1195
66.1195
66.1195
66.1195
66.1195
66.1195
66.1195
66.1195
66.1195
66.1195
66.1195
66.1195
66.1195
66.1195
66.1195
66.1195
66.1195
66.1195
66.1195
66.1195
66.1195
66.1195
66.1195
66.1195
66.1195
66.1195
66.1195
66.1195
66.1195
66.1195
66.1195
66.1195
66.1195
66.1195
66.1195
66.1195
66.1195
66.1195
66.1195
66.1195
66.1195
66.1195
66.1195
66.1195
66.1195
66.1195
66.1195
66.1195
66.1195
66.1195
66.1195
66.1195
66.1195
66.1195
66.1195
66.1195
66.1195
66.1195
66.1195
66.1195
66.1195
66.1195
66.1195
66.1195
66.1195
66.1195
66.1195
66.1195
66.1195
66.1195
66.1195
66.1195
66.1195
66.1195
66.1195
66.1195
66.1195
66.1195
66.1195
66.1195
66.1195
66.1195
66.1195
66.1195
66.1195
66.1195
66.1195
66.1195
66.1195
66.1195
66.1195
66.1195
66.1195
66.1195
66.1195
66.1195
66.1195
66.1195
66.1195
66.1195
66.1195
66.1195
66.1195
66.1195
66.1195
66.1195
66.1195
66.1195
66.1195
66.1195
66.1195
66.1195
66.1195
66.1195
66.1195
66.1195
66.1195
66.1195
66.1195
66.1195
66.1195
66.1195
66.1195
66.1195
66.1195
66.1195
66.1195
66.1195
66.1195
66.1195
66.1195
66.1195
66.1195
66.1195
66.1195
66.1195
66.1195
66.1195
66.1195
66.1195
66.1195
66.1195
66.1195
66.1195
66.1195
66.1195
66.1195
66.1195
66.1195
66.1195
66.1195
66.1195
66.1195
66.1195
66.1195
66.1195
66.1195
66.1195
66.1195
66.1195
66.1195
66.1195
66.1195
66.1195
66.1195
66.1195
66.1195
66.1195
66.1195
66.1195
66.1195
66.1195
66.1195
66.1195
66.1195
66.1195
66.1195
66.1195
66.1195
66.1195
66.1195
66.1195
66.1195
66.1195
66.1195
66.1195
66.1195
66.1195
66.1195
66.1195
66.1195
66.1195
66.1195
66.1195
66.1195
66.1195
66.1195
66.1195
66.1195
66.1195
66.1195
66.1195
66.1195
66.1195
66.1195
66.1195
66.1195
66.1195
66.1195
66.1195
66.1195
66.1195
66.1195
66.1195
66.1195
66.1195
66.1195
66.1195
66.1195
66.1195
66.1195
66.1195
66.1195
66.1195
66.1195
66.1195
66.1195
66.1195
66.1195
66.1195
66.1195
66.1195
66.1195
66.1195
66.1195
66.1195
66.1195
66.1195
66.1195
66.1195
66.1195
66.1195
66.1195
66.1195
66.1195
66.1195
66.1195
66.1195
66.1195
66.1195
66.1195
66.1195
66.1195
66.1195
66.1195
66.1195
66.1195
66.1195
66.1195
66.1195
66.1195
66.1195
66.1195
66.1195
66.1195
66.1195
66.1195
66.1195
66.1195
66.1195
66.1195
66.1195
66.1195
66.1195
66.1195
66.1195
66.1195
66.1195
66.1195
66.1195
66.1195
66.1195
66.1195
66.1195
66.1195
66.1195
66.1195
66.1195
66.1195
66.1195
66.1195
66.1195
66.1195
66.1195
66.1195
66.1195
66.1195
66.1195
66.1195
66.1195
66.1195
66.1195
66.1195
66.1195
66.1195
66.1195
66.1195
66.1195
66.1195
66.1195
66.1195
66.1195
66.1195
66.1195
66.1195
66.1195
66.1195
66.1195
66.1195
66.1195
66.1195
66.1195
66.1195
66.1195
66.1195
66.1195
66.1195
66.1195
66.1195
66.1195
66.1195
66.1195
66.1195
66.1195
66.1195
66.1195
66.1195
66.1195
66.1195
66.1195
66.1195
66.1195
66.1195
66.1195
66.1195
66.1195
66.1195
66.1195
66.1195
66.1195
66.1195
66.1195
66.1195
66.1195
66.1195
66.1195
66.1195
66.1195
66.1195
66.1195
66.1195
66.1195
66.1195
66.1195
66.1195
66.1195
66.1195
66.1195
66.1195
66.1195
66.1195
66.1195
66.1195
66.1195
66.1195
66.1195
66.1195
66.1195
66.1195
66.1195
66.1195
66.1195
66.1195
66.1195
66.1195
66.1195
66.1195
66.1195
66.1195
66.1195
66.1195
66.1195
66.1195
66.1195
66.1195
66.1195
66.1195
66.1195
66.1195
66.1195
66.1195
66.1195
66.1195
66.1195
66.1195
66.1195
66.1195
66.1195
66.1195
66.1195
66.1195
66.1195
66.1195
66.1195
66.1195
66.1195
66.1195
66.1195
66.1195
66.1195
66.1195
66.1195
66.1195
66.1195
66.1195
66.1195
66.1195
66.1195
66.1195
66.1195
66.1195
66.1195
66.1195
66.1195
66.1195
66.1195
66.1195
66.1195
66.1195
66.1195
66.1195
66.1195
66.1195
66.1195
66.1195
66.1195
66.1195
66.1195
66.1195
66.1195
66.1195
66.1195
66.1195
66.1195
66.1195
66.1195
66.1195
66.1195
66.1195
66.1195
66.1195
66.1195
66.1195
66.1195
66.1195
66.1195
66.1195
66.1195
66.1195
66.1195
66.1195
66.1195
66.1195
66.1195
66.1195
66.1195
66.1195
66.1195
66.1195
66.1195
66.1195
66.1195
66.1195
66.1195
66.1195
66.1195
66.1195
66.1195
66.1195
66.1195
66.1195
66.1195
66.1195
66.1195
66.1195
66.1195
66.1195
66.1195
66.1195
66.1195
66.1195
66.1195
66.1195
66.1195
66.1195
66.1195
66.1195
66.1195
66.1195
66.1195
66.1195
66.1195
66.1195
66.1195
66.1195
66.1195
66.1195
66.1195
66.1195
66.1195
66.1195
66.1195
66.1195
66.1195
66.1195
66.1195
66.1195
66.1195
66.1195
66.1195
66.1195
66.1195
66.1195
66.1195
66.1195
66.1195
66.1195
66.1195
66.1195
66.1195
66.1195
66.1195
66.1195
66.1195
66.1195
66.1195
66.1195
66.1195
66.1195
66.1195
66.1195
66.1195
66.1195
66.1195
66.1195
66.1195
66.1195
66.1195
66.1195
66.1195
66.1195
66.1195
66.1195
66.1195
66.1195
66.1195
66.1195
66.1195
66.1195
66.1195
66.1195
66.1195
66.1195
66.1195
66.1195
66.1195
66.1195
66.1195
66.1195
66.1195
66.1195
66.1195
66.1195
66.1195
66.1195
66.1195
66.1195
66.1195
66.1195
66.1195
66.1195
66.1195
66.1195
66.1195
66.1195
66.1195
66.1195
66.1195
66.1195
66.1195
66.1195
66.1195
66.1195
66.1195
66.1195
66.1195
66.1195
66.1195
66.1195
66.1195
66.1195
66.1195
66.1195
66.1195
66.1195
66.1195
66.1195
66.1195
66.1195
66.1195
66.1195
66.1195
66.1195
66.1195
66.1195
66.1195
66.1195
66.1195
66.1195
66.1195
66.1195
66.1195
66.1195
66.1195
66.1195
66.1195
66.1195
66.1195
66.1195
66.1195
66.1195
66.1195
66.1195
66.1195
66.1195
66.1195
66.1195
66.1195
66.1195
66.1195
66.1195
66.1195
66.1195
66.1195
66.1195
66.1195
66.1195
66.1195
66.1195
66.1195
66.1195
66.1195
66.1195
66.1195
66.1195
66.1195
66.1195
66.1195
66.1195
66.1195
66.1195
66.1195
66.1195
66.1195
66.1195
66.1195
66.1195
66.1195
66.1195
66.1195
66.1195
66.1195
66.1195
66.1195
66.1195
66.1195
66.1195
66.1195
66.1195
66.1195
66.1195
66.1195
66.1195
66.1195
66.1195
66.1195
66.1195
66.1195
66.1195
66.1195
66.1195
66.1195
66.1195
66.1195
66.1195
66.1195
66.1195
66.1195
66.1195
66.1195
66.1195
66.1195
66.1195
66.1195
66.1195
66.1195
66.1195
66.1195
66.1195
66.1195
66.1195
66.1195
66.1195
66.1195
66.1195
66.1195
66.1195
66.1195
66.1195
66.1195
66.1195
66.1195
66.1195
66.1195
66.1195
66.1195
66.1195
66.1195
66.1195
66.1195
66.1195
66.1195
66.1195
66.1195
66.1195
66.1195
66.1195
66.1195
66.1195
66.1195
66.1195
66.1195
66.1195
66.1195
66.1195
66.1195
66.1195
66.1195
66.1195
66.1195
66.1195
66.1195
66.1195
66.1195
66.1195
66.1195
66.1195
66.1195
66.1195
66.1195
66.1195
66.1195
66.1195
66.1195
66.1195
66.1195
66.1195
66.1195
66.1195
66.1195
66.1195
66.1195
66.1195
66.1195
66.1195
66.1195
66.1195
66.1195
66.1195
66.1195
66.1195
66.1195
66.1195
66.1195
66.1195
66.1195
66.1195
66.1195
66.1195
66.1195
66.1195
66.1195
66.1195
66.1195
66.1195
66.1195
66.1195
66.1195
66.1195
66.1195
66.1195
66.1195
66.1195
66.1195
66.1195
66.1195
66.1195
66.1195
66.1195
66.1195
66.1195
66.1195
66.1195
66.1195
66.1195
66.1195
66.1195
66.1195
66.1195
66.1195
66.1195
66.1195
66.1195
66.1195
66.1195
66.1195
66.1195
66.1195
66.1195
66.1195
66.1195
66.1195
66.1195
66.1195
66.1195
66.1195
66.1195
66.1195
66.1195
66.1195
66.1195
66.1195
66.1195
66.1195
66.1195
66.1195
66.1195
66.1195
66.1195
66.1195
66.1195
66.1195
66.1195
66.1195
66.1195
66.1195
66.1195
66.1195
66.1195
66.1195
66.1195
66.1195
66.1195
66.1195
66.1195
66.1195
66.1195
66.1195
66.1195
66.1195
66.1195
66.1195
66.1195
66.1195
66.1195
66.1195
66.1195
66.1195
66.1195
66.1195
66.1195
66.1195
66.1195
66.1195
66.1195
66.1195
66.1195
66.1195
66.1195
66.1195
66.1195
66.1195
66.1195
66.1195
66.1195
66.1195
66.1195
66.1195
66.1195
66.1195
66.1195
66.1195
66.1195
66.1195
66.1195
66.1195
66.1195
66.1195
66.1195
66.1195
66.1195
66.1195
66.1195
66.1195
66.1195
66.1195
66.1195
66.1195
66.1195
66.1195
66.1195
66.1195
66.1195
66.1195
66.1195
66.1195
66.1195
66.1195
66.1195
66.1195
66.1195
66.1195
66.1195
66.1195
66.1195
66.1195
66.1195
66.1195
66.1195
66.1195
66.1195
66.1195
66.1195
66.1195
66.1195
66.1195
66.1195
66.1195
66.1195
66.1195
66.1195
66.1195
66.1195
66.1195
66.1195
66.1195
66.1195
66.1195
66.1195
66.1195
66.1195
66.1195
66.1195
66.1195
66.1195
66.1195
66.1195
66.1195
66.1195
66.1195
66.1195
66.1195
66.1195
66.1195
66.1195
66.1195
66.1195
66.1195
66.1195
66.1195
66.1195
66.1195
66.1195
66.1195
66.1195
66.1195
66.1195
66.1195
66.1195
66.1195
66.1195
66.1195
66.1195
66.1195
66.1195
66.1195
66.1195
66.1195
66.1195
66.1195
66.1195
66.1195
66.1195
66.1195
66.1195
66.1195
66.1195
66.1195
66.1195
66.1195
66.1195
66.1195
66.1195
66.1195
66.1195
66.1195
66.1195
66.1195
66.1195
66.1195
66.1195
66.1195
66.1195
66.1195
66.1195
66.1195
66.1195
66.1195
66.1195
66.1195
66.1195
66.1195
66.1195
66.1195
66.1195
66.1195
66.1195
66.1195
66.1195
66.1195
66.1195
66.1195
66.1195
66.1195
66.1195
66.1195
66.1195
66.1195
66.1195
66.1195
66.1195
66.1195
66.1195
66.1195
66.1195
66.1195
66.1195
66.1195
66.1195
66.1195
66.1195
66.1195
66.1195
66.1195
66.1195
66.1195
66.1195
66.1195
66.1195
66.1195
66.1195
66.1195
66.1195
66.1195
66.1195
66.1195
66.1195
66.1195
66.1195
66.1195
66.1195
66.1195
66.1195
66.1195
66.1195
66.1195
66.1195
66.1195
66.1195
66.1195
66.1195
66.1195
66.1195
66.1195
66.1195
66.1195
66.1195
66.1195
66.1195
66.1195
66.1195
66.1195
66.1195
66.1195
66.1195
66.1195
66.1195
66.1195
66.1195
66.1195
66.1195
66.1195
66.1195
66.1195
66.1195
66.1195
66.1195
66.1195
66.1195
66.1195
66.1195
66.1195
66.1195
66.1195
66.1195
66.1195
66.1195
66.1195
66.1195
66.1195
66.1195
66.1195
66.1195
66.1195
66.1195
66.1195
66.1195
66.1195
66.1195
66.1195
66.1195
66.1195
66.1195
66.1195
66.1195
66.1195
66.1195
66.1195
66.1195
66.1195
66.1195
66.1195
66.1195
66.1195
66.1195
66.1195
66.1195
66.1195
66.1195
66.1195
66.1195
66.1195
66.1195
66.1195
66.1195
66.1195
66.1195
66.1195
66.1195
66.1195
66.1195
66.1195
66.1195
66.1195
66.1195
66.1195
66.1195
66.1195
66.1195
66.1195
66.1195
66.1195
66.1195
66.1195
66.1195
66.1195
66.1195
66.1195
66.1195
66.1195
66.1195
66.1195
66.1195
66.1195
66.1195
66.1195
66.1195
66.1195
66.1195
66.1195
66.1195
66.1195
66.1195
66.1195
66.1195
66.1195
66.1195
66.1195
66.1195
66.1195
66.1195
66.1195
66.1195
66.1195
66.1195
66.1195
66.1195
66.1195
66.1195
66.1195
66.1195
66.1195
66.1195
66.1195
66.1195
66.1195
66.1195
66.1195
66.1195
66.1195
66.1195
66.1195
66.1195
66.1195
66.1195
66.1195
66.1195
66.1195
66.1195
66.1195
66.1195
66.1195
66.1195
66.1195
66.1195
66.1195
66.1195
66.1195
66.1195
66.1195
66.1195
66.1195
66.1195
66.1195
66.1195
66.1195
66.1195
66.1195
66.1195
66.1195
66.1195
66.1195
66.1195
66.1195
66.1195
66.1195
66.1195
66.1195
66.1195
66.1195
66.1195
66.1195
66.1195
66.1195
66.1195
66.1195
66.1195
66.1195
66.1195
66.1195
66.1195
66.1195
66.1195
66.1195
66.1195
66.1195
66.1195
66.1195
66.1195
66.1195
66.1195
66.1195
66.1195
66.1195
66.1195
66.1195
66.1195
66.1195
66.1195
66.1195
66.1195
66.1195
66.1195
66.1195
66.1195
66.1195
66.1195
66.1195
66.1195
66.1195
66.1195
66.1195
66.1195
66.1195
66.1195
66.1195
66.1195
66.1195
66.1195
66.1195
66.1195
66.1195
66.1195
66.1195
66.1195
66.1195
66.1195
66.1195
66.1195
66.1195
66.1195
66.1195
66.1195
66.1195
66.1195
66.1195
66.1195
66.1195
66.1195
66.1195
66.1195
66.1195
66.1195
66.1195
66.1195
66.1195
66.1195
66.1195
66.1195
66.1195
66.1195
66.1195
66.1195
66.1195
66.1195
66.1195
66.1195
66.1195
66.1195
66.1195
66.1195
66.1195
66.1195
66.1195
66.1195
66.1195
66.1195
66.1195
66.1195
66.1195
66.1195
66.1195
66.1195
66.1195
66.1195
66.1195
66.1195
66.1195
66.1195
66.1195
66.1195
66.1195
66.1195
66.1195
66.1195
66.1195
66.1195
66.1195
66.1195
66.1195
66.1195
66.1195
66.1195
66.1195
66.1195
66.1195
66.1195
66.1195
66.1195
66.1195
66.1195
66.1195
66.1195
66.1195
66.1195
66.1195
66.1195
66.1195
66.1195
66.1195
66.1195
66.1195
66.1195
66.1195
66.1195
66.1195
66.1195
66.1195
66.1195
66.1195
66.1195
66.1195
66.1195
66.1195
66.1195
66.1195
66.1195
66.1195
66.1195
66.1195
66.1195
66.1195
66.1195
66.1195
66.1195
66.1195
66.1195
66.1195
66.1195
66.1195
66.1195
66.1195
66.1195
66.1195
66.1195
66.1195
66.1195
66.1195
66.1195
66.1195
66.1195
66.1195
66.1195
66.1195
66.1195
66.1195
66.1195
66.1195
66.1195
66.1195
66.1195
66.1195
66.1195
66.1195
66.1195
66.1195
66.1195
66.1195
66.1195
66.1195
66.1195
66.1195
66.1195
66.1195
66.1195
66.1195
66.1195
66.1195
66.1195
66.1195
66.1195
66.1195
66.1195
66.1195
66.1195
66.1195
66.1195
66.1195
66.1195
66.1195
66.1195
66.1195
66.1195
66.1195
66.1195
66.1195
66.1195
66.1195
66.1195
66.1195
66.1195
66.1195
66.1195
66.1195
66.1195
66.1195
66.1195
66.1195
66.1195
66.1195
66.1195
66.1195
66.1195
66.1195
66.1195
66.1195
66.1195
66.1195
66.1195
66.1195
66.1195
66.1195
66.1195
66.1195
66.1164
66.1164
66.1164
66.1164
66.1164
66.1164
66.1164
66.1164
66.1164
66.1164
66.1164
66.1164
66.1164
66.1164
66.1164
66.1164
66.1164
66.1164
66.1164
66.1164
66.1164
66.1164
66.1164
66.1164
66.1164
66.1164
66.1164
66.1164
66.1164
66.1164
66.1164
66.1164
66.1164
66.1164
66.1164
66.1164
66.1164
66.1164
66.1164
66.1164
66.1164
66.1164
66.1164
66.1164
66.1164
66.1164
66.1164
66.1164
66.1164
66.1164
66.1164
66.1164
66.1164
66.1164
66.1164
66.1164
66.1164
66.1164
66.1164
66.0987
66.0987
66.0987
66.0987
66.0987
66.0987
66.0987
66.0987
66.0987
66.0987
66.0987
66.0987
66.0987
66.0987
66.0987
66.0987
66.0987
66.0987
66.0987
66.0987
66.0987
66.0987
66.0987
66.0987
66.0987
66.0323
66.0323
66.0323
66.0323
66.0323
65.8871
65.8871
65.8871
65.8871
65.8871
65.8871
65.8871
65.8871
65.8871
65.8871
65.8871
65.8871
65.8871
65.8871
65.8871
65.8871
65.8871
65.8871
65.8871
65.8871
65.8871
65.8871
65.8871
65.8871
65.8871
65.8871
65.8871
65.8871
65.8871
65.8871
65.8871
65.8871
65.8871
65.8871
65.8871
65.8871
65.8871
65.8871
65.8871
65.8871
65.8871
65.8871
65.8871
65.8871
65.8871
65.8871
65.8871
65.8871
65.8871
65.8871
65.8871
65.8871
65.8871
65.8871
65.8871
65.8871
65.8871
65.8871
65.8871
65.8871
65.8871
65.8871
65.8871
65.8871
65.8871
65.8871
65.8871
65.8871
65.8871
65.8871
65.8871
65.8871
65.8871
65.8871
65.8871
65.8871
65.8871
65.8871
65.8871
65.8871
65.8871
65.8871
65.8871
65.8871
65.8871
65.8871
65.8871
65.8871
65.8871
65.8871
65.8871
65.8871
65.8871
65.8871
65.8871
65.8871
65.8871
65.8871
65.8871
65.8871
65.8871
65.8871
65.8871
65.8871
65.8871
65.8871
65.8871
65.8871
65.8871
65.8871
65.8871
65.8871
65.8871
65.8871
65.8871
65.8871
65.8871
65.8871
65.8871
65.8871
65.8871
65.8871
65.8871
65.8871
65.8871
65.8871
65.8871
65.8871
65.8871
65.8871
65.8871
65.8871
65.8871
65.8871
65.8871
65.8871
65.8871
65.8871
65.8871
65.8871
65.8871
65.8871
65.8871
65.8871
65.8871
65.8871
65.8871
65.8871
65.8871
65.8871
65.8871
65.8871
65.8871
65.8871
65.8871
65.8871
65.8871
65.8871
65.8871
65.8871
65.8871
65.8871
65.8871
65.8871
65.8871
65.8871
65.8871
65.8871
65.8871
65.8871
65.8871
65.8871
65.8871
65.8871
65.8871
65.8871
65.8871
65.8871
65.8871
65.8871
65.8871
65.8871
65.8871
65.8871
65.8871
65.8871
65.8871
65.8871
65.8871
65.8871
65.8871
65.8871
65.8871
65.8871
65.8871
65.8871
65.8871
65.8871
65.8871
65.8871
65.8871
65.8871
65.8871
65.8871
65.8871
65.8871
65.8871
65.8871
65.8871
65.8871
65.8871
65.8871
65.8871
65.8871
65.8871
65.8871
65.8871
65.8871
65.8871
65.8871
65.8871
65.8871
65.8871
65.8871
65.8871
65.8871
65.8871
65.8871
65.8871
65.8871
65.8871
65.8871
65.8871
65.8871
65.8871
65.8871
65.8871
65.8871
65.8871
65.8871
65.8871
65.8871
65.8871
65.8871
65.8871
65.8871
65.8871
65.8871
65.8871
65.8871
65.8871
65.8871
65.8871
65.8871
65.8871
65.8871
65.8871
65.8871
65.8871
65.8871
65.8871
65.8871
65.8871
65.8871
65.8871
65.8871
65.8871
65.8871
65.8871
65.8871
65.8871
65.8871
65.8871
65.8871
65.8871
65.8871
65.8871
65.8871
65.8871
65.8871
65.8871
65.8871
65.8871
65.8871
65.8871
65.8871
65.8871
65.8871
65.8871
65.8871
65.8871
65.8871
65.8871
65.8871
65.8871
65.8871
65.8871
65.8871
65.8871
65.8871
65.8871
65.8871
65.8871
65.8871
65.8871
65.8871
65.8871
65.8871
65.8871
65.8871
65.8871
65.8871
65.8871
65.8871
65.8871
65.8871
65.8871
65.8871
65.8871
65.8871
65.8871
65.8871
65.8871
65.8871
65.8871
65.8871
65.8871
65.8871
65.8871
65.8871
65.8871
65.8871
65.8871
65.8871
65.8871
65.8871
65.8871
65.8871
65.8871
65.8871
65.8871
65.8871
65.8871
65.8871
65.8871
65.8871
65.8871
65.8871
65.8871
65.8871
65.8871
65.8871
65.8871
65.8871
65.8871
65.8871
65.8871
65.8871
65.8871
65.8871
65.8871
65.8871
65.8871
65.8871
65.8871
65.8871
65.8871
65.8871
65.8871
65.8871
65.8871
65.8871
65.8871
65.8871
65.8871
65.8871
65.8871
65.8871
65.8871
65.8871
65.8871
65.8871
65.8871
65.8871
65.8871
65.8871
65.8871
65.8871
65.8871
65.8871
65.8871
65.8871
65.8871
65.8871
65.8871
65.8871
65.8871
65.8871
65.8871
65.8871
65.8871
65.8871
65.8871
65.8871
65.8871
65.8871
65.8871
65.8871
65.8871
65.8871
65.8871
65.8871
65.8871
65.8871
65.8871
65.8871
65.8871
65.8871
65.8871
65.8871
65.8871
65.8871
65.8871
65.8871
65.8871
65.8871
65.8871
65.8871
65.8871
65.8871
65.8871
65.8871
65.8871
65.8871
65.8871
65.8871
65.8871
65.8871
65.8871
65.8871
65.8871
65.8871
65.8871
65.8871
65.8871
65.8871
65.8871
65.8871
65.8871
65.8871
65.8871
65.8871
65.8871
65.8871
65.8871
65.8871
65.8871
65.8871
65.8871
65.8871
65.8871
65.8871
65.8871
65.8871
65.8871
65.8871
65.8871
65.8871
65.8871
65.8871
65.8871
65.8871
65.8871
65.8871
65.8871
65.8871
65.8871
65.8871
65.8871
65.8871
65.8871
65.8871
65.8871
65.8871
65.8871
65.8871
65.8871
65.8871
65.8871
65.8871
65.8871
65.8871
65.8871
65.8871
65.8871
65.8871
65.8871
65.8871
65.8871
65.8871
65.8871
65.8871
65.8871
65.8871
65.8871
65.8871
65.8871
65.8871
65.8871
65.8871
65.8871
65.8871
65.8871
65.8871
65.8871
65.8871
65.8871
65.8871
65.8871
65.8871
65.8871
65.8871
65.8871
65.8871
65.8871
65.8871
65.8871
65.8871
65.8871
65.8871
65.8871
65.8871
65.8871
65.8871
65.8871
65.8871
65.8871
65.8871
65.8871
65.8871
65.8871
65.8871
65.8871
65.8871
65.8871
65.8871
65.8871
65.8871
65.8871
65.8871
65.8871
65.8871
65.8871
65.8871
65.8871
65.8871
65.8871
65.8871
65.8871
65.8871
65.8871
65.8871
65.8871
65.8871
65.8871
65.8871
65.8871
65.8871
65.8871
65.8871
65.8871
65.8871
65.8871
65.8871
65.8871
65.8871
65.8871
65.8871
65.8871
65.8871
65.8871
65.8871
65.8871
65.8871
65.8871
65.8871
65.8871
65.8871
65.8871
65.8871
65.8871
65.8871
65.8871
65.8871
65.8871
65.8871
65.8871
65.8871
65.8871
65.8871
65.8871
65.8871
65.8871
65.8871
65.8871
65.8871
65.8871
65.8871
65.8871
65.8871
65.8871
65.8871
65.8871
65.8871
65.8871
65.8871
65.8871
65.8871
65.8871
65.8871
65.8871
65.8871
65.8871
65.8871
65.8871
65.8871
65.8871
65.8871
65.8871
65.8871
65.8871
65.8871
65.8871
65.8871
65.8871
65.8871
65.8871
65.8871
65.8871
65.8871
65.8871
65.8871
65.8871
65.8871
65.8871
65.8871
65.8871
65.8871
65.8871
65.8871
65.8871
65.8871
65.8871
65.8871
65.8871
65.8871
65.8871
65.8871
65.8871
65.8871
65.8871
65.8871
65.8871
65.8871
65.8871
65.8871
65.8871
65.8871
65.8871
65.8871
65.8871
65.8871
65.8871
65.8871
65.8871
65.8871
65.8871
65.8871
65.8871
65.8871
65.8871
65.8871
65.8871
65.8871
65.8871
65.8871
65.8871
65.8871
65.8871
65.8871
65.8871
65.8871
65.8871
65.8871
65.8871
65.8871
65.8871
65.8871
65.8871
65.8871
65.8871
65.8871
65.8871
65.8871
65.8871
65.8871
65.8871
65.8871
65.8871
65.8871
65.8871
65.8871
65.8871
65.8871
65.8871
65.8871
65.8871
65.8871
65.8871
65.8871
65.8871
65.8871
65.8871
65.8871
65.8871
65.8871
65.8871
65.8871
65.8871
65.8871
65.8871
65.8871
65.8871
65.8871
65.8871
65.8871
65.8871
65.8871
65.8871
65.8871
65.8871
65.8871
65.8871
65.8871
65.8871
65.8871
65.8871
65.8871
65.8871
65.8871
65.8871
65.8871
65.8871
65.8871
65.8871
65.8871
65.8871
65.8871
65.8871
65.8871
65.8871
65.8871
65.8871
65.8871
65.8871
65.8871
65.8871
65.8871
65.8871
65.8871
65.8871
65.8871
65.8871
65.8871
65.8871
65.8871
65.8871
65.8871
65.8871
65.8871
65.8871
65.8871
65.8871
65.8871
65.8871
65.8871
65.8871
65.8871
65.8871
65.8871
65.8871
65.8871
65.8871
65.8871
65.8871
65.8871
65.8871
65.8871
65.8871
65.8871
65.8871
65.8871
65.8871
65.8871
65.8871
65.8871
65.8871
65.8871
65.8871
65.8871
65.8871
65.8871
65.8871
65.8871
65.8871
65.8871
65.8871
65.8871
65.8871
65.8871
65.8871
65.8871
65.8871
65.8871
65.8871
65.8871
65.8871
65.8871
65.8871
65.8871
65.8871
65.8871
65.8871
65.8871
65.8871
65.8871
65.8871
65.8871
65.8871
65.8871
65.8871
65.8871
65.8871
65.8871
65.8871
65.8871
65.8871
65.8871
65.8871
65.8871
65.8871
65.8871
65.8871
65.8871
65.8871
65.8871
65.8871
65.8871
65.8871
65.8871
65.8871
65.8871
65.8871
65.8871
65.8871
65.8871
65.8871
65.8871
65.8871
65.8871
65.8871
65.8871
65.8871
65.8871
65.8871
65.8871
65.8871
65.8871
65.8871
65.8871
65.8871
65.8871
65.8871
65.8871
65.8871
65.8871
65.8871
65.8871
65.8871
65.8871
65.8871
65.8871
65.8871
65.8871
65.8871
65.8871
65.8871
65.8871
65.8871
65.8871
65.8871
65.8871
65.8871
65.8871
65.8871
65.8871
65.8871
65.8871
65.8871
65.8871
65.8871
65.8871
65.8871
65.8871
65.8871
65.8871
65.8871
65.8871
65.8871
65.8871
65.8871
65.8871
65.8871
65.8871
65.8871
65.8871
65.8871
65.8871
65.8871
65.8871
65.8871
65.8871
65.8871
65.8871
65.8871
65.8871
65.8871
65.8871
65.8871
65.8871
65.8871
65.8871
65.8871
65.8871
65.8871
65.8871
65.8871
65.8871
65.8871
65.8871
65.8871
65.8871
65.8871
65.8871
65.8871
65.8871
65.8871
65.8871
65.8871
65.8871
65.8871
65.8871
65.8871
65.8871
65.8871
65.8871
65.8871
65.8871
65.8871
65.8871
65.8871
65.8871
65.8871
65.8871
65.8871
65.8871
65.8871
65.8871
65.8871
65.8871
65.8871
65.8871
65.8871
65.8871
65.8871
65.8871
65.8871
65.8871
65.8871
65.8871
65.8871
65.8871
65.8871
65.8871
65.8871
65.8871
65.8871
65.8871
65.8871
65.8871
65.8871
65.8871
65.8871
65.8871
65.8871
65.8871
65.8871
65.8871
65.8871
65.8871
65.8871
65.8871
65.8871
65.8871
65.8871
65.8871
65.8871
65.8871
65.8871
65.8871
65.8871
65.8871
65.8871
65.8871
65.8871
65.8871
65.8871
65.8871
65.8871
65.8871
65.8871
65.8871
65.8871
65.8871
65.8871
65.8871
65.8871
65.8871
65.8871
65.8871
65.8871
65.8871
65.8871
65.8871
65.8871
65.8871
65.8871
65.8871
65.8871
65.8871
65.8871
65.8871
65.8871
65.8871
65.8871
65.8871
65.8871
65.8871
65.8871
65.8871
65.8871
65.8871
65.8871
65.8871
65.8871
65.8871
65.8871
65.8871
65.8871
65.8871
65.8871
65.8871
65.8871
65.8871
65.8871
65.8871
65.8871
65.8871
65.8871
65.8871
65.8871
65.8871
65.8871
65.8871
65.8871
65.8871
65.8871
65.8871
65.8871
65.8871
65.8871
65.8871
65.8871
65.8871
65.8871
65.8871
65.8871
65.8871
65.8871
65.8871
65.8871
65.8871
65.8871
65.8871
65.8871
65.8871
65.8871
65.8871
65.8871
65.8871
65.8871
65.8871
65.8871
65.8871
65.8871
65.8871
65.8871
65.8871
65.8871
65.8871
65.8871
65.8871
65.8871
65.8871
65.8871
65.8871
65.8871
65.8871
65.8871
65.8871
65.8871
65.8871
65.8871
65.8871
65.8871
65.8871
65.8871
65.8871
65.8871
65.8871
65.8871
65.8871
65.8871
65.8871
65.8871
65.8871
65.8871
65.8871
65.8871
65.8871
65.8871
65.8871
65.8871
65.8871
65.8871
65.8871
65.8871
65.8871
65.8871
65.8871
65.8871
65.8871
65.8871
65.8871
65.8871
65.8871
65.8871
65.8871
65.8871
65.8871
65.8871
65.8871
65.8871
65.8871
65.8871
65.8871
65.8871
65.8871
65.8871
65.8871
65.8871
65.8871
65.8871
65.8871
65.8871
65.8871
65.8871
65.8871
65.8871
65.8871
65.8871
65.8871
65.8871
65.8871
65.8871
65.8871
65.8871
65.8871
65.8871
65.8871
65.8871
65.8871
65.8871
65.8871
65.8871
65.8871
65.8871
65.8871
65.8871
65.8871
65.8871
65.8871
65.8871
65.8871
65.8871
65.8871
65.8871
65.8871
65.8871
65.8871
65.8871
65.8871
65.8871
65.8871
65.8871
65.8871
65.8871
65.8871
65.8871
65.8871
65.8871
65.8871
65.8871
65.8871
65.8871
65.8871
65.8871
65.8871
65.8871
65.8871
65.8871
65.8871
65.8871
65.8871
65.8871
65.8871
65.8871
65.8871
65.8871
65.8871
65.8871
65.8871
65.8871
65.8871
65.8871
65.8871
65.8871
65.8871
65.8871
65.8871
65.8871
65.8871
65.8871
65.8871
65.8871
65.8871
65.8871
65.8871
65.8871
65.8871
65.8871
65.8871
65.8871
65.8871
65.8871
65.8871
65.8871
65.8871
65.8871
65.8871
65.8871
65.8871
65.8871
65.8871
65.8871
65.8871
65.8871
65.8871
65.8871
65.8871
65.8871
65.8871
65.8871
65.8871
65.8871
65.8871
65.8871
65.8871
65.8871
65.8871
65.8871
65.8871
65.8871
65.8871
65.8871
65.8871
65.8871
65.8871
65.8871
65.8871
65.8871
65.8871
65.8871
65.8871
65.8871
65.8871
65.8871
65.8871
65.8871
65.8871
65.8871
65.8871
65.8871
65.8871
65.8871
65.8871
65.8871
65.8871
65.8871
65.8871
65.8871
65.8871
65.8871
65.8871
65.8871
65.8871
65.8871
65.8871
65.8871
65.8871
65.8871
65.8871
65.8871
65.8871
65.8871
65.8871
65.8871
65.8871
65.8871
65.8871
65.8871
65.8871
65.8871
65.8871
65.8871
65.8871
65.8871
65.8871
65.8871
65.8871
65.8871
65.8871
65.8871
65.8871
65.8871
65.8871
65.8871
65.8871
65.8871
65.8871
65.8871
65.8871
65.8871
65.8871
65.8871
65.8871
65.8871
65.8871
65.8871
65.8871
65.8871
65.8871
65.8871
65.8871
65.8871
65.8871
65.8871
65.8871
65.8871
65.8871
65.8871
65.8871
65.8871
65.8871
65.8871
65.8871
65.8871
65.8871
65.8871
65.8871
65.8871
65.8871
65.8871
65.8871
65.8871
65.8871
65.8871
65.8871
65.8871
65.8871
65.8871
65.8871
65.8871
65.8871
65.8871
65.8871
65.8871
65.8871
65.8871
65.8871
65.8871
65.8871
65.8871
65.8871
65.8871
65.8871
65.8871
65.8871
65.8871
65.8871
65.8871
65.8871
65.8871
65.8871
65.8871
65.8871
65.8871
65.8871
65.8871
65.8871
65.8871
65.8871
65.8871
65.8871
65.8871
65.8871
65.8871
65.8871
65.8871
65.8871
65.8871
65.8871
65.8871
65.8871
65.8871
65.8871
65.8871
65.8871
65.8871
65.8871
65.8871
65.8871
65.8871
65.8871
65.8871
65.8871
65.8871
65.8871
65.8871
65.8871
65.8871
65.8871
65.8871
65.8871
65.8871
65.8871
65.8871
65.8871
65.8871
65.8871
65.8871
65.8871
65.8871
65.8871
65.8871
65.8871
65.8871
65.8871
65.8871
65.8871
65.8871
65.8871
65.8871
65.8871
65.8871
65.8871
65.8871
65.8871
65.8871
65.8871
65.8871
65.8871
65.8871
65.8871
65.8871
65.8871
65.8871
65.8871
65.8871
65.8871
65.8871
65.8871
65.8871
65.8871
65.8871
65.8871
65.8871
65.8871
65.8871
65.8871
65.8871
65.8871
65.8871
65.8871
65.8871
65.8871
65.8871
65.8871
65.8871
65.8871
65.8871
65.8871
65.8871
65.8871
65.8871
65.8871
65.8871
65.8871
65.8871
65.8871
65.8871
65.8871
65.8871
65.8871
65.8871
65.8871
65.8871
65.8871
65.8871
65.8871
65.8871
65.8871
65.8871
65.8871
65.8871
65.8871
65.8871
65.8871
65.8871
65.8871
65.8871
65.8871
65.8871
65.8871
65.8871
65.8871
65.8871
65.8871
65.8871
65.8871
65.8871
65.8871
65.8871
65.8871
65.8871
65.8871
65.8871
65.8871
65.8871
65.8871
65.8871
65.8871
65.8871
65.8871
65.8871
65.8871
65.8871
65.8871
65.8871
65.8871
65.8871
65.8871
65.8871
65.8871
65.8871
65.8871
65.8871
65.8871
65.8871
65.8871
65.8871
65.8871
65.8871
65.8871
65.8871
65.8871
65.8871
65.8871
65.8871
65.8871
65.8871
65.8871
65.8871
65.8871
65.8871
65.8871
65.8871
65.8871
65.8871
65.8871
65.8871
65.8871
65.8871
65.8871
65.8871
65.8871
65.8871
65.8871
65.8871
65.8871
65.8871
65.8871
65.8871
65.8871
65.8871
65.8871
65.8871
65.8871
65.8871
65.8871
65.8871
65.8871
65.8871
65.8871
65.8871
65.8871
65.8871
65.8871
65.8871
65.8871
65.8871
65.8871
65.8871
65.8871
65.8871
65.8871
65.8871
65.8871
65.8871
65.8871
65.8871
65.8871
65.8871
65.8871
65.8871
65.8871
65.8871
65.8871
65.8871
65.8871
65.8871
65.8871
65.8871
65.8871
65.8871
65.8871
65.8871
65.8871
65.8871
65.8871
65.8871
65.8871
65.8871
65.8871
65.8871
65.8871
65.8871
65.8871
65.8871
65.8871
65.8871
65.8871
65.8871
65.8871
65.8871
65.8871
65.8871
65.8871
65.8871
65.8871
65.8871
65.8871
65.8871
65.8871
65.8871
65.8871
65.8871
65.8871
65.8871
65.8871
65.8871
65.8871
65.8871
65.8871
65.8871
65.8871
65.8871
65.8871
65.8871
65.8871
65.8871
65.8871
65.8871
65.8871
65.8871
65.8871
65.8871
65.8871
65.8871
65.8871
65.8871
65.8871
65.8871
65.8871
65.8871
65.8871
65.8871
65.8871
65.8871
65.8871
65.8871
65.8871
65.8871
65.8871
65.8871
65.8871
65.8871
65.8871
65.8871
65.8871
65.8871
65.8871
65.8871
65.8871
65.8871
65.8871
65.8871
65.8871
65.8871
65.8871
65.8871
65.8871
65.8871
65.8871
65.8871
65.8871
65.8871
65.8871
65.8871
65.8871
65.8871
65.8871
65.8871
65.8871
65.8871
65.8871
65.8871
65.8871
65.8871
65.8871
65.8871
65.8871
65.8871
65.8871
65.8871
65.8871
65.8871
65.8871
65.8871
65.8871
65.8871
65.8871
65.8871
65.8871
65.8871
65.8871
65.8871
65.8871
65.8871
65.8871
65.8871
65.8871
65.8871
65.8871
65.8871
65.8871
65.8871
65.8871
65.8871
65.8871
65.8871
65.8871
65.8871
65.8871
65.8871
65.8871
65.8871
65.8871
65.8871
65.8871
65.8871
65.8871
65.8871
65.8871
65.8871
65.8871
65.8871
65.8871
65.8871
65.8871
65.8871
65.8871
65.8871
65.8871
65.8871
65.8871
65.8871
65.8871
65.8871
65.8871
65.8871
65.8871
65.8871
65.8871
65.8871
65.8871
65.8871
65.8871
65.8871
65.8871
65.8871
65.8871
65.8871
65.8871
65.8871
65.8871
65.8871
65.8871
65.8871
65.8871
65.8871
65.8871
65.8871
65.8871
65.8871
65.8871
65.8871
65.8871
65.8871
65.8871
65.8871
65.8871
65.8871
65.8871
65.8871
65.8871
65.8871
65.8871
65.8871
65.8871
65.8871
65.8871
65.8871
65.8871
65.8871
65.8871
65.8871
65.8871
65.8871
65.8871
65.8871
65.8871
65.8871
65.8871
65.8871
65.8871
65.8871
65.8871
65.8871
65.8871
65.8871
65.8871
65.8871
65.8871
65.8871
65.8871
65.8871
65.8871
65.8871
65.8871
65.8871
65.8871
65.8871
65.8871
65.8871
65.8871
65.8871
65.8871
65.8871
65.8871
65.8871
65.8871
65.8871
65.8871
65.8871
65.8871
65.8871
65.8871
65.8871
65.8871
65.8871
65.8871
65.8871
65.8871
65.8871
65.8871
65.8871
65.8871
65.8871
65.8871
65.8871
65.8871
65.8871
65.8871
65.8871
65.8871
65.8871
65.8871
65.8871
65.8871
65.8871
65.8871
65.8871
65.8871
65.8871
65.8871
65.8871
65.8871
65.8871
65.8871
65.8871
65.8871
65.8871
65.8871
65.8871
65.8871
65.8871
65.8871
65.8871
65.8871
65.8871
65.8871
65.8871
65.8871
65.8871
65.8871
65.8871
65.8871
65.8871
65.8871
65.8871
65.8871
65.8871
65.8871
65.8871
65.8871
65.8871
65.8871
65.8871
65.8871
65.8871
65.8871
65.8871
65.8871
65.8871
65.8871
65.8871
65.8871
65.8871
65.8871
65.8871
65.8871
65.8871
65.8871
65.8871
65.8871
65.8871
65.8871
65.8871
65.8871
65.8871
65.8871
65.8871
65.8871
65.8871
65.8871
65.8871
65.8871
65.8871
65.8871
65.8871
65.8871
65.8871
65.8871
65.8871
65.8871
65.8871
65.8871
65.8871
65.8871
65.8871
65.8871
65.8871
65.8871
65.8871
65.8871
65.8871
65.8871
65.8871
65.8871
65.8871
65.8871
65.8871
65.8871
65.8871
65.8871
65.8871
65.8871
65.8871
65.8871
65.8871
65.8871
65.8871
65.8871
65.8871
65.8871
65.8871
65.8871
65.8871
65.8871
65.8871
65.8871
65.8871
65.8871
65.8871
65.8871
65.8871
65.8871
65.8871
65.8871
65.8871
65.8871
65.8871
65.8871
65.8871
65.8871
65.8871
65.8871
65.8871
65.8871
65.8871
65.8871
65.8871
65.8871
65.8871
65.8871
65.8871
65.8871
65.8871
65.8871
65.8871
65.8871
65.8871
65.8871
65.8871
65.8871
65.8871
65.8871
65.8871
65.8871
65.8871
65.8871
65.8871
65.8871
65.8871
65.8871
65.8871
65.8871
65.8871
65.8871
65.8871
65.8871
65.8871
65.8871
65.8871
65.8871
65.8871
65.8871
65.8871
65.8871
65.8871
65.8871
65.8871
65.8871
65.8871
65.8871
65.8871
65.8871
65.8871
65.8871
65.8871
65.8871
65.8871
65.8871
65.8871
65.8871
65.8871
65.8871
65.8871
65.8871
65.8871
65.8871
65.8871
65.8871
65.8871
65.8871
65.8871
65.8871
65.8871
65.8871
65.8871
65.8871
65.8871
65.8871
65.8871
65.8871
65.8871
65.8871
65.8871
65.8871
65.8871
65.8871
65.8871
65.8871
65.8871
65.8871
65.8871
65.8871
65.8871
65.8871
65.8871
65.8871
65.8871
65.8871
65.8871
65.8871
65.8871
65.8871
65.8871
65.8871
65.8871
65.8871
65.8871
65.8871
65.8871
65.8871
65.8871
65.8871
65.8871
65.8871
65.8871
65.8871
65.8871
65.8871
65.8871
65.8871
65.8871
65.8871
65.8871
65.8871
65.8871
65.8871
65.8871
65.8871
65.8871
65.8871
65.8871
65.8871
65.8871
65.8871
65.8871
65.8871
65.8871
65.8871
65.8871
65.8871
65.8871
65.8871
65.8871
65.8871
65.8871
65.8871
65.8871
65.8871
65.8871
65.8871
65.8871
65.8871
65.8871
65.8871
65.8871
65.8871
65.8871
65.8871
65.8871
65.8871
65.8871
65.8871
65.8871
65.8871
65.8871
65.8871
65.8871
65.8871
65.8871
65.8871
65.8871
65.8871
65.8871
65.8871
65.8871
65.8871
65.8871
65.8871
65.8871
65.8871
65.8871
65.8871
65.8871
65.8871
65.8871
65.8871
65.8871
65.8871
65.8871
65.8871
65.8871
65.8871
65.8871
65.8871
65.8871
65.8871
65.8871
65.8871
65.8871
65.8871
65.8871
65.8871
65.8871
65.8871
65.8871
65.8871
65.8871
65.8871
65.8871
65.8871
65.8871
65.8871
65.8871
65.8871
65.8871
65.8871
65.8871
65.8871
65.8871
65.8871
65.8871
65.8871
65.8871
65.8871
65.8871
65.8871
65.8871
65.8871
65.8871
65.8871
65.8871
65.8871
65.8871
65.8871
65.8871
65.8871
65.8871
65.8871
65.8871
65.8871
65.8871
65.8871
65.8871
65.8871
65.8871
65.8871
65.8871
65.8871
65.8871
65.8871
65.8871
65.8871
65.8871
65.8871
65.8871
65.8871
65.8871
65.8871
65.8871
65.8871
65.8871
65.8871
65.8871
65.8871
65.8871
65.8871
65.8871
65.8871
65.8871
65.8871
65.8871
65.8871
65.8871
65.8871
65.8871
65.8871
65.8871
65.8871
65.8871
65.8871
65.8871
65.8871
65.8871
65.8871
65.8871
65.8871
65.8871
65.8871
65.8871
65.8871
65.8871
65.8871
65.8871
65.8871
65.8871
65.8871
65.8871
65.8871
65.8871
65.8871
65.8871
65.8871
65.8871
65.8871
65.8871
65.8871
65.8871
65.8871
65.8871
65.8871
65.8871
65.8871
65.8871
65.8871
65.8871
65.8871
65.8871
65.8871
65.8871
65.8871
65.8871
65.8871
65.8871
65.8871
65.8871
65.8871
65.8871
65.8871
65.8871
65.8871
65.8871
65.8871
65.8871
65.8871
65.8871
65.8871
65.8871
65.8871
65.8871
65.8871
65.8871
65.8871
65.8871
65.8871
65.8871
65.8871
65.8871
65.8871
65.8871
65.8871
65.8871
65.8871
65.8871
65.8871
65.8871
65.8871
65.8871
65.8871
65.8871
65.8871
65.8871
65.8871
65.8871
65.8871
65.8871
65.8871
65.8871
65.8871
65.8871
65.8871
65.8871
65.8871
65.8871
65.8871
65.8871
65.8871
65.8871
65.8871
65.8871
65.8871
65.8871
65.8871
65.8871
65.8871
65.8871
65.8871
65.8871
65.8871
65.8871
65.8871
65.8871
65.8871
65.8871
65.8871
65.8871
65.8871
65.8871
65.8871
65.8871
65.8871
65.8871
65.8871
65.8871
65.8871
65.8871
65.8871
65.8871
65.8871
65.8871
65.8871
65.8871
65.8871
65.8871
65.8871
65.8871
65.8871
65.8871
65.8871
65.8871
65.8871
65.8871
65.8871
65.8871
65.8871
65.8871
65.8871
65.8871
65.8871
65.8871
65.8871
65.8871
65.8871
65.8871
65.8871
65.8871
65.8871
65.8871
65.8871
65.8871
65.8871
65.8871
65.8871
65.8871
65.8871
65.8871
65.8871
65.8871
65.8871
65.8871
65.8871
65.8871
65.8871
65.8871
65.8871
65.8871
65.8871
65.8871
65.8871
65.8871
65.8871
65.8871
65.8871
65.8871
65.8871
65.8871
65.8871
65.8871
65.8871
65.8871
65.8871
65.8871
65.8871
65.8871
65.8871
65.8871
65.8871
65.8871
65.8871
65.8871
65.8871
65.8871
65.8871
65.8871
65.8871
65.8871
65.8871
65.8871
65.8871
65.8871
65.8871
65.8871
65.8871
65.8871
65.8871
65.8871
65.8871
65.8871
65.8871
65.8871
65.8871
65.8871
65.8871
65.8871
65.8871
65.8871
65.8871
65.8871
65.8871
65.8871
65.8871
65.8871
65.8871
65.8871
65.8871
65.8871
65.8871
65.8871
65.8871
65.8871
65.8871
65.8871
65.8871
65.8871
65.8871
65.8871
65.8871
65.8871
65.8871
65.8871
65.8871
65.8871
65.8871
65.8871
65.8871
65.8871
65.8871
65.8871
65.8871
65.8871
65.8871
65.8871
65.8871
65.8871
65.8871
65.8871
65.8871
65.8871
65.8871
65.8871
65.8871
65.8871
65.8871
65.8871
65.8871
65.8871
65.8871
65.8871
65.8871
65.8871
65.8871
65.8871
65.8871
65.8871
65.8871
65.8871
65.8871
65.8871
65.8871
65.8871
65.8871
65.8871
65.8871
65.8871
65.8871
65.8871
65.8871
65.8871
65.8871
65.8871
65.8871
65.8871
65.8871
65.8871
65.8871
65.8871
65.8871
65.8871
65.8871
65.8871
65.8871
65.8871
65.8871
65.8871
65.8871
65.8871
65.8871
65.8871
65.8871
65.8871
65.8871
65.8871
65.8871
65.8871
65.8871
65.8871
65.8871
65.8871
65.8871
65.8871
65.8871
65.8871
65.8871
65.8871
65.8871
65.8871
65.8871
65.8871
65.8871
65.8871
65.8871
65.8871
65.8871
65.8871
65.8871
65.8871
65.8871
65.8871
65.8871
65.8871
65.8871
65.8871
65.8871
65.8871
65.8871
65.8871
65.8871
65.8871
65.8871
65.8871
65.8871
65.8871
65.8871
65.8871
65.8871
65.8871
65.8871
65.8871
65.8871
65.8871
65.8871
65.8871
65.8871
65.8871
65.8871
65.8871
65.8871
65.8871
65.8871
65.8871
65.8871
65.8871
65.8871
65.8871
65.8871
65.8871
65.8871
65.8871
65.8871
65.8871
65.8871
65.8871
65.8871
65.8871
65.8871
65.8871
65.8871
65.8871
65.8871
65.8871
65.8871
65.8871
65.8871
65.8871
65.8871
65.8871
65.8871
65.8871
65.8871
65.8871
65.8871
65.8871
65.8871
65.8871
65.8871
65.8871
65.8871
65.8871
65.8871
65.8871
65.8871
65.8871
65.8871
65.8871
65.8871
65.8871
65.8871
65.8871
65.8871
65.8871
65.8871
65.8871
65.8871
65.8871
65.8871
65.8871
65.8871
65.8871
65.8871
65.8871
65.8871
65.8871
65.8871
65.8871
65.8871
65.8871
65.8871
65.8871
65.8871
65.8871
65.8871
65.8871
65.8871
65.8871
65.8871
65.8871
65.8871
65.8871
65.8871
65.8871
65.8871
65.8871
65.8871
65.8871
65.8871
65.8871
65.8871
65.8871
65.8871
65.8871
65.8871
65.8871
65.8871
65.8871
65.8871
65.8871
65.8871
65.8871
65.8871
65.8871
65.8871
65.8871
65.8871
65.8871
65.8871
65.8871
65.8871
65.8871
65.8871
65.8871
65.8871
65.8871
65.8871
65.8871
65.8871
65.8871
65.8871
65.8871
65.8871
65.8871
65.8871
65.8871
65.8871
65.8871
65.8871
65.8871
65.8871
65.8871
65.8871
65.8871
65.8871
65.8871
65.8871
65.8871
65.8871
65.8871
65.8871
65.8871
65.8871
65.8871
65.8871
65.8871
65.8871
65.8871
65.8871
65.8871
65.8871
65.8871
65.8871
65.8871
65.8871
65.8871
65.8871
65.8871
65.8871
65.8871
65.8871
65.8871
65.8871
65.8871
65.8871
65.8871
65.8871
65.8871
65.8871
65.8871
65.8871
65.8871
65.8871
65.8871
65.8871
65.8871
65.8871
65.8871
65.8871
65.8871
65.8871
65.8871
65.8871
65.8871
65.8871
65.8871
65.8871
65.8871
65.8871
65.8871
65.8871
65.8871
65.8871
65.8871
65.8871
65.8871
65.8871
65.8871
65.8871
65.8871
65.8871
65.8871
65.8871
65.8871
65.8871
65.8871
65.8871
65.8871
65.8871
65.8871
65.8871
65.8871
65.8871
65.8871
65.8871
65.8871
65.8871
65.8871
65.8871
65.8871
65.8871
65.8871
65.8871
65.8871
65.8871
65.8871
65.8871
65.8871
65.8871
65.8871
65.8871
65.8871
65.8871
65.8871
65.8871
65.8871
65.8871
65.8871
65.8871
65.8871
65.8871
65.8871
65.8871
65.8871
65.8871
65.8871
65.8871
65.8871
65.8871
65.8871
65.8871
65.8871
65.8871
65.8871
65.8871
65.8871
65.8871
65.8871
65.8871
65.8871
65.8871
65.8871
65.8871
65.8871
65.8871
65.8871
65.8871
65.8871
65.8871
65.8871
65.8871
65.8871
65.8871
65.8871
65.8871
65.8871
65.8871
65.8871
65.8871
65.8871
65.8871
65.8871
65.8871
65.8871
65.8871
65.8871
65.8871
65.8871
65.8871
65.8871
65.8871
65.8871
65.8871
65.8871
65.8871
65.8871
65.8871
65.8871
65.8871
65.8871
65.8871
65.8871
65.8871
65.8871
65.8871
65.8871
65.8871
65.8871
65.8871
65.8871
65.8871
65.8871
65.8871
65.8871
65.8871
65.8871
65.8871
65.8871
65.8871
65.8871
65.8871
65.8871
65.8871
65.8871
65.8871
65.8871
65.8871
65.8871
65.8871
65.8871
65.8871
65.8871
65.8871
65.8871
65.8871
65.8871
65.8871
65.8871
65.8871
65.8871
65.8871
65.8871
65.8871
65.8871
65.8871
65.8871
65.8871
65.8871
65.8871
65.8871
65.8871
65.8871
65.8871
65.8871
65.8871
65.8871
65.8871
65.8871
65.8871
65.8871
65.8871
65.8871
65.8871
65.8871
65.8871
65.8871
65.8871
65.8871
65.8871
65.8871
65.8871
65.8871
65.8871
65.8871
65.8871
65.8871
65.8871
65.8871
65.8871
65.8871
65.8871
65.8871
65.8871
65.8871
65.8871
65.8871
65.8871
65.8871
65.8871
65.8871
65.8871
65.8871
65.8871
65.8871
65.8871
65.8871
65.8871
65.8871
65.8871
65.8871
65.8871
65.8871
65.8871
65.8871
65.8871
65.8871
65.8871
65.8871
65.8871
65.8871
65.8871
65.8871
65.8871
65.8871
65.8871
65.8871
65.8871
65.8871
65.8871
65.8871
65.8871
65.8871
65.8871
65.8871
65.8871
65.8871
65.8871
65.8871
65.8871
65.8871
65.8871
65.8871
65.8871
65.8871
65.8871
65.8871
65.8871
65.8871
65.8871
65.8871
65.8871
65.8871
65.8871
65.8871
65.8871
65.8871
65.8871
65.8871
65.8871
65.8871
65.8871
65.8871
65.8871
65.8871
65.8871
65.8871
65.8871
65.8871
65.8871
65.8871
65.8871
65.8871
65.8871
65.8871
65.8871
65.8871
65.8871
65.8871
65.8871
65.8871
65.8871
65.8871
65.8871
65.8871
65.8871
65.8871
65.8871
65.8871
65.8871
65.8871
65.8871
65.8871
65.8871
65.8871
65.8871
65.8871
65.8871
65.8871
65.8871
65.8871
65.8871
65.8871
65.8871
65.8871
65.8871
65.8871
65.8871
65.8871
65.8871
65.8871
65.8871
65.8871
65.8871
65.8871
65.8871
65.8871
65.8871
65.8871
65.8871
65.8871
65.8871
65.8871
65.8871
65.8871
65.8871
65.8871
65.8871
65.8871
65.8871
65.8871
65.8871
65.8871
65.8871
65.8871
65.8871
65.8871
65.8871
65.8871
65.8871
65.8871
65.8871
65.8871
65.8871
65.8871
65.8871
65.8871
65.8871
65.8871
65.8871
65.8871
65.8871
65.8871
65.8871
65.8871
65.8871
65.8871
65.8871
65.8871
65.8871
65.8871
65.8871
65.8871
65.8871
65.8871
65.8871
65.8871
65.8871
65.8871
65.8871
65.8871
65.8871
65.8871
65.8871
65.8871
65.8871
65.8871
65.8871
65.8871
65.8871
65.8871
65.8871
65.8871
65.8871
65.8871
65.8871
65.8871
65.8871
65.8871
65.8871
65.8871
65.8871
65.8871
65.8871
65.8871
65.8871
65.8871
65.8871
65.8871
65.8871
65.8871
65.8871
65.8871
65.8871
65.8871
65.8871
65.8871
65.8871
65.8871
65.8871
65.8871
65.8871
65.8871
65.8871
65.8871
65.8871
65.8871
65.8871
65.8871
65.8871
65.8871
65.8871
65.8871
65.8871
65.8871
65.8871
65.8871
65.8871
65.8871
65.8871
65.8871
65.8871
65.8871
65.8871
65.8871
65.8871
65.8871
65.8871
65.8871
65.8871
65.8871
65.8871
65.8871
65.8871
65.8871
65.8871
65.8871
65.8871
65.8871
65.8871
65.8871
65.8871
65.8871
65.8871
65.8871
65.8871
65.8871
65.8871
65.8871
65.8871
65.8871
65.8871
65.8871
65.8871
65.8871
65.8871
65.8871
65.8871
65.8871
65.8871
65.8871
65.8871
65.8871
65.8871
65.8871
65.8871
65.8871
65.8871
65.8871
65.8871
65.8871
65.8871
65.8871
65.8871
65.8871
65.8871
65.8871
65.8871
65.8871
65.8871
65.8871
65.8871
65.8871
65.8871
65.8871
65.8871
65.8871
65.8871
65.8871
65.8871
65.8871
65.8871
65.8871
65.8871
65.8871
65.8871
65.8871
65.8871
65.8871
65.8871
65.8871
65.8871
65.8871
65.8871
65.8871
65.8871
65.8871
65.8871
65.8871
65.8871
65.8871
65.8871
65.8871
65.8871
65.8871
65.8871
65.8871
65.8871
65.8871
65.8871
65.8871
65.8871
65.8871
65.8871
65.8871
65.8871
65.8871
65.8871
65.8871
65.8871
65.8871
65.8871
65.8871
65.8871
65.8871
65.8871
65.8871
65.8871
65.8871
65.8871
65.8871
65.8871
65.8871
65.8871
65.8871
65.8871
65.8871
65.8871
65.8871
65.8871
65.8871
65.8871
65.8871
65.8871
65.8871
65.8871
65.8871
65.8871
65.8871
65.8871
65.8871
65.8871
65.8871
65.8871
65.8871
65.8871
65.8871
65.8871
65.8871
65.8871
65.8871
65.8871
65.8871
65.8871
65.8871
65.8871
65.8871
65.8871
65.8871
65.8871
65.8871
65.8871
65.8871
65.8871
65.8871
65.8871
65.8871
65.8871
65.8871
65.8871
65.8871
65.8871
65.8871
65.8871
65.8871
65.8871
65.8871
65.8871
65.8871
65.8871
65.8871
65.8871
65.8871
65.8871
65.8871
65.8871
65.8871
65.8871
65.8871
65.8871
65.8871
65.8871
65.8871
65.8871
65.8871
65.8871
65.8871
65.8871
65.8871
65.8871
65.8871
65.8871
65.8871
65.8871
65.8871
65.8871
65.8871
65.8871
65.8871
65.8871
65.8871
65.8871
65.8871
65.8871
65.8871
65.8871
65.8871
65.8871
65.8871
65.8871
65.8871
65.8871
65.8871
65.8871
65.8871
65.8871
65.8871
65.8819
65.8819
65.8819
65.8819
65.8819
65.8819
65.8819
65.8819
65.8819
65.8819
65.8819
65.8819
65.8819
65.8819
65.8819
65.8819
65.8819
65.8819
65.8819
65.8819
65.8819
65.8819
65.8819
65.8819
65.8819
65.8819
65.8819
65.8819
65.8819
65.8819
65.8819
65.8819
65.8819
65.8819
65.8819
65.8819
65.8819
65.8819
65.8819
65.8819
65.8819
65.8819
65.8819
65.8819
65.8819
65.8819
65.8819
65.8819
65.8819
65.8819
65.8819
65.8819
65.8819
65.8819
65.8819
65.8819
65.8819
65.8819
65.8819
65.8819
65.8819
65.8819
65.8819
65.8819
65.8819
65.8819
65.8819
65.8819
65.8819
65.8819
65.8819
65.8819
65.8819
65.8819
65.8819
65.8819
65.8819
65.8819
65.8819
65.8819
65.8819
65.8819
65.8819
65.8819
65.8819
65.8819
65.8819
65.8819
65.8819
65.8819
65.8819
65.8819
65.8819
65.8819
65.8819
65.8819
65.8819
65.8819
65.8819
65.8819
65.8819
65.8819
65.8819
65.8819
65.8819
65.8819
65.8819
65.8819
65.8819
65.8819
65.8819
65.8819
65.8819
65.8819
65.8819
65.8819
65.8819
65.8819
65.8819
65.8819
65.8819
65.8819
65.8819
65.8819
65.8819
65.8819
65.8819
65.8819
65.8819
65.8819
65.8819
65.8819
65.8819
65.8819
65.8819
65.8819
65.8819
65.8819
65.8819
65.8819
65.8819
65.8819
65.8819
65.8819
65.8819
65.8819
65.8819
65.8819
65.8819
65.8819
65.8819
65.8819
65.8819
65.8819
65.8819
65.8819
65.8819
65.8819
65.8819
65.8819
65.8819
65.8819
65.8819
65.8819
65.8819
65.8819
65.8819
65.8819
65.8819
65.8819
65.8819
65.8819
65.8819
65.8819
65.8819
65.8819
65.8819
65.8819
65.8819
65.8819
65.8819
65.8819
65.8819
65.8819
65.8819
65.8819
65.8819
65.8819
65.8819
65.8819
65.8819
65.8819
65.8819
65.8819
65.8819
65.8819
65.8819
65.8819
65.8819
65.8819
65.8819
65.8819
65.8819
65.8819
65.8819
65.8819
65.8819
65.8819
65.8819
65.8819
65.8819
65.8819
65.8819
65.8819
65.8819
65.8819
65.8819
65.8819
65.8819
65.8819
65.8819
65.8819
65.8819
65.8819
65.8819
65.8819
65.8819
65.8819
65.8819
65.8819
65.8819
65.8819
65.8819
65.8819
65.8819
65.8819
65.8819
65.8819
65.8819
65.8819
65.8819
65.8819
65.8819
65.8819
65.8819
65.8819
65.8819
65.8819
65.8819
65.8819
65.8819
65.8819
65.8819
65.8819
65.8819
65.8819
65.8819
65.8819
65.8819
65.8819
65.8819
65.8819
65.8819
65.8819
65.8819
65.8819
65.8819
65.8819
65.8819
65.8819
65.8819
65.8819
65.8819
65.8819
65.8819
65.8819
65.8819
65.8819
65.8819
