444.404
435.53
423.999
423.599
423.189
420.706
418.219
408.497
400.96
396.034
389.114
384.728
380.632
370.079
370.079
364.85
364.85
360.789
358.767
356.494
355.756
352.87
341.069
340.926
334.169
334.169
333.537
330.174
328.934
327.308
323.323
316.069
316.069
315.944
314.744
313.103
312.714
307.523
303.367
303.273
297.054
297.054
297.054
295.47
292.557
292.368
289.682
289.682
286.676
286.676
282.524
282.524
282.108
282.108
280.455
280
280
278.609
272.096
272.096
272.096
271.145
266.717
266.717
266.717
265.943
264.773
263.644
263.317
262.864
260.355
258.031
256.524
253.603
253.603
252.962
239.593
239.593
239.593
239.555
235.363
235.363
233.502
230.246
230.246
229.205
224.594
224.594
224.594
224.594
224.594
224.524
218.226
218.074
218.074
218.074
218.074
211.365
211.365
209.445
209.445
209.445
209.394
209.17
207.546
207.546
207.546
206.058
205.717
205.426
205.382
204.305
204.269
204.193
204.193
203.709
200.987
200.3
199.831
197.3
197.3
196.591
196.568
195.145
195.145
195.145
194.284
194.146
192.944
192.944
192.944
191.267
191.267
190.773
189.952
189.227
187.986
187.298
186.046
186.046
184.959
184.959
184.464
184.464
179.798
179.798
179.798
177.746
177.746
177.123
177.123
176.304
173.699
173.699
173.699
172.239
172.239
172.239
171.315
171.315
171.315
170.551
170.161
170.161
169.987
168.568
168.568
168.568
168.568
162.758
162.758
162.758
162.457
162.272
162.205
162.202
161.468
161.468
161.318
160.101
160.101
159.853
159.853
158.765
158.765
157.253
157.253
156.382
155.829
155.829
155.829
155.07
155.07
155.07
154.453
154.453
153.854
153.286
153.286
152.164
152.164
152.164
152.164
150.985
150.985
150.985
150.985
150.453
150.453
150.453
150.332
150.332
149.255
149.255
149.255
149.255
149.255
147.874
147.874
147.65
147.65
147.65
147.568
147.096
147.096
147.096
147.018
147.018
144.974
144.974
144.974
144.436
144.436
144.057
144.057
143.794
143.693
143.693
143.474
143.474
143.474
143.094
142.597
142.125
142.125
142.125
142.125
141.379
140.983
140.983
140.983
140.302
138.927
138.03
137.5
137.5
136.412
136.412
136.412
136.378
136.378
136.378
136.257
133.578
133.578
133.476
133.476
133.476
133.476
133.476
133.476
133.203
133.203
133.203
132.706
132.706
132.706
132.706
132.706
132.706
132.706
132.706
132.706
132.706
132.706
132.706
132.677
132.622
132.622
132.153
132.153
131.353
131.353
131.353
130.353
130.353
129.264
129.264
129.264
128.343
128.343
128.343
126.743
126.743
126.743
126.743
126.141
126.141
125.393
125.393
123.237
123.237
123.237
122.816
122.816
120.872
120.727
120.727
120.727
120.727
120.727
119.865
119.865
119.865
119.865
119.507
119.095
118.765
118.765
118.765
118.765
118.765
118.659
118.659
118.659
118.659
117.868
117.868
117.774
116.697
116.697
116.697
116.697
116.697
115.906
114.327
114.327
114.021
114.021
114.021
114.021
114.021
114.021
113.777
113.777
113.757
113.435
113.421
113.421
113.421
112.688
112.603
112.603
112.603
112.603
112.603
112.603
111.302
111.302
110.382
110.382
110.119
110.119
110.119
109.912
109.912
109.559
109.559
109.559
109.559
109.559
109.336
109.336
109.336
109.336
109.336
108.453
108.453
108.453
108.453
107.75
106.842
106.842
106.842
106.842
106.796
106.07
106.07
106.07
106.07
106.07
106.07
106.07
106.015
105.993
105.991
104.764
104.719
104.719
104.709
104.709
104.709
104.709
104.709
103.631
103.631
103.631
103.607
102.794
102.794
102.794
102.644
102.644
102.644
102.644
102.567
102.567
101.46
101.46
101.46
101.399
100.636
100.636
100.636
100.626
100.626
100.626
100.626
100.626
100.626
100.626
100.626
100.626
100.626
100.626
100.626
100.626
100.626
100.315
99.4064
99.4064
99.4064
99.3497
99.3497
99.3497
99.3497
99.3497
99.1018
99.1018
99.1018
98.6464
98.6464
98.6464
98.6464
98.6464
98.6464
98.485
98.485
98.485
98.485
98.485
98.485
98.485
98.485
97.7455
97.7455
97.7455
97.7455
97.7455
97.7455
97.7455
97.2959
97.2959
97.2959
97.2959
97.2959
97.2959
97.2959
97.2959
97.2959
97.2959
97.2959
97.2959
97.2959
97.2959
97.2959
97.2959
97.2959
97.2959
97.2959
96.6971
96.6971
96.6971
96.6971
96.6971
96.1017
96.1017
96.1017
96.1017
96.1017
96.1017
96.1017
96.1017
96.1017
96.1017
95.7911
95.7911
95.7911
95.7911
95.7911
95.7072
95.7072
95.7072
95.7072
95.6909
95.6909
95.6909
95.6909
95.6909
95.5496
95.5438
95.5275
95.5275
95.5275
95.5093
95.5093
95.3157
95.3157
95.3157
95.3157
95.3157
95.3157
95.3157
94.6971
94.6971
94.3332
94.046
94.046
94.046
94.046
94.046
94.0278
93.9809
93.9809
93.9047
93.9047
93.9047
93.9047
93.9047
93.9047
93.9047
93.9047
93.9047
93.9047
93.9047
93.7686
93.7686
93.7686
93.7686
93.62
93.62
93.62
93.62
93.62
93.62
93.4252
93.4252
93.4252
93.4252
93.4252
93.4252
93.4252
93.2912
93.2912
93.2912
93.2912
93.2749
93.2178
93.2178
93.2178
93.2178
93.2178
93.2178
92.6405
92.6405
92.6405
92.6405
92.6405
92.6405
92.4331
92.4331
92.258
92.258
92.258
92.258
92.258
92.258
92.258
92.258
91.7424
91.7424
91.7424
91.1737
91.1737
91.1737
89.8126
89.8126
89.8126
89.8126
89.8126
89.8126
89.8126
89.791
89.791
89.791
89.791
89.791
89.791
89.791
89.791
89.791
89.791
89.791
89.791
89.791
89.791
89.791
89.791
89.714
89.714
89.6222
89.6222
89.6222
89.6222
89.355
89.355
89.355
89.355
89.355
89.355
89.355
89.1647
89.1647
89.1647
89.1647
89.1647
89.1647
89.1647
89.1647
89.1647
89.1647
89.0488
89.0488
89.0488
89.0488
88.7832
88.7832
88.7832
88.7832
88.7832
88.7832
88.7832
88.7832
88.7832
88.7832
88.7832
88.7668
88.7668
88.7668
88.7668
88.7668
88.7668
88.7668
88.7668
88.7668
88.7668
88.7668
88.7668
87.5726
87.5726
87.5726
87.5726
87.5726
87.5726
87.5726
87.5726
87.5726
87.5726
87.5726
87.5726
87.5726
87.5726
87.5726
87.5726
87.5726
87.5726
87.5726
87.5726
87.5377
87.5377
87.5377
87.5377
87.5377
87.5377
87.5377
87.5377
86.808
86.808
86.808
86.808
86.7076
86.7076
86.7076
86.7076
86.7076
86.7076
86.7076
86.7076
86.7076
86.7076
86.6287
86.6287
86.6287
85.978
85.978
85.978
85.978
85.978
85.899
85.899
85.899
85.899
85.899
85.899
85.899
85.8387
85.8387
85.8387
85.8387
85.8387
85.8387
85.819
85.819
85.2799
85.2799
85.2799
85.2799
85.2799
85.079
85.079
85.079
85.079
85.079
85.079
85.079
85.079
85.079
84.0525
84.0525
84.0525
84.0525
84.0525
84.0525
84.0525
83.9261
83.9261
83.9261
83.9261
83.9261
83.9261
83.8461
83.8461
83.8461
83.8461
83.8461
83.8461
83.8461
83.0957
83.0957
83.0957
83.0957
83.0957
83.0957
83.0957
83.0957
83.0957
83.0957
83.0957
83.0071
83.0071
82.4425
82.4425
82.4425
82.3274
82.3274
82.3274
82.3274
82.3274
82.3274
82.3274
82.3274
82.3274
82.3274
82.3274
81.1141
81.1141
81.1141
81.1141
81.1141
81.1141
81.1141
81.1141
81.1141
81.1141
80.8236
80.8236
80.8236
80.8236
80.8236
80.8236
80.8236
80.8236
80.8236
80.8236
80.8236
80.8236
80.8236
80.8236
80.4694
80.4694
80.4694
80.4694
80.4694
80.4694
80.4694
80.4694
80.4694
80.4694
80.4694
80.4694
80.4694
80.4694
80.4694
80.3808
80.3808
80.3808
80.3808
80.3766
80.1313
80.1313
80.1313
80.1313
80.1313
80.1313
80.1313
80.1313
80.1313
80.0427
80.0427
80.0427
80.0427
80.0427
80.0427
80.0385
80.0385
80.0385
80.0385
80.0385
80.0385
80.0385
80.0385
80.0385
80.0385
79.2796
79.2796
79.2796
79.2796
79.2796
79.2796
79.2796
79.2796
79.2796
79.2796
79.2796
79.2796
79.2796
79.2796
79.2796
79.2796
79.2796
79.2796
79.2796
79.2796
79.2796
79.2796
79.2796
79.2796
79.2796
79.2796
79.2796
79.2796
79.2796
79.2796
79.2796
79.2796
79.2796
79.2796
79.2796
79.2796
79.2796
79.2796
79.2796
79.2796
79.2796
79.2796
78.9019
78.9019
78.9019
78.9019
78.9019
78.9019
78.9019
78.5118
78.5118
78.5118
78.5118
78.5118
78.5118
78.5118
78.5118
78.5118
78.5118
78.5118
78.5118
78.5118
78.5118
78.5118
78.5118
78.5118
78.5118
78.5118
78.5118
78.5118
78.5118
78.5118
78.5118
78.5118
78.5118
78.5118
78.5118
78.5118
78.5118
78.5118
78.5118
78.5118
78.5118
78.5118
78.5118
78.5118
78.5118
78.5118
78.5118
78.5118
78.5118
78.5118
78.5118
78.5118
78.5118
78.5118
78.5118
78.5118
78.5118
78.5118
78.5118
78.5118
78.5118
78.5118
78.5118
78.2733
78.2733
78.2733
77.9627
77.9627
77.5701
77.5701
77.5701
77.5701
77.5701
77.5701
77.5701
77.5701
77.5701
77.5701
77.5701
77.5701
77.5701
77.5701
77.5701
77.5701
77.5701
77.5701
77.5701
77.5701
77.5701
77.5701
77.5701
77.5701
77.5701
77.5701
77.5701
77.5701
77.5701
77.5701
77.5701
77.5701
77.5701
77.5701
77.5701
77.5701
77.5701
77.5701
77.5701
77.5701
77.5701
77.5701
77.5701
77.5701
77.5701
77.5701
77.5701
77.5701
77.5701
77.5701
77.5701
77.5701
77.5701
77.5701
77.5701
77.5701
77.5701
77.5701
77.5701
77.5701
77.5701
77.5701
77.5701
77.5701
77.5701
77.4175
77.4175
77.4175
77.4175
77.4175
77.4175
77.4175
77.4175
77.0282
77.0282
77.0282
77.0282
77.0282
76.9894
76.9894
76.9894
76.9894
76.9894
76.9894
76.9894
76.9894
76.9894
76.9894
76.9894
76.9894
76.9894
76.9894
76.9894
76.9894
76.8728
76.8728
76.8728
76.8728
76.8728
76.8728
76.8728
76.8728
76.8728
76.6764
76.6764
76.6764
76.6764
76.6764
76.6764
76.6764
76.6764
76.6764
76.6764
76.6764
76.6764
76.6764
76.6764
76.6764
76.6764
76.6764
76.6764
76.6764
76.6764
76.6764
76.6764
76.4866
76.4866
76.4866
76.4866
76.4866
76.4866
75.9713
75.9713
75.9713
75.9713
75.9713
75.9713
75.9713
75.9713
75.9713
75.9713
75.9713
75.9713
75.9713
75.9713
75.9713
75.9713
75.9713
75.9713
75.9713
75.9713
75.9713
75.9713
75.9713
75.9713
75.9713
75.9713
75.9713
75.9713
75.9713
75.9713
75.9713
75.9713
75.9713
75.9713
75.9713
75.9713
75.9713
75.9713
75.9713
75.9713
75.9713
75.9713
75.9713
75.9713
75.9713
75.9713
75.9713
75.9713
75.9713
75.9713
75.9713
75.9713
75.9713
75.9713
75.9713
75.9713
75.9713
75.9713
75.9713
75.9713
75.9713
75.9713
75.9713
75.9713
75.9713
75.9713
75.9713
75.9713
75.9713
75.9713
75.9713
75.9713
75.9713
75.9713
75.9713
75.9713
75.9713
75.9713
75.9713
75.9713
75.9713
75.9713
75.9713
75.9713
75.9713
75.9713
75.9713
75.9713
75.9713
75.9713
75.9713
75.9713
75.9713
75.9713
75.9713
75.9713
75.9713
75.9713
75.9713
75.9713
75.9713
75.9713
75.9713
75.9713
75.9713
75.9713
75.9713
75.9713
75.9713
75.9713
75.9713
75.9713
75.9713
75.9713
75.9713
75.9713
75.9713
75.9713
75.9713
75.9713
75.9713
75.9713
75.9713
75.9713
75.9713
75.9713
75.9713
75.9713
75.9713
75.9713
75.9713
75.9713
75.9713
75.9713
75.9713
75.9713
75.9713
75.9713
75.9713
75.9713
75.9713
75.9713
75.9713
75.9713
75.9713
75.9713
75.9713
75.9713
75.9713
75.9713
75.9713
75.9713
75.9713
75.9713
75.9713
75.9713
75.9713
75.9713
75.9713
75.9713
75.9713
75.9713
75.9713
75.9713
75.9713
75.9713
75.9713
75.9713
75.9713
75.9713
75.9713
75.9713
75.9713
75.9713
75.9713
75.9713
75.8496
75.8496
75.8496
75.337
75.337
75.337
75.337
75.337
75.337
75.337
75.337
75.337
75.337
75.337
75.337
75.337
75.337
75.337
75.337
75.337
75.337
75.337
75.337
75.337
75.337
75.337
75.337
75.337
75.337
75.337
75.337
75.337
75.337
75.337
75.337
75.337
75.337
75.337
75.337
75.337
75.337
75.337
75.337
75.337
75.337
75.337
75.337
75.337
75.337
75.337
75.337
75.337
75.337
75.337
75.337
75.337
75.337
75.337
75.337
75.337
74.7879
74.7879
74.7879
74.7879
74.7879
74.7879
74.7879
74.7879
74.7879
74.7879
74.7879
74.7879
74.7879
74.7879
74.7879
74.7879
74.7879
74.7879
74.7879
74.7879
74.7879
74.7879
74.7879
74.7879
74.7879
74.7879
74.7879
74.7879
74.7879
74.7879
74.7879
74.7879
74.7879
74.7879
74.7879
74.7879
74.7879
74.2934
74.2934
74.2934
74.2934
74.2934
74.2934
74.2934
74.2934
74.2934
74.2934
74.2934
74.2934
74.2934
74.2934
74.2934
74.2934
74.2934
74.2934
74.2934
74.2934
74.2934
74.2934
74.2934
74.2934
74.2934
74.2934
74.2934
74.2934
74.2934
74.2934
74.2934
74.2934
74.2934
74.2934
74.2934
74.2934
74.2934
74.2934
74.2934
74.2934
74.2934
74.2934
74.2934
74.2934
74.2934
74.2934
74.2934
74.2934
74.2934
74.2934
74.2934
74.2934
74.2934
74.0335
74.0335
74.0335
74.0335
74.0335
73.946
73.946
73.946
73.946
73.946
73.946
73.7114
73.7114
73.7114
73.7114
73.7114
73.7114
73.7114
73.7114
73.7114
73.7114
73.7114
73.7114
73.7114
73.7114
73.7114
73.7114
73.7114
73.7114
73.7114
73.7114
73.7114
73.7114
73.7114
73.7114
73.7114
73.7114
73.7114
73.7114
73.7114
73.7114
73.7114
73.7114
73.7114
73.7114
73.7114
73.7114
73.7114
73.7114
73.7114
73.7114
73.7114
73.7114
73.7114
73.7114
73.7114
73.7114
73.7114
73.7114
73.7114
73.7114
73.7114
73.7114
73.7114
73.7114
73.7114
73.7114
73.7114
73.7114
73.7114
73.7114
73.7114
73.7114
73.7114
73.7114
73.7114
73.7114
73.7114
73.7114
73.7114
73.7114
73.7114
73.7114
73.7114
73.7114
73.7114
73.7114
73.7114
73.7114
73.7114
73.7114
73.7114
73.7114
73.7114
73.7114
73.7114
73.7114
73.7114
73.7114
73.7114
73.7114
73.7114
73.7114
73.7114
73.7114
73.7114
73.7114
73.7114
73.7114
73.7114
73.7114
73.7114
73.7114
73.7114
73.7114
73.7114
73.7114
73.7114
73.7114
73.7114
73.7114
73.7114
73.7114
73.7114
73.7114
73.7114
73.7114
73.5315
73.5315
73.5315
73.5315
73.5315
73.5315
73.5315
73.5315
73.5315
73.5315
73.5315
73.5315
73.5315
73.5315
73.5315
73.5315
73.5315
73.5315
73.5315
73.5315
73.5315
73.5315
73.5315
73.5315
73.5315
73.5315
73.5315
73.5315
73.5315
73.5315
73.5315
73.5315
73.5315
73.5315
73.2629
73.2629
73.2629
73.2629
73.2629
73.2629
73.2629
73.2629
73.2629
73.2629
73.2629
73.2629
73.2629
73.2629
73.2629
73.2629
73.2629
73.2629
73.2629
73.2629
73.0073
73.0073
73.0073
73.0073
73.0073
73.0073
73.0073
73.0073
73.0073
73.0073
73.0073
73.0073
73.0073
73.0073
73.0073
73.0073
72.9104
72.9104
72.9104
72.9104
72.9104
72.9104
72.9104
72.9104
72.9104
72.9104
72.9104
72.9104
72.9104
72.9104
72.9104
72.9104
72.9104
72.9104
72.9104
72.9104
72.9104
72.9104
72.9104
72.9104
72.9104
72.9104
72.9104
72.9104
72.9104
72.9104
72.9104
72.9104
72.9104
72.9104
72.9104
72.9104
72.9104
72.9104
72.9104
72.9104
72.9104
72.9104
72.9104
72.9104
72.9104
72.9104
72.9104
72.9104
72.9104
72.9104
72.9104
72.4298
72.4298
72.4298
72.4298
72.4298
72.4298
72.4298
72.4298
72.4298
72.4298
72.4298
72.4298
72.4298
72.4298
72.4298
72.4298
72.4298
72.4298
72.4298
72.4298
72.4298
72.4298
72.4298
72.4298
72.4298
72.4298
72.4298
72.4298
72.4298
72.4298
72.4298
72.4298
72.4298
72.4298
72.4298
72.4298
72.4298
72.4298
72.4298
72.4298
72.4298
72.4298
72.4298
72.4298
72.4298
72.4298
72.4298
72.4298
72.4298
72.4298
72.4298
72.4298
72.4298
72.4298
72.4298
72.4298
72.4298
72.4298
72.4298
72.4298
72.4298
72.4298
72.4298
72.4298
72.4298
72.4298
72.4298
72.4298
72.4298
72.4298
72.4298
72.4298
72.4298
72.4298
72.4298
72.4298
72.4298
72.4298
72.4298
72.4298
72.4298
72.4298
72.4298
72.4298
72.4298
72.4298
72.4298
72.4298
72.4298
72.4298
72.4298
72.4298
72.4298
72.4298
72.4298
72.4298
72.4298
72.4298
72.4298
72.4298
72.4298
72.4298
72.4298
72.4298
72.4298
72.4298
72.4298
72.4298
72.4298
72.4298
72.4298
72.4298
72.4298
72.4298
72.4298
72.4298
72.4298
72.4298
72.4298
72.4298
72.4298
72.4298
72.4298
72.4298
72.4298
72.4298
72.4298
72.4298
72.4298
72.4298
72.4298
72.4298
72.4298
72.4298
72.4298
72.4298
72.4298
72.4298
72.4298
72.4298
72.4298
72.4298
72.4298
72.4298
72.4298
72.4298
72.4298
72.4298
72.4298
72.4298
72.4298
72.4298
72.4298
72.4298
72.4298
72.4298
72.4298
72.4298
72.4298
72.4298
72.4298
72.4298
72.4298
72.4298
72.4298
72.4298
72.4298
72.4298
72.4298
72.4298
72.4298
72.4298
72.4298
71.9632
71.9632
71.9632
71.9632
71.9632
71.9632
71.9632
71.9632
71.9632
71.9632
71.9632
71.9632
71.9632
71.9632
71.9632
71.9632
71.9632
71.9632
71.9632
71.9632
71.9632
71.9632
71.9632
71.9632
71.9632
71.9632
71.9632
71.9632
71.9632
71.9632
71.9632
71.9632
71.9632
71.9632
71.9632
71.9632
71.9632
71.9632
71.9632
71.9632
71.9632
71.9632
71.9632
71.9632
71.9632
71.9632
71.9632
71.9632
71.9632
71.9632
71.9632
71.9632
71.9632
71.9632
71.9632
71.9632
71.9632
71.9632
71.9632
71.9632
71.9632
71.9632
71.9632
71.9632
71.9632
71.9632
71.9632
71.9632
71.9632
71.9632
71.9632
71.9632
71.9632
71.9632
71.9632
71.9632
71.9632
71.9632
71.9632
71.9632
71.9632
71.9632
71.9632
71.9632
71.9632
71.9632
71.9632
71.9632
71.9632
71.9632
71.9632
71.9632
71.9632
71.9632
71.9632
71.9632
71.9632
71.9632
71.9632
71.9632
71.9632
71.9632
71.9632
71.9632
71.9632
71.9632
71.9632
71.9632
71.9632
71.9632
71.9632
71.9632
71.9632
71.9632
71.9632
71.9632
71.9632
71.9632
71.9632
71.9632
71.9632
71.9632
71.9632
71.9632
71.9632
71.9632
71.9632
71.9632
71.9632
71.9632
71.9632
71.9632
71.9632
71.9632
71.9632
71.9632
71.9632
71.9632
71.9632
71.9632
71.9632
71.9632
71.9632
71.9632
71.9632
71.9632
71.9632
71.9632
71.9632
71.9632
71.9632
71.9632
71.9632
71.9632
71.9632
71.9632
71.9632
71.9632
71.9632
71.9632
71.9632
71.9632
71.9632
71.9632
71.9632
71.9632
71.9632
71.9632
71.9632
71.9632
71.9632
71.9632
71.9632
71.9632
71.9632
71.9632
71.9632
71.9632
71.9632
71.9632
71.9632
71.9632
71.9632
71.9632
71.9632
71.9632
71.9632
71.9632
71.9632
71.9632
71.9632
71.9632
71.9632
71.9632
71.9632
71.9632
71.9632
71.9632
71.9632
71.9632
71.9632
71.9632
71.9632
71.9632
71.9632
71.9632
71.9632
71.9632
71.9632
71.9632
71.9632
71.9632
71.9632
71.9632
71.9632
71.9632
71.9632
71.9632
71.9632
71.9632
71.9632
71.9632
71.9632
71.9632
71.9632
71.9632
71.9632
71.9632
71.9632
71.9632
71.9632
71.9632
71.9632
71.9632
71.9632
71.9632
71.9632
71.9632
71.9632
71.9632
71.9632
71.9632
71.9632
71.9632
71.9632
71.9632
71.9632
71.9632
71.9632
71.9632
71.9632
71.9632
71.9632
71.9632
71.9632
71.9632
71.9632
71.9632
71.9632
71.9632
71.9632
71.9632
71.9632
71.9632
71.9632
71.9632
71.9632
71.9632
71.9632
71.9632
71.9632
71.9632
71.9632
71.9632
71.9632
71.9632
71.9632
71.9632
71.9632
71.9632
71.9632
71.9632
71.9632
71.9632
71.9632
71.9632
71.9632
71.9632
71.9632
71.9632
71.9632
71.9632
71.9632
71.9632
71.9632
71.9632
71.9632
71.9632
71.9632
71.9632
71.9632
71.9632
71.9632
71.9632
71.9632
71.9632
71.9632
71.9632
71.9632
71.9632
71.9632
71.9632
71.9632
71.9632
71.9632
71.9632
71.9632
71.9632
71.9632
71.9632
71.9632
71.9632
71.9632
71.9632
71.9632
71.9632
71.9632
71.9632
71.9632
71.9632
71.9632
71.9632
71.9632
71.9632
71.9632
71.9632
71.9632
71.9632
71.9632
71.9632
71.9632
71.9632
71.9632
71.9632
71.9632
71.9632
71.9632
71.9632
71.9632
71.9632
71.9632
71.9632
71.9632
71.9632
71.9632
71.9632
71.9632
71.9632
71.9632
71.9632
71.9632
71.9632
71.9632
71.9632
71.9632
71.9632
71.9632
71.9632
71.9632
71.9632
71.9632
71.9632
71.9632
71.9632
71.9632
71.9632
71.9632
71.9632
71.9632
71.9632
71.9632
71.9632
71.9632
71.9632
71.9632
71.9632
71.9632
71.9632
71.9632
71.9632
71.9632
71.9632
71.9632
71.9632
71.9632
71.9632
71.9632
71.9632
71.9632
71.9632
71.9632
71.9632
71.9632
71.9632
71.9632
71.9632
71.9632
71.9632
71.9632
71.9632
71.9632
71.9632
71.9632
71.9632
71.9632
71.9632
71.9632
71.9632
71.9632
71.9632
71.9632
71.9632
71.9632
71.9632
71.9632
71.9632
71.9632
71.9632
71.9632
71.9632
71.9632
71.9632
71.9632
71.9632
71.9632
71.9632
71.9632
71.9632
71.9632
71.9632
71.9632
71.9632
71.9632
71.9632
71.9632
71.9632
71.9632
71.9632
71.9632
71.9632
71.9632
71.9632
71.9632
71.9632
71.9632
71.9632
71.9632
71.9632
71.9632
71.9632
71.9632
71.9632
71.9632
71.9632
71.9632
71.9632
71.9632
71.9632
71.9632
71.9632
71.9632
71.9632
71.9632
71.9632
71.9632
71.9632
71.9632
71.9632
71.9632
71.9632
71.9632
71.9632
71.9632
71.9632
71.9632
71.9632
71.9632
71.9632
71.9632
71.9632
71.9632
71.9632
71.9632
71.9632
71.9632
71.9632
71.9632
71.9632
71.9632
71.9632
71.9632
71.9632
71.9632
71.9632
71.9632
71.9632
71.9632
71.9632
71.9632
71.9632
71.9632
71.9632
71.9632
71.9632
71.9632
71.9632
71.9632
71.9632
71.9632
71.9632
71.9632
71.9632
71.9632
71.9632
71.9632
71.9632
71.9632
71.9632
71.9632
71.9632
71.9632
71.9632
71.9632
71.9632
71.9632
71.9632
71.9632
71.9632
71.9632
71.9632
71.9632
71.9632
71.9632
71.9632
71.9632
71.9632
71.9632
71.9632
71.9632
71.9632
71.9632
71.9632
71.9632
71.9632
71.9632
71.9632
71.9632
71.9632
71.9632
71.7438
71.7438
71.7438
71.7438
71.7438
71.7438
71.7438
71.7438
71.7438
71.7438
71.7438
71.7438
71.7438
71.7438
71.7438
71.7438
71.7438
71.7438
71.7438
71.7438
71.7438
71.7438
71.7438
71.7438
71.7438
71.7438
71.7438
71.7438
71.7438
71.7438
71.7438
71.7438
71.7438
71.7438
71.7438
71.7438
71.7438
71.7438
71.7438
71.7438
71.7438
71.7438
71.7438
71.7438
71.7438
71.7438
71.7438
71.7438
71.7438
71.7438
71.7438
71.7438
71.7438
71.7438
71.7438
71.7438
71.7438
71.7438
71.7438
71.7438
71.7438
71.7438
71.7438
71.7438
71.7438
71.7438
71.7438
71.7438
71.7438
71.7438
71.7438
71.7438
71.7438
71.7438
71.7438
71.7438
71.7438
71.7438
71.7438
71.7438
71.7438
71.7438
71.7438
71.7438
71.7438
71.7438
71.7438
71.7438
71.7438
71.7438
71.7438
71.7438
71.7438
71.7438
71.7438
71.7438
71.7438
71.7438
71.7438
71.7438
71.7438
71.7438
71.7438
71.7438
71.7438
71.7438
71.7438
71.7438
71.7438
71.7438
71.7438
71.7438
71.7438
71.7438
71.7438
71.7438
71.7438
71.7438
71.7438
71.7438
71.7438
71.7438
71.7438
71.7438
71.7438
71.7438
71.7438
71.7438
71.7438
71.7438
71.7438
71.7438
71.7438
71.7438
71.7438
71.7438
71.7438
71.7438
71.7438
71.7438
71.7438
71.7438
71.7438
71.7438
71.7438
71.7438
71.7438
71.7438
71.7438
71.7438
71.7438
71.7438
71.7438
71.7438
71.7438
71.7438
71.7438
71.7438
71.7438
71.7438
71.7438
71.7438
71.7438
71.7438
71.7438
71.7438
71.7438
71.7438
71.7438
71.7438
71.7438
71.7438
71.7438
71.7438
71.7438
71.7438
71.7438
71.7438
71.7438
71.7438
71.7438
71.7438
71.7438
71.7438
71.7438
71.7438
71.7438
71.7438
71.7438
71.7438
71.7438
71.7438
71.7438
71.7438
71.7438
71.7438
71.7438
71.7438
71.7438
71.7438
71.7438
71.7438
71.7438
71.7438
71.7438
71.7438
71.7438
71.7438
71.7438
71.7438
71.7438
71.7438
71.7438
71.7438
71.7438
71.7438
71.7438
71.7438
71.7438
71.7438
71.7438
71.7438
71.7438
71.7438
71.7438
71.7438
71.7438
71.7438
71.7438
71.7438
71.7438
71.7438
71.7438
71.7438
71.7438
71.7438
71.7438
71.7438
71.7438
71.7438
71.7438
71.7438
71.7438
71.7438
71.7438
71.7438
71.7438
71.7438
71.7438
71.7438
71.7438
71.7438
71.7438
71.7438
71.7438
71.7438
71.7438
71.7438
71.7438
71.7438
71.7438
71.7438
71.7438
71.7438
71.7438
71.7438
71.7438
71.7438
71.7438
71.7438
71.7438
71.7438
71.7438
71.7438
71.7438
71.7438
71.7438
71.7438
71.7438
71.7438
71.7438
71.7438
71.7438
71.7438
71.7438
71.7438
71.7438
71.7438
71.7438
71.7438
71.7438
71.7438
71.7438
71.7438
71.7438
71.7438
71.7438
71.7438
71.7438
71.7438
71.7438
71.7438
71.7438
71.7438
71.7438
71.7438
71.7438
71.7438
71.7438
71.7438
71.7438
71.7438
71.7438
71.7438
71.7438
71.7438
71.7438
71.7438
71.7438
71.7438
71.7438
71.7438
71.7438
71.7438
71.7438
71.7438
71.7438
71.7438
71.7438
71.7438
71.7438
71.7438
71.7438
71.7438
71.7438
71.7438
71.7438
71.7438
71.7438
71.7438
71.7438
71.7438
71.7438
71.7438
71.7438
71.7438
71.7438
71.7438
71.7438
71.7438
71.7438
71.7438
71.7438
71.7438
71.7438
71.7438
71.7438
71.7438
71.7438
71.7438
71.7438
71.7438
71.7438
71.7438
71.7438
71.7438
71.7438
71.7438
71.7438
71.7438
71.7438
71.7438
71.7438
71.7438
71.7438
71.7438
71.7438
71.7438
71.7438
71.7438
71.7438
71.7438
71.7438
71.7438
71.7438
71.7438
71.7438
71.7438
71.7438
71.7438
71.7438
71.7438
71.7438
71.7438
71.7438
71.7438
71.7438
71.7438
71.7438
71.7438
71.7438
71.7438
71.7438
71.7438
71.7438
71.7438
71.7438
71.7438
71.7438
71.7438
71.7438
71.7438
71.7438
71.7438
71.7438
71.7438
71.7438
71.7438
71.7438
71.7438
71.7438
71.7438
71.7438
71.7438
71.7438
71.7438
71.7438
71.7438
71.7438
71.7438
71.7438
71.7438
71.7438
71.7438
71.7438
71.7438
71.7438
71.7438
71.7438
71.7438
71.7438
71.7438
71.7438
71.7438
71.7438
71.7438
71.7438
71.7438
71.7438
71.7438
71.7438
71.7438
71.7438
71.7438
71.7438
71.7438
71.7438
71.7438
71.7438
71.7438
71.7438
71.7438
71.7438
71.7438
71.7438
71.7438
71.7438
71.7438
71.7438
71.7438
71.7438
71.7438
71.7438
71.7438
71.7438
71.7438
71.7438
71.7438
71.7438
71.7438
71.7438
71.7438
71.7438
71.7438
71.7438
71.7438
71.7438
71.7438
71.7438
71.7438
71.7438
71.7438
71.7438
71.7438
71.7438
71.7438
71.7438
71.7438
71.7438
71.7438
71.7438
71.7438
71.7438
71.7438
71.7438
71.7438
71.7438
71.7438
71.7438
71.7438
71.7438
71.7438
71.7438
71.7438
71.7438
71.7438
71.7438
71.7438
71.7438
71.7438
71.7438
71.7438
71.7438
71.7438
71.7438
71.7438
71.7438
71.7438
71.7438
71.7438
71.7438
71.7438
71.7438
71.7438
71.7438
71.7438
71.7438
71.7438
71.7438
71.7438
71.7438
71.7438
71.7438
71.7438
71.7438
71.7438
71.7438
71.7438
71.7438
71.7438
71.7438
71.7438
71.7438
71.7438
71.7438
71.7438
71.7438
71.7438
71.7438
71.7438
71.7438
71.7438
71.7438
71.7438
71.7438
71.7438
71.7438
71.7438
71.7438
71.7438
71.7438
71.7438
71.7438
71.7438
71.7438
71.7438
71.7438
71.7438
71.7438
71.7438
71.7438
71.7438
71.7438
71.7438
71.7438
71.7438
71.7438
71.7438
71.7438
71.7438
71.7438
71.7438
71.7438
71.7438
71.7438
71.7438
71.7438
71.7438
71.7438
71.7438
71.7438
71.7438
71.7438
71.7438
71.7438
71.7438
71.7438
71.7438
71.7438
71.7438
71.7438
71.7438
71.7438
71.7438
71.7438
71.7438
71.7438
71.7438
71.7438
71.7438
71.7438
71.7438
71.7438
71.2698
71.2698
71.2698
71.2698
71.2698
71.2698
71.2698
71.2698
71.2698
71.2698
71.2698
71.2698
71.2698
71.2698
71.2698
71.2698
71.2698
71.2698
71.2698
71.2698
71.2698
71.2698
71.2698
71.2698
71.2698
71.2698
71.2698
71.2698
71.2698
71.2698
71.2698
71.2698
71.2698
71.2698
71.2698
71.2698
71.2698
71.2698
71.2698
71.2698
71.2698
71.2698
71.2698
71.2698
71.2698
71.2698
71.2698
71.2698
71.2698
71.2698
71.2698
71.2698
71.2698
71.2698
71.2698
71.2698
71.2698
71.2698
71.2698
71.2698
71.2698
71.2698
71.2698
71.2698
71.2698
71.2698
71.2698
71.2698
71.2698
71.2698
71.2698
71.2698
71.2698
71.2698
71.2698
71.2698
71.2698
71.2698
71.2698
71.2698
71.2698
71.2698
71.2698
71.2698
71.2698
71.2698
71.2698
71.2698
71.2698
71.2698
71.2698
71.2698
71.2698
71.2698
71.2698
71.2698
71.2698
71.2698
71.2698
71.2698
71.2698
71.2698
71.2698
71.2698
71.2698
71.2698
71.2698
71.2698
71.2698
71.2698
71.2698
71.2698
71.2698
71.2698
71.2698
71.2698
71.2698
71.2698
71.2698
71.2698
71.2698
71.2698
71.2698
71.2698
71.2698
71.2698
71.2698
71.2698
71.2698
71.2698
71.2698
71.2698
71.2698
71.2698
71.2698
71.2698
71.2698
71.2698
71.2698
71.2698
71.2698
71.2698
71.2698
71.2698
71.2698
71.2698
71.2698
71.2698
71.2698
71.2698
71.2698
71.2698
71.2698
71.2698
71.2698
71.2698
71.2698
71.2698
71.2698
71.2698
71.2698
71.2698
71.2698
71.2698
71.2698
71.2698
71.2698
71.2698
71.2698
71.2698
71.2698
71.2698
71.2698
71.2698
71.2698
71.2698
71.2698
71.2698
71.2698
71.2698
71.2698
71.2698
71.2698
71.2698
71.2698
71.2698
71.2698
71.2698
71.2698
71.2698
71.2698
71.2698
71.2698
71.2698
71.2698
71.2698
71.2698
71.2698
71.2698
71.2698
71.2698
71.2698
71.2698
71.2698
71.2698
71.2698
71.2698
71.2698
71.2698
71.2698
71.2698
71.2698
71.2698
71.2698
71.2698
71.2698
71.2698
71.2698
71.2698
71.2698
71.2698
71.2698
71.2698
71.2698
71.2698
71.2698
71.2698
71.2698
71.2698
71.2698
71.2698
71.2698
71.2698
71.2698
71.2698
71.2698
71.2698
71.2698
71.2698
71.2698
71.2698
71.2698
71.2698
71.2698
71.2698
71.2698
71.2698
71.2698
71.2698
71.2698
71.2698
71.2698
71.2698
71.2698
71.2698
71.2698
71.2698
71.2698
71.2698
71.2698
71.2698
71.2698
71.2698
71.2698
71.2698
71.2698
71.2698
71.2698
71.2698
71.2698
71.2698
71.2698
71.2698
71.2698
71.2698
71.2698
71.2698
71.2698
71.2698
71.2698
71.2698
71.2698
71.2698
71.2698
71.2698
71.2698
71.2698
71.2698
71.2698
71.2698
71.2698
71.2698
71.2698
71.2698
71.2698
71.2698
71.2698
71.2698
71.2698
71.2698
71.2698
71.2698
71.2698
71.2698
71.2698
71.2698
71.2698
71.2698
71.2698
71.2698
71.2698
71.2698
71.2698
71.2698
71.2698
71.2698
71.2698
71.2698
71.2698
71.2698
71.2698
71.2698
71.2698
71.2698
71.2698
71.2698
71.2698
71.2698
71.2698
71.2698
71.2698
71.2698
71.2698
71.2698
71.2698
71.2698
71.2698
71.2698
71.2698
71.2698
71.2698
71.2698
71.2698
71.2698
71.2698
71.2698
71.2698
71.2698
71.2698
71.2698
71.2698
71.2698
71.2698
71.2698
71.2698
71.2698
71.2698
71.2698
71.2698
71.2698
71.2698
71.2698
71.2698
71.2698
71.2698
71.2698
71.2698
71.2698
71.2698
71.2698
71.2698
71.2698
71.2698
71.2698
71.2698
71.2698
71.2698
71.2698
71.2698
71.2698
71.2698
71.2698
71.2698
71.2698
71.2698
71.2698
71.2698
71.2698
71.2698
71.2698
71.2698
71.2698
71.2698
71.2698
71.2698
71.2698
71.2698
71.2698
71.2698
71.2698
71.2698
71.2698
71.2698
71.2698
71.2698
71.2698
71.2698
71.2698
71.2698
71.2698
71.2698
71.2698
71.2698
71.2698
71.2698
71.2698
71.2698
71.2698
71.2698
71.2698
71.2698
71.2698
71.2698
71.2698
71.2698
71.2698
71.2698
71.2698
71.2698
71.2698
71.2698
71.2698
71.2698
71.2698
71.2698
71.2698
71.2698
71.2698
71.2698
71.2698
71.2698
71.2698
71.2698
71.2698
71.2698
71.2698
71.2698
71.2698
71.2698
71.2698
71.2698
71.2698
71.2698
71.2698
71.2698
71.2698
71.2698
71.2698
71.2698
71.2698
71.2698
71.2698
71.2698
71.2698
71.2698
71.2698
71.2698
71.2698
71.2698
71.2698
71.2698
71.2698
71.2698
71.2698
71.2698
71.2698
71.2698
71.2698
71.2698
71.2698
71.2698
71.2698
71.2698
71.2698
71.2698
71.2698
71.2698
71.2698
71.2698
71.2698
71.2698
71.2698
71.2698
71.2698
71.2698
71.2698
71.2698
71.2698
71.2698
71.2698
71.2698
71.2698
71.2698
71.2698
71.2698
71.2698
71.2698
71.2698
71.2698
71.2698
71.2698
71.2698
71.2698
71.2698
71.2698
71.2698
71.2698
71.2698
71.2698
71.2698
71.2698
71.2698
71.2698
71.2698
71.2698
71.2698
71.2698
71.2698
71.2698
71.2698
71.2698
71.2698
71.2698
71.2698
71.2698
71.2698
71.2698
71.2698
71.2698
71.2698
71.2698
71.2698
71.2698
71.2698
71.2698
71.2698
71.2698
71.2698
71.2698
71.2301
71.2301
71.2301
71.2301
71.2301
71.2301
71.2301
71.2281
71.2281
71.2281
71.2281
71.2281
71.2281
71.2281
71.2281
71.2281
71.2281
71.2281
71.2281
71.2281
71.2281
71.2281
71.2281
71.2281
71.2281
71.2281
71.2281
71.2281
71.2281
71.2281
71.2281
71.2281
71.2281
71.2281
71.2281
71.2281
71.2281
71.2281
71.2281
71.2281
71.2281
71.2281
71.2281
71.2281
71.2281
71.2281
71.2281
71.2281
71.2281
71.2281
71.2281
71.2281
71.2281
71.2281
71.2281
71.2281
71.2281
71.2281
71.2281
71.2281
71.2281
71.2281
71.2281
71.2281
71.2281
71.2281
71.2281
71.2281
71.2281
71.2281
71.2281
71.2281
71.2281
71.2281
71.2281
71.2281
71.2281
71.2281
71.2281
71.2281
71.2281
71.2281
71.2281
71.2281
71.2281
71.2281
71.2281
71.2281
71.2281
71.2281
71.2281
71.2281
71.2281
71.2281
71.2281
71.2281
71.2281
71.2281
71.2281
71.2281
71.2281
71.2281
71.2281
71.2281
71.2281
71.2281
71.2281
71.2281
71.2281
71.2281
71.2281
71.2281
71.2281
71.2281
71.2281
71.2281
71.2281
71.2281
71.2281
71.2281
71.2281
71.2281
71.2281
71.2281
71.2281
71.2281
71.2281
71.2281
71.2281
71.2281
71.2281
71.2281
71.2281
71.2281
71.2281
71.2281
71.2281
71.2281
71.2281
71.2281
71.2281
71.2281
71.2281
71.2281
71.2281
71.2281
71.2281
71.2281
71.2281
71.2281
71.2281
71.2281
71.2281
71.2281
71.2281
71.2281
71.2281
71.2281
71.2281
71.2281
71.2281
71.2281
71.2281
71.2281
71.2281
71.2281
71.2281
71.2281
71.2281
71.2281
71.2281
71.2281
71.2281
71.2281
71.2281
71.2281
71.2281
71.2281
71.2281
71.2281
71.2281
71.2281
71.2281
71.2281
71.2281
71.2281
71.2281
71.2281
71.2281
71.2281
71.2281
71.2281
71.2281
71.2281
71.2281
71.2281
71.2281
71.2281
71.2281
71.2281
71.2281
71.2281
71.2281
71.2281
71.2281
71.2281
71.2281
71.2281
71.2281
71.2281
71.2281
71.2281
71.2281
71.2281
71.2281
71.2281
71.2281
71.2281
71.2281
71.2281
71.2281
71.2281
71.2281
71.2281
71.2281
71.2281
71.2281
71.2281
71.2281
71.2281
71.2281
71.2281
71.2281
71.2281
71.2281
71.2281
71.2281
71.2281
71.2281
71.2281
71.2281
71.2281
71.2281
71.2281
71.2281
71.2281
71.2281
71.2281
71.2281
71.2281
71.2281
71.2281
71.2281
71.2281
71.2281
71.2281
71.2281
71.2281
71.2281
71.2281
71.2281
71.2281
71.2281
71.2281
71.2281
71.2281
71.2281
71.2281
71.2281
71.2281
71.2281
71.2281
71.2281
71.2281
71.2281
71.2281
71.2281
71.2281
71.2281
71.2281
71.2281
71.2281
71.2281
71.2281
71.2281
71.1535
71.1535
71.1535
71.1535
71.1535
71.1535
71.1535
71.1535
71.1535
71.1535
71.1535
71.1535
71.1535
71.1535
71.1535
71.1535
71.1535
71.1535
71.1535
71.1535
71.1535
71.1535
71.1535
71.1535
71.1535
71.1535
70.5992
70.5992
70.5992
70.5992
70.5992
70.5992
70.5992
70.5992
70.5992
70.5992
70.5992
70.5992
70.5992
70.5992
70.5992
70.5992
70.5992
70.5992
70.5992
70.5992
70.5992
70.5992
70.5992
70.5992
70.5992
70.5992
70.5992
70.5992
70.5992
70.5992
70.5992
70.5992
70.5992
70.5992
70.5992
70.5992
70.5992
70.5992
70.5992
70.5992
70.5992
70.5992
70.5992
70.5992
70.5992
70.5992
70.5992
70.5992
70.5992
70.5992
70.5992
70.5992
70.5992
70.5992
70.5992
70.5992
70.5992
70.5992
70.5992
70.5992
70.5992
70.5992
70.5992
70.5992
70.5992
70.5992
70.5992
70.5992
70.5992
70.5992
70.5992
70.5992
70.5992
70.5992
70.5992
70.5992
70.5992
70.5992
70.5992
70.5992
70.5992
70.5992
70.5992
70.5992
70.5992
70.5992
70.5992
70.5992
70.5992
70.5992
70.5992
70.5992
70.5992
70.5992
70.5992
70.5992
70.5992
70.5992
70.5992
70.5992
70.5992
70.5992
70.5992
70.5992
70.5992
70.5992
70.5992
70.5992
70.5992
70.5992
70.5992
70.5992
70.5992
70.5992
70.5992
70.5992
70.5992
70.5992
70.5992
70.5992
70.5992
70.5992
70.5992
70.5992
70.5992
70.5992
70.5992
70.5992
70.5992
70.5992
70.5992
70.5992
70.5992
70.5992
70.5992
70.5992
70.5992
70.5992
70.5992
70.5992
70.5992
70.5992
70.5992
70.5992
70.5992
70.5992
70.5992
70.5992
70.5992
70.5992
70.5992
70.5992
70.5992
70.5992
70.5992
70.5992
70.5992
70.5992
70.5992
70.5992
70.5992
70.5992
70.5992
70.5992
70.5992
70.5992
70.5992
70.5992
70.5992
70.5992
70.5992
70.5992
70.5992
70.5992
70.5992
70.5992
70.0559
70.0559
70.0559
70.0559
70.0559
70.0559
70.0559
70.0559
70.0559
70.0559
70.0559
70.0559
70.0559
70.0559
70.0559
70.0559
70.0559
70.0559
70.0559
70.0559
70.0559
70.0559
70.0559
70.0559
70.0559
70.0559
70.0559
70.0559
70.0559
70.0559
70.0559
70.0559
70.0559
70.0559
70.0559
70.0559
70.0559
70.0559
70.0559
70.0559
70.0559
70.0559
70.0559
70.0559
70.0559
70.0559
70.0559
70.0559
70.0559
70.0559
70.0559
70.0559
70.0559
70.0559
70.0559
70.0559
70.0559
70.0559
70.0559
70.0559
70.0559
70.0559
70.0559
70.0559
69.7659
69.7659
69.7659
69.7659
69.7659
69.7659
69.7659
69.7659
69.7659
69.7659
69.7659
69.7659
69.7659
69.7659
69.7659
69.7659
69.7659
69.7659
69.7659
69.7659
69.7659
69.7659
69.7659
69.7659
69.7659
69.7659
69.7659
69.7659
69.7659
69.7659
69.7659
69.7659
69.7659
69.7659
69.7659
69.7659
69.7659
69.7659
69.7659
69.7659
69.7659
69.7659
69.7659
69.7659
69.7659
69.7659
69.7659
69.7659
69.7659
69.7659
69.7659
69.7659
69.7659
69.7659
69.7659
69.7659
69.7659
69.7659
69.7659
69.7659
69.7659
69.7659
69.7659
69.7659
69.7659
69.7659
69.7659
69.7659
69.7659
69.7659
69.7659
69.7659
69.7659
69.7659
69.7659
69.7659
69.7659
69.7659
69.7659
69.7659
69.7659
69.7659
69.7659
69.7659
69.7659
69.7659
69.7659
69.7659
69.7659
69.7659
69.7659
69.7659
69.7659
69.7659
69.7659
69.7659
69.7659
69.7659
69.7659
69.7659
69.7659
69.7659
69.7659
69.7659
69.7659
69.7659
69.7659
69.7659
69.7659
69.7659
69.7659
69.7659
69.7659
69.7659
69.7659
69.7659
69.7659
69.7659
69.7659
69.7659
69.7659
69.7659
69.7659
69.7659
69.7659
69.7659
69.7659
69.7659
69.7659
69.7659
69.7659
69.7659
69.7659
69.7659
69.7659
69.7659
69.7659
69.7659
69.7659
69.7659
69.7659
69.7659
69.7659
69.7659
69.7659
69.7659
69.7659
69.7659
69.7659
69.7659
69.7659
69.7659
69.7659
69.7659
69.7659
69.7659
69.7659
69.7659
69.7659
69.7659
69.7659
69.7659
69.7659
69.7659
69.7659
69.7659
69.7659
69.7659
69.7659
69.7659
69.7659
69.7659
69.7659
69.7659
69.7659
69.7659
69.7659
69.7659
69.7659
69.7659
69.7659
69.7659
69.7659
69.7659
69.7659
69.7659
69.7659
69.7659
69.7659
69.7659
69.7659
69.7659
69.7659
69.7659
69.7659
69.7659
69.7659
69.7659
69.7659
69.7659
69.7659
69.7659
69.7659
69.7659
69.7659
69.7659
69.7659
69.7659
69.7659
69.7659
69.7659
69.7659
69.7659
69.7659
69.7659
69.7659
69.7659
69.7659
69.7659
69.7659
69.7659
69.7659
69.7659
69.7659
69.7659
69.7659
69.7659
69.7659
69.7659
69.7659
69.7659
69.7659
69.7659
69.7659
69.7659
69.7659
69.7659
69.7659
69.7659
69.7659
69.7659
69.7659
69.7659
69.7659
69.7659
69.7659
69.7659
69.7659
69.7659
69.7659
69.7659
69.7659
69.7659
69.7659
69.7659
69.7659
69.7659
69.7659
69.7659
69.7659
69.7659
69.7659
69.7659
69.7659
69.7659
69.7659
69.7659
69.7659
69.7659
69.7659
69.7659
69.7659
69.7659
69.7659
69.7659
69.7659
69.7659
69.7659
69.7659
69.7659
69.7659
69.7659
69.7659
69.7659
69.7659
69.7659
69.7659
69.7659
69.7659
69.7659
69.7659
69.7659
69.7659
69.7659
69.7659
69.7659
69.7659
69.7659
69.7659
69.7659
69.7659
69.7659
69.7659
69.7659
69.7659
69.7659
69.7659
69.7659
69.7659
69.7659
69.7659
69.7659
69.7659
69.7659
69.7659
69.7659
69.7659
69.7659
69.7659
69.7659
69.7659
69.7659
69.7659
69.7659
69.7659
69.7659
69.7659
69.7659
69.7659
69.7659
69.7659
69.7659
69.7659
69.7659
69.7659
69.7659
69.7659
69.7659
69.7659
69.7659
69.7659
69.7659
69.7659
69.7659
69.7659
69.7659
69.7659
69.7659
69.7659
69.7659
69.7659
69.7659
69.7659
69.7659
69.7659
69.7659
69.7659
69.7659
69.7659
69.7659
69.7659
69.7659
69.7659
69.7659
69.7659
69.7659
69.7659
69.7659
69.7659
69.7659
69.7659
69.7659
69.7659
69.7659
69.7659
69.7659
69.7659
69.7659
69.7659
69.7659
69.7659
69.7659
69.7659
69.7659
69.7659
69.7659
69.7659
69.7659
69.7659
69.7659
69.7659
69.7659
69.7659
69.7659
69.7659
69.7659
69.7659
69.7659
69.7659
69.7659
69.7659
69.7659
69.0559
69.0559
69.0559
69.0559
69.0559
69.0559
69.0559
69.0559
69.0559
69.0559
69.0559
69.0559
69.0559
69.0559
69.0559
69.0559
69.0559
69.0559
69.0559
69.0559
69.0559
69.0559
69.0559
69.0559
69.0559
69.0559
69.0559
69.0559
69.0559
69.0559
69.0559
69.0559
69.0559
69.0559
69.0559
69.0559
69.0559
69.0559
69.0559
69.0559
69.0559
69.0559
69.0559
69.0559
69.0559
69.0559
69.0559
69.0559
69.0559
69.0559
69.0559
69.0559
69.0559
69.0559
69.0559
69.0559
69.0559
69.0559
69.0559
69.0559
69.0559
69.0559
69.0559
69.0559
69.0559
69.0559
69.0559
69.0559
69.0559
69.0559
69.0559
69.0559
69.0559
69.0559
69.0559
69.0559
69.0559
69.0559
69.0559
69.0559
69.0559
69.0559
69.0559
69.0559
69.0559
69.0559
69.0559
69.0559
69.0559
69.0559
69.0559
69.0559
69.0559
69.0559
69.0559
69.0559
69.0559
69.0559
69.0559
69.0559
69.0559
69.0559
69.0559
69.0559
69.0559
69.0559
69.0559
69.0559
69.0559
69.0559
69.0559
69.0559
69.0559
69.0559
69.0559
69.0559
69.0559
69.0559
69.0559
69.0559
69.0559
69.0559
69.0559
69.0559
69.0559
69.0559
69.0559
69.0559
69.0559
69.0559
69.0559
69.0559
69.0559
69.0559
69.0559
69.0559
69.0559
69.0559
69.0559
69.0559
69.0559
69.0559
69.0559
69.0559
69.0559
69.0559
69.0559
69.0559
69.0559
69.0559
69.0559
69.0559
69.0559
69.0559
69.0559
69.0559
69.0559
69.0559
69.0559
69.0559
69.0559
69.0559
69.0559
69.0559
69.0559
69.0559
69.0559
69.0559
69.0559
69.0559
69.0559
69.0559
69.0559
69.0559
69.0559
69.0559
69.0559
69.0559
69.0559
69.0559
69.0559
69.0559
69.0559
69.0559
69.0559
69.0559
69.0559
69.0559
69.0559
69.0559
69.0559
69.0559
69.0559
69.0559
69.0559
69.0559
69.0559
69.0559
69.0559
69.0559
69.0559
69.0559
69.0559
69.0559
69.0559
69.0559
69.0559
69.0559
69.0559
69.0559
69.0559
69.0559
69.0559
69.0559
69.0559
69.0559
69.0559
69.0559
69.0559
69.0559
69.0559
69.0559
69.0559
69.0559
69.0559
69.0559
69.0559
69.0559
69.0559
69.0559
69.0559
69.0559
69.0559
69.0559
69.0559
69.0559
69.0559
69.0559
69.0559
69.0559
69.0559
69.0559
69.0559
69.0559
69.0559
69.0559
69.0559
69.0559
69.0559
69.0559
69.0559
69.0559
69.0559
69.0559
69.0559
69.0559
69.0559
69.0559
69.0559
69.0559
69.0559
69.0559
69.0559
69.0559
69.0559
69.0559
69.0559
69.0559
69.0559
69.0559
69.0559
69.0559
69.0559
69.0559
69.0559
69.0559
69.0559
69.0559
69.0559
69.0559
69.0559
69.0559
69.0559
69.0559
69.0559
69.0559
69.0559
69.0559
69.0559
69.0559
69.0559
69.0559
69.0559
69.0559
69.0559
69.0559
69.0559
69.0559
69.0559
69.0559
69.0559
69.0559
69.0559
69.0559
69.0559
69.0559
69.0559
69.0559
69.0559
69.0559
69.0559
69.0559
69.0559
69.0559
69.0559
69.0559
69.0559
69.0559
69.0559
69.0559
69.0559
69.0559
69.0559
69.0559
69.0559
69.0559
69.0559
69.0559
69.0559
69.0559
69.0559
69.0559
69.0559
69.0559
69.0559
69.0559
69.0559
69.0559
69.0559
69.0559
69.0559
69.0559
69.0559
69.0559
69.0559
69.0559
69.0559
69.0559
69.0559
69.0559
69.0559
69.0559
69.0559
69.0559
69.0559
69.0559
69.0559
69.0559
69.0559
69.0559
69.0559
69.0559
69.0559
69.0559
69.0559
69.0559
69.0559
69.0559
69.0559
69.0559
69.0559
69.0559
69.0559
69.0559
69.0559
69.0559
69.0559
69.0559
69.0559
69.0559
69.0559
69.0559
69.0559
69.0559
69.0559
69.0559
69.0559
69.0559
69.0559
69.0559
69.0559
69.0559
69.0559
69.0559
69.0559
69.0559
69.0559
69.0559
69.0559
69.0559
69.0559
69.0559
69.0559
69.0559
69.0559
69.0559
69.0559
69.0559
69.0559
69.0559
69.0559
69.0559
69.0559
69.0559
69.0559
69.0559
69.0559
69.0559
69.0559
69.0559
69.0559
69.0559
69.0559
69.0559
69.0559
69.0559
69.0559
69.0559
69.0559
69.0559
69.0559
69.0559
69.0559
69.0559
69.0559
69.0559
69.0559
69.0559
69.0559
69.0559
69.0559
69.0559
69.0559
69.0559
69.0559
69.0559
69.0559
69.0559
69.0559
69.0559
69.0559
69.0559
69.0559
69.0559
69.0559
69.0559
69.0559
69.0559
69.0559
69.0559
69.0559
69.0559
69.0559
69.0559
69.0559
69.0559
69.0559
69.0559
69.0559
69.0559
69.0559
69.0559
69.0559
69.0559
69.0559
69.0559
69.0559
69.0559
69.0559
69.0559
69.0559
69.0559
69.0559
69.0559
69.0559
69.0559
69.0559
69.0559
69.0559
69.0559
69.0559
69.0559
69.0559
69.0559
69.0559
69.0559
69.0559
69.0559
69.0559
69.0559
69.0559
69.0559
69.0559
69.0559
69.0559
69.0559
69.0559
69.0559
69.0559
69.0559
69.0559
69.0559
69.0559
69.0559
69.0559
69.0559
69.0559
69.0559
69.0559
69.0559
69.0559
69.0559
69.0559
69.0559
69.0559
69.0559
69.0559
69.0559
69.0559
69.0559
69.0559
69.0559
69.0559
69.0559
69.0559
69.0559
69.0559
69.0559
69.0559
69.0559
69.0559
69.0559
69.0559
69.0559
69.0559
69.0559
69.0559
69.0559
69.0559
69.0559
69.0559
69.0559
69.0559
69.0559
69.0559
69.0559
69.0559
69.0559
69.0559
69.0559
69.0559
69.0559
69.0559
69.0559
69.0559
69.0559
69.0559
69.0559
69.0559
69.0559
69.0559
69.0559
69.0559
69.0559
69.0559
69.0559
69.0559
69.0559
69.0559
69.0559
69.0559
69.0559
69.0559
69.0559
69.0559
69.0559
69.0559
69.0559
69.0559
69.0559
69.0559
69.0559
69.0559
69.0559
69.0559
69.0559
69.0559
69.0559
69.0559
69.0559
69.0559
69.0559
69.0559
69.0559
69.0559
69.0559
69.0559
69.0559
69.0559
69.0559
69.0559
69.0559
69.0559
69.0559
69.0559
69.0559
69.0559
69.0559
69.0559
69.0559
69.0559
69.0559
69.0559
69.0559
69.0559
69.0559
69.0559
69.0559
69.0559
69.0559
69.0559
69.0559
69.0559
69.0559
69.0559
69.0559
69.0559
69.0559
69.0559
69.0559
69.0559
69.0559
69.0559
69.0559
69.0559
69.0559
69.0559
69.0559
69.0559
69.0559
69.0559
69.0559
69.0559
69.0559
69.0559
69.0559
69.0559
69.0559
69.0559
69.0559
69.0559
69.0559
69.0559
69.0559
69.0559
69.0559
69.0559
69.0559
69.0559
69.0559
69.0559
69.0559
69.0559
69.0559
69.0559
69.0559
69.0559
69.0559
69.0559
69.0559
69.0559
69.0559
69.0559
69.0559
69.0559
69.0559
69.0559
69.0559
69.0559
69.0506
69.0506
69.0506
69.0506
69.0506
69.0325
69.0325
69.0325
69.0325
69.0325
69.0325
69.0325
68.5257
68.5257
68.5257
68.5257
68.5257
68.5257
68.5257
68.5257
68.5257
68.5257
68.5257
68.5257
68.5257
68.5257
68.5257
68.5257
68.5257
68.5257
68.5257
68.5257
68.5257
68.5257
68.5257
68.5257
68.5257
68.5257
68.5257
68.5257
68.5257
68.5257
68.5257
68.5257
68.5257
68.5257
68.5257
68.5257
68.5257
68.5257
68.5257
68.5257
68.5257
68.5257
68.5257
68.5257
68.5257
68.5257
68.5257
68.5257
68.5257
68.5257
68.5257
68.5257
68.5257
68.5257
68.5257
68.5257
68.5257
68.5257
68.5257
68.5257
68.5257
68.5257
68.5257
68.5257
68.5257
68.5257
68.5257
68.5257
68.3703
68.3703
68.3703
68.3703
68.3703
68.3703
68.3703
68.3703
68.3703
68.3703
68.3703
68.3703
68.3703
68.3703
68.3703
68.3703
68.3703
68.3703
68.3703
68.3703
68.3703
68.3703
68.3703
68.3703
68.3703
68.3703
68.3703
68.3703
68.3703
68.3703
68.3703
68.3703
68.3703
68.3703
68.3703
68.3703
68.3703
68.3703
68.3703
68.3703
68.3703
68.3703
68.3703
68.3703
68.3703
68.3703
68.3703
68.3703
68.3703
68.3703
68.3703
68.3703
68.3703
68.3703
68.3703
68.3703
68.3703
68.3703
68.3703
68.3703
68.3703
68.3703
68.3703
68.3703
68.3703
68.3703
68.3703
68.3703
68.3703
68.3703
68.3703
68.3703
68.3703
68.3703
68.3703
68.3703
68.3703
68.3703
68.3703
68.3703
68.3703
68.3703
68.3703
68.3703
68.3703
68.3703
68.3703
68.3703
68.3703
68.3703
68.3703
68.3703
68.3703
68.3703
68.3703
68.3703
68.3703
68.3703
68.3703
68.3703
68.3703
68.3703
68.3703
68.3703
68.3703
68.3703
68.3703
68.3703
68.3703
68.3703
68.3703
68.3703
68.3703
68.3703
68.3703
68.3703
68.3703
68.3703
68.3703
68.3703
68.3703
68.3703
68.3703
68.3703
68.3703
68.3703
68.3703
68.3703
68.3703
68.3703
68.3703
68.3703
68.3703
68.3703
68.3703
68.3703
68.3703
68.3703
68.3703
68.3703
68.3703
68.3703
68.3703
68.3703
68.3703
68.3703
68.3703
68.3703
68.3703
68.3703
68.3703
68.3703
68.3703
68.3703
68.3703
68.3703
68.3703
68.3703
68.3703
68.3703
68.3703
68.3703
68.3703
68.3703
68.3703
68.3703
68.3703
68.3703
68.3703
68.3703
68.3703
68.3703
68.3703
68.3703
68.3703
68.3703
68.3703
68.3703
68.3703
68.3703
68.3703
68.3703
68.3703
68.3703
68.3703
68.3703
68.3703
68.3703
68.3703
68.3703
68.3703
68.3703
68.3703
68.3703
68.3703
68.3703
68.3703
68.3703
68.3703
68.3703
68.3703
68.3703
68.3703
68.3703
68.3703
68.3703
68.3703
68.3703
68.3703
68.3703
68.3703
68.3703
68.3703
68.3703
68.3703
68.3703
68.3703
68.3703
68.3703
68.3703
68.3703
68.3703
68.3703
68.3703
68.3703
68.3703
68.3703
68.3703
68.3703
68.3703
68.3703
68.3703
68.3703
68.3703
68.3703
68.3703
68.3703
68.3703
68.3703
68.3703
68.3703
68.3703
68.3703
68.3703
68.3703
68.3703
68.3703
68.3703
68.3703
68.3703
68.3703
68.3703
68.3703
68.3703
68.3703
68.3703
68.3703
68.3703
68.3703
68.3703
68.3703
68.3703
68.3703
68.3703
68.3703
68.3703
68.3703
68.3703
68.3703
68.3703
68.3703
68.3703
68.3703
68.3703
68.3703
68.3703
68.3703
68.3703
68.3703
68.3703
68.3703
68.3703
68.3703
68.3703
68.3703
68.3703
68.3703
68.3703
68.3703
68.3703
68.3703
68.3703
68.3703
68.3703
68.3703
68.3703
68.3703
68.3703
68.3703
68.3703
68.3703
68.3703
68.3703
68.3703
68.3703
68.3703
68.3703
68.3703
68.3703
68.3703
68.3703
68.3703
68.3703
68.3703
68.3703
68.3703
68.3703
68.3703
68.3703
68.3703
68.3703
68.3703
68.3703
68.3703
67.8522
67.8522
67.8522
67.8522
67.8522
67.8522
67.8522
67.8522
67.8522
67.8522
67.8522
67.8522
67.8522
67.8522
67.8522
67.8522
67.8522
67.8522
67.8522
67.8522
67.8522
67.8522
67.8522
67.8522
67.8522
67.8522
67.8522
67.8522
67.8522
67.8522
67.8522
67.8522
67.8522
67.8522
67.8522
67.8522
67.8522
67.8522
67.8522
67.8522
67.8522
67.8522
67.8522
67.8522
67.8522
67.8522
67.8522
67.8522
67.8522
67.8522
67.8522
67.8522
67.8522
67.8522
67.8522
67.8522
67.8522
67.8522
67.8522
67.8522
67.8522
67.8522
67.8522
67.8522
67.8522
67.8522
67.8522
67.8522
67.8522
67.8522
67.8522
67.8522
67.8522
67.8522
67.8522
67.8522
67.8522
67.8522
67.8522
67.8522
67.8522
67.8522
67.8522
67.8522
67.8522
67.8522
67.8522
67.8522
67.8522
67.8522
67.8522
67.8522
67.8522
67.8522
67.8522
67.8522
67.8522
67.8522
67.8522
67.8522
67.8522
67.8522
67.8522
67.8522
67.8522
67.8522
67.8522
67.8522
67.8522
67.8522
67.8522
67.8522
67.8522
67.8522
67.8522
67.8522
67.8522
67.8522
67.8522
67.8522
67.8522
67.8522
67.8522
67.8522
67.8522
67.8522
67.8522
67.8522
67.8522
67.8522
67.8522
67.8522
67.8522
67.8522
67.8522
67.8522
67.8522
67.8522
67.8522
67.8522
67.8522
67.8522
67.8522
67.8522
67.8522
67.8522
67.8522
67.8522
67.8522
67.8522
67.8522
67.8522
67.8522
67.8522
67.8522
67.8522
67.8522
67.8522
67.8522
67.8522
67.8522
67.8522
67.8522
67.8522
67.8522
67.8522
67.8522
67.8522
67.8522
67.8522
67.8522
67.8522
67.8522
67.8522
67.8522
67.8522
67.8522
67.8522
67.8522
67.8522
67.8522
67.8522
67.8522
67.8522
67.8522
67.8522
67.8522
67.8522
67.8522
67.8522
67.8522
67.8522
67.8522
67.8522
67.8522
67.8522
67.8522
67.8522
67.8522
67.8522
67.8522
67.8522
67.8522
67.8522
67.8522
67.8522
67.8522
67.8522
67.8522
67.8522
67.8522
67.8522
67.8522
67.8522
67.8522
67.8522
67.8522
67.8522
67.8522
67.8522
67.8522
67.8522
67.8522
67.8522
67.8522
67.8522
67.8522
67.8522
67.8522
67.8522
67.8522
67.8522
67.8522
67.8522
67.8522
67.8522
67.8522
67.8522
67.8522
67.8522
67.8522
67.8522
67.8522
67.8522
67.8522
67.8522
67.8522
67.8522
67.8522
67.8522
67.8522
67.8522
67.8522
67.8522
67.8522
67.8522
67.8522
67.8522
67.8522
67.8522
67.8522
67.8522
67.8522
67.8522
67.8522
67.8522
67.8522
67.8522
67.8522
67.8522
67.8522
67.8522
67.8522
67.8522
67.8522
67.8522
67.8522
67.8522
67.8522
67.8522
67.8522
67.8522
67.8522
67.8522
67.8522
67.8522
67.8522
67.8522
67.8522
67.8522
67.8522
67.8522
67.8522
67.8522
67.8522
67.8522
67.8522
67.8522
67.8522
67.8522
67.8522
67.8522
67.8522
67.8522
67.8522
67.8522
67.8522
67.8522
67.8522
67.8522
67.8522
67.8522
67.8522
67.8522
67.8522
67.8522
67.8522
67.8522
67.8522
67.8522
67.8522
67.8522
67.8522
67.8522
67.8522
67.3854
67.3854
67.3854
67.3854
67.3854
67.3854
67.3854
67.3854
67.3854
67.3854
67.3854
67.3854
67.3854
67.3854
67.3854
67.3854
67.3854
67.3854
67.3854
67.3854
67.3854
67.3854
67.3854
67.3854
67.3854
67.3854
67.3854
67.3854
67.3854
67.3854
67.3854
67.3854
67.3854
67.3854
67.3854
67.3854
67.3854
67.3854
67.3854
67.3854
67.3854
67.3854
67.3854
67.3854
67.3854
67.3854
67.3854
67.3854
67.3854
67.3854
67.3854
67.3854
67.3854
67.3854
67.3854
67.3854
67.3854
67.3854
67.3854
67.3854
67.3854
67.3854
67.3854
67.3854
67.3854
67.3854
67.3854
67.3854
67.3854
67.3854
67.3854
67.3854
67.3854
67.3854
67.3854
67.3854
67.3854
67.3854
67.3854
67.3854
67.3854
67.3854
67.3854
67.3854
67.3854
67.3854
67.3854
67.3854
67.3854
67.3854
67.3854
67.3854
67.3854
67.3854
67.3854
67.3854
67.3854
67.3854
67.3854
67.3854
67.3854
67.3854
67.3854
67.3854
67.3854
67.3854
67.3854
67.3854
67.3854
67.3854
67.3854
67.3854
67.3854
67.3854
67.3854
67.3854
67.3854
67.3854
67.3854
67.3854
67.3854
67.3854
67.3854
67.3854
67.3854
67.3854
67.3854
67.3854
67.3854
67.3854
67.3854
67.3854
67.3854
67.3854
67.3854
67.3854
67.3854
67.3854
67.3854
67.3854
67.3854
67.3854
67.3854
67.3854
67.3854
67.3854
67.3854
67.3854
67.3854
67.1662
67.1662
67.1662
67.1662
67.1662
67.1662
67.1662
67.1662
67.1662
67.1662
67.1662
67.1662
67.1662
67.1662
67.1662
67.1662
67.1662
67.1662
67.1662
67.1662
67.1662
67.1662
67.1662
67.1662
67.1662
67.1662
67.1662
67.1662
67.1662
67.1662
67.1662
67.1662
67.1662
67.1662
67.1662
67.1662
67.1662
67.1662
67.1662
67.1662
67.1662
67.1662
67.1662
67.1662
67.1662
67.1662
67.1662
67.1662
67.1662
67.1662
67.1662
67.1662
67.1662
67.1662
67.1662
67.0117
67.0117
67.0117
67.0117
67.0117
67.0117
67.0117
67.0117
67.0117
67.0117
67.0117
67.0117
67.0117
67.0117
67.0117
67.0117
67.0117
67.0117
67.0117
67.0117
67.0117
67.0117
67.0117
67.0117
67.0117
67.0117
67.0117
67.0117
67.0117
67.0117
67.0117
67.0117
67.0117
67.0117
67.0117
67.0117
67.0117
67.0117
67.0117
67.0117
67.0117
67.0117
67.0117
67.0117
67.0117
67.0117
67.0117
67.0117
67.0117
67.0117
67.0117
67.0117
67.0117
67.0117
67.0117
67.0117
67.0117
67.0117
67.0117
67.0117
67.0117
67.0117
67.0117
67.0117
67.0117
67.0117
67.0117
67.0117
67.0117
67.0117
67.0117
67.0117
67.0117
67.0117
67.0117
67.0117
67.0117
67.0117
67.0117
67.0117
67.0117
67.0117
67.0117
67.0117
67.0117
67.0117
67.0117
67.0117
67.0117
67.0117
67.0117
67.0117
67.0117
67.0117
67.0117
67.0117
67.0117
67.0117
67.0117
67.0117
67.0117
67.0117
67.0117
67.0117
67.0117
67.0117
67.0117
67.0117
67.0117
67.0117
67.0117
67.0117
67.0117
67.0117
67.0117
67.0117
67.0117
67.0117
67.0117
67.0117
67.0117
67.0117
67.0117
67.0117
67.0117
67.0117
67.0117
67.0117
67.0117
67.0117
67.0117
67.0117
67.0117
67.0117
67.0117
67.0117
67.0117
67.0117
67.0117
67.0117
67.0117
67.0117
67.0117
67.0117
67.0117
67.0117
67.0117
67.0117
67.0117
67.0117
67.0117
67.0117
67.0117
67.0117
67.0117
67.0117
67.0117
67.0117
67.0117
67.0117
67.0117
67.0117
67.0117
67.0117
67.0117
67.0117
67.0117
67.0117
67.0117
67.0117
67.0117
67.0117
67.0117
67.0117
67.0117
67.0117
67.0117
67.0117
67.0117
67.0117
67.0117
67.0117
67.0117
67.0117
67.0117
67.0117
67.0117
67.0117
67.0117
67.0117
67.0117
67.0117
67.0117
67.0117
67.0117
67.0117
67.0117
67.0117
67.0117
67.0117
67.0117
67.0117
67.0117
67.0117
67.0117
67.0117
67.0117
67.0117
67.0117
67.0117
67.0117
67.0117
67.0117
67.0117
67.0117
67.0117
67.0117
67.0117
67.0117
67.0117
67.0117
67.0117
67.0117
67.0117
67.0117
67.0117
67.0117
67.0117
67.0117
67.0117
67.0117
67.0117
67.0117
67.0117
67.0117
67.0117
67.0117
67.0117
67.0117
67.0117
67.0117
67.0117
67.0117
67.0117
67.0117
67.0117
67.0117
67.0117
67.0117
67.0117
67.0117
67.0117
67.0117
67.0117
67.0117
67.0117
67.0117
67.0117
67.0117
67.0117
67.0117
67.0117
67.0117
67.0117
67.0117
67.0117
67.0117
67.0117
67.0117
67.0117
67.0117
67.0117
67.0117
67.0117
67.0117
67.0117
67.0117
67.0117
67.0117
67.0117
67.0117
67.0117
67.0117
67.0117
67.0117
67.0117
67.0117
67.0117
67.0117
67.0117
67.0117
67.0117
67.0117
67.0117
67.0117
67.0117
67.0117
67.0117
67.0117
67.0117
67.0117
67.0117
67.0117
67.0117
67.0117
67.0117
67.0117
67.0117
67.0117
67.0117
67.0117
67.0117
67.0117
67.0117
67.0117
67.0117
67.0117
67.0117
67.0117
67.0117
67.0117
67.0117
67.0117
67.0117
67.0117
67.0117
67.0117
67.0117
67.0117
67.0117
67.0117
67.0117
67.0117
67.0117
67.0117
67.0117
67.0117
67.0117
67.0117
67.0117
67.0117
67.0117
67.0117
67.0117
67.0117
67.0117
67.0117
67.0117
67.0117
67.0117
67.0117
67.0117
67.0117
67.0117
67.0117
67.0117
67.0117
67.0117
67.0117
67.0117
67.0117
67.0117
67.0117
67.0117
67.0117
67.0117
67.0117
67.0117
67.0117
67.0117
67.0117
67.0117
67.0117
67.0117
67.0117
67.0117
67.0117
67.0117
67.0117
67.0117
67.0117
67.0117
67.0117
67.0117
67.0117
67.0117
67.0117
67.0117
67.0117
67.0117
67.0117
67.0117
67.0117
67.0117
67.0117
67.0117
67.0117
67.0117
67.0117
67.0117
67.0117
67.0117
67.0117
67.0117
67.0117
67.0117
67.0117
67.0117
67.0117
67.0117
67.0117
67.0117
67.0117
67.0117
67.0117
67.0117
67.0117
67.0117
67.0117
67.0117
67.0117
67.0117
67.0117
67.0117
67.0117
67.0117
67.0117
67.0117
67.0117
67.0117
67.0117
67.0117
67.0117
67.0117
67.0117
67.0117
67.0117
67.0117
67.0117
67.0117
67.0117
67.0117
67.0117
67.0117
67.0117
67.0117
67.0117
67.0117
67.0117
67.0117
67.0117
67.0117
67.0117
67.0117
67.0117
67.0117
67.0117
67.0117
67.0117
67.0117
67.0117
67.0117
67.0117
67.0117
67.0117
67.0117
67.0117
67.0117
67.0117
67.0117
67.0117
67.0117
67.0117
67.0117
67.0117
67.0117
67.0117
67.0117
67.0117
67.0117
67.0117
67.0117
67.0117
67.0117
67.0117
67.0117
67.0117
67.0117
67.0117
67.0117
67.0117
67.0117
67.0117
67.0117
67.0117
67.0117
67.0117
67.0117
67.0117
67.0117
67.0117
67.0117
67.0117
67.0117
67.0117
67.0117
67.0117
67.0117
67.0117
67.0117
67.0117
67.0117
67.0117
67.0117
67.0117
67.0117
67.0117
67.0117
67.0117
67.0117
67.0117
67.0117
67.0117
67.0117
67.0117
67.0117
67.0117
67.0117
67.0117
67.0117
67.0117
67.0117
67.0117
67.0117
67.0117
67.0117
67.0117
67.0117
67.0117
67.0117
67.0117
67.0117
67.0117
67.0117
67.0117
67.0117
67.0117
67.0117
67.0117
67.0117
67.0117
67.0117
67.0117
67.0117
67.0117
67.0117
67.0117
67.0117
67.0117
67.0117
67.0117
67.0117
67.0117
67.0117
67.0117
67.0117
67.0117
67.0117
67.0117
67.0117
67.0117
67.0117
67.0117
67.0117
67.0117
67.0117
67.0117
67.0117
67.0117
67.0117
67.0117
67.0117
67.0117
67.0117
67.0117
67.0117
67.0117
67.0117
67.0117
67.0117
67.0117
67.0117
67.0117
67.0117
67.0117
67.0117
67.0117
67.0117
67.0117
67.0117
67.0117
67.0117
67.0117
67.0117
67.0117
67.0117
67.0117
67.0117
67.0117
67.0117
67.0117
67.0117
67.0117
67.0117
67.0117
67.0117
67.0117
67.0117
67.0117
67.0117
67.0117
67.0117
67.0117
67.0117
67.0117
67.0117
67.0117
67.0117
67.0117
67.0117
67.0117
67.0117
67.0117
67.0117
67.0117
67.0117
67.0117
67.0117
67.0117
67.0117
67.0117
67.0117
67.0117
67.0117
67.0117
67.0117
67.0117
67.0117
67.0117
67.0117
67.0117
67.0117
67.0117
67.0117
67.0117
67.0117
67.0117
67.0117
67.0117
67.0117
67.0117
67.0117
67.0117
67.0117
67.0117
67.0117
67.0117
67.0117
67.0117
67.0117
67.0117
67.0117
67.0117
67.0117
67.0117
67.0117
67.0117
67.0117
67.0117
67.0117
67.0117
67.0117
67.0117
67.0117
67.0117
67.0117
67.0117
67.0117
67.0117
67.0117
67.0117
67.0117
67.0117
67.0117
67.0117
67.0117
67.0117
67.0117
67.0117
67.0117
67.0117
67.0117
67.0117
67.0117
67.0117
67.0117
67.0117
67.0117
67.0117
67.0117
67.0117
67.0117
67.0117
67.0117
67.0117
67.0117
67.0117
67.0117
67.0117
67.0117
67.0117
67.0117
67.0117
67.0117
67.0117
67.0117
67.0117
67.0117
67.0117
67.0117
67.0117
67.0117
67.0117
67.0117
67.0117
67.0117
67.0117
67.0117
67.0117
67.0117
67.0117
67.0117
67.0117
67.0117
67.0117
67.0117
67.0117
67.0117
67.0117
67.0117
67.0117
67.0117
67.0117
67.0117
67.0117
67.0117
67.0117
67.0117
67.0117
67.0117
67.0117
67.0117
67.0117
67.0117
67.0117
67.0117
67.0117
67.0117
67.0117
67.0117
67.0117
67.0117
67.0117
67.0117
67.0117
67.0117
67.0117
67.0117
67.0117
67.0117
67.0117
67.0117
67.0117
67.0117
67.0117
67.0117
67.0117
67.0117
67.0117
67.0117
67.0117
67.0117
67.0117
67.0117
67.0117
67.0117
67.0117
67.0117
67.0117
67.0117
67.0117
67.0117
67.0117
67.0117
67.0117
67.0117
67.0117
67.0117
67.0117
67.0117
67.0117
67.0117
67.0117
67.0117
67.0117
67.0117
67.0117
67.0117
67.0117
67.0117
67.0117
67.0117
67.0117
67.0117
67.0117
67.0117
67.0117
67.0117
67.0117
67.0117
67.0117
67.0117
67.0117
67.0117
67.0117
67.0117
67.0117
67.0117
67.0117
67.0117
67.0117
67.0117
67.0117
67.0117
67.0117
67.0117
67.0117
67.0117
67.0117
67.0117
67.0117
67.0117
67.0117
67.0117
67.0117
67.0117
67.0117
67.0117
67.0117
67.0117
67.0117
67.0117
67.0117
67.0117
67.0117
67.0117
67.0117
67.0117
67.0117
67.0117
67.0117
67.0117
67.0117
67.0117
67.0117
67.0117
67.0117
67.0117
67.0117
67.0117
67.0117
67.0117
67.0117
67.0117
67.0117
67.0117
67.0117
67.0117
67.0117
67.0117
67.0117
67.0117
67.0117
67.0117
67.0117
67.0117
67.0117
67.0117
67.0117
67.0117
67.0117
67.0117
67.0117
67.0117
67.0117
67.0117
67.0117
67.0117
67.0117
67.0117
67.0117
67.0117
67.0117
67.0117
67.0117
67.0117
67.0117
67.0117
67.0117
67.0117
67.0117
67.0117
67.0117
67.0117
67.0117
67.0117
67.0117
67.0117
67.0117
67.0117
67.0117
67.0117
67.0117
67.0117
67.0117
67.0117
67.0117
67.0117
67.0117
67.0117
67.0117
67.0117
67.0117
67.0117
67.0117
67.0117
67.0117
67.0117
67.0117
67.0117
67.0117
67.0117
67.0117
67.0117
67.0117
67.0117
67.0117
67.0117
67.0117
67.0117
67.0117
67.0117
67.0117
67.0117
67.0117
67.0117
67.0117
67.0117
67.0117
67.0117
67.0117
67.0117
67.0117
67.0117
67.0117
67.0117
67.0117
67.0117
67.0117
67.0117
67.0117
67.0117
67.0117
67.0117
67.0117
67.0117
67.0117
67.0117
67.0117
67.0117
67.0117
67.0117
67.0117
67.0117
67.0117
67.0117
67.0117
67.0117
67.0117
67.0117
67.0117
67.0117
67.0117
67.0117
67.0117
67.0117
67.0117
67.0117
67.0117
67.0117
67.0117
67.0117
67.0117
67.0117
67.0117
67.0117
67.0117
67.0117
67.0117
67.0117
67.0117
67.0117
67.0117
67.0117
67.0117
67.0117
67.0117
67.0117
67.0117
67.0117
67.0117
67.0117
67.0117
67.0117
67.0117
67.0117
67.0117
67.0117
67.0117
67.0117
67.0117
67.0117
67.0117
67.0117
67.0117
67.0117
67.0117
67.0117
67.0117
67.0117
67.0117
67.0117
67.0117
67.0117
67.0117
67.0117
67.0117
67.0117
67.0117
67.0117
67.0117
67.0117
67.0117
67.0117
67.0117
67.0117
67.0117
67.0117
67.0117
67.0117
67.0117
67.0117
67.0117
67.0117
67.0117
67.0117
67.0117
67.0117
67.0117
67.0117
67.0117
67.0117
67.0117
67.0117
67.0117
67.0117
67.0117
67.0117
67.0117
67.0117
67.0117
67.0117
67.0117
67.0117
67.0117
67.0117
67.0117
67.0117
67.0117
67.0117
67.0117
67.0117
67.0117
67.0117
67.0117
67.0117
67.0117
67.0117
67.0117
67.0117
67.0117
67.0117
67.0117
67.0117
67.0117
67.0117
67.0117
67.0117
67.0117
67.0117
67.0117
67.0117
67.0117
67.0117
67.0117
67.0117
67.0117
67.0117
67.0117
67.0117
67.0117
67.0117
67.0117
67.0117
67.0117
67.0117
67.0117
67.0117
67.0117
67.0117
67.0117
67.0117
67.0117
67.0117
67.0117
67.0117
67.0117
67.0117
67.0117
67.0117
67.0117
67.0117
67.0117
67.0117
67.0117
67.0117
67.0117
67.0117
67.0117
67.0117
67.0117
67.0117
67.0117
67.0117
67.0117
67.0117
67.0117
67.0117
67.0117
67.0117
67.0117
67.0117
67.0117
67.0117
67.0117
67.0117
67.0117
67.0117
67.0117
67.0117
67.0117
67.0117
67.0117
67.0117
67.0117
67.0117
67.0117
67.0117
67.0117
67.0117
67.0117
67.0117
67.0117
67.0117
67.0117
67.0117
67.0117
67.0117
67.0117
67.0117
67.0117
67.0117
67.0117
67.0117
67.0117
67.0117
67.0117
67.0117
67.0117
67.0117
67.0117
67.0117
67.0117
67.0117
67.0117
67.0117
67.0117
67.0117
67.0117
67.0117
67.0117
67.0117
67.0117
67.0117
67.0117
67.0117
67.0117
67.0117
67.0117
67.0117
67.0117
67.0117
67.0117
67.0117
67.0117
67.0117
67.0117
67.0117
67.0117
67.0117
67.0117
67.0117
67.0117
67.0117
67.0117
67.0117
67.0117
67.0117
67.0117
67.0117
67.0117
67.0117
67.0117
67.0117
67.0117
67.0117
67.0117
67.0117
67.0117
67.0117
67.0117
67.0117
67.0117
67.0117
67.0117
67.0117
67.0117
67.0117
67.0117
67.0117
67.0117
67.0117
67.0117
67.0117
67.0117
67.0117
67.0117
67.0117
67.0117
67.0117
67.0117
67.0117
67.0117
67.0117
67.0117
67.0117
67.0117
67.0117
67.0117
67.0117
67.0117
67.0117
67.0117
67.0117
67.0117
67.0117
67.0117
67.0117
67.0117
67.0117
67.0117
67.0117
67.0117
67.0117
67.0117
67.0117
67.0117
67.0117
67.0117
67.0117
67.0117
67.0117
67.0117
67.0117
67.0117
67.0117
67.0117
67.0117
67.0117
67.0117
67.0117
67.0117
67.0117
67.0117
67.0117
67.0117
67.0117
67.0117
67.0117
67.0117
67.0117
67.0117
67.0117
67.0117
67.0117
67.0117
67.0117
67.0117
67.0117
67.0117
67.0117
67.0117
67.0117
67.0117
67.0117
67.0117
67.0117
67.0117
67.0117
67.0117
67.0117
67.0117
67.0117
67.0117
67.0117
67.0117
67.0117
67.0117
67.0117
67.0117
67.0117
67.0117
67.0117
67.0117
67.0117
67.0117
67.0117
67.0117
67.0117
67.0117
67.0117
67.0117
67.0117
67.0117
67.0117
67.0117
67.0117
67.0117
67.0117
67.0117
67.0117
67.0117
67.0117
67.0117
67.0117
67.0117
67.0117
67.0117
67.0117
67.0117
67.0117
67.0117
67.0117
67.0117
67.0117
67.0117
67.0117
67.0117
67.0117
67.0117
67.0117
67.0117
67.0117
67.0117
67.0117
67.0117
67.0117
67.0117
67.0117
67.0117
67.0117
67.0117
67.0117
67.0117
67.0117
67.0117
67.0117
67.0117
67.0117
67.0117
67.0117
67.0117
67.0117
67.0117
67.0117
67.0117
67.0117
67.0117
67.0117
67.0117
67.0117
67.0117
67.0117
67.0117
67.0117
67.0117
67.0117
67.0117
67.0117
67.0117
67.0117
67.0117
67.0117
67.0117
67.0117
67.0117
67.0117
67.0117
67.0117
67.0117
67.0117
67.0117
67.0117
67.0117
67.0117
67.0117
67.0117
67.0117
67.0117
67.0117
67.0117
67.0117
67.0117
67.0117
67.0117
67.0117
67.0117
67.0117
67.0117
67.0117
67.0117
67.0117
67.0117
67.0117
67.0117
67.0117
67.0117
67.0117
67.0117
67.0117
67.0117
67.0117
67.0117
67.0117
67.0117
67.0117
67.0117
67.0117
67.0117
67.0117
67.0117
67.0117
67.0117
67.0117
67.0117
67.0117
67.0117
67.0117
67.0117
67.0117
67.0117
67.0117
67.0117
67.0117
67.0117
67.0117
67.0117
67.0117
67.0117
67.0117
67.0117
67.0117
67.0117
67.0117
67.0117
67.0117
67.0117
67.0117
67.0117
67.0117
67.0117
67.0117
67.0117
67.0117
67.0117
67.0117
67.0117
67.0117
67.0117
67.0117
67.0117
67.0117
67.0117
67.0117
67.0117
67.0117
67.0117
67.0117
67.0117
67.0117
67.0117
67.0117
67.0117
67.0117
67.0117
67.0117
67.0117
67.0117
67.0117
67.0117
67.0117
67.0117
67.0117
67.0117
67.0117
67.0117
67.0117
67.0117
67.0117
67.0117
67.0117
67.0117
67.0117
67.0117
67.0117
67.0117
67.0117
67.0117
67.0117
67.0117
67.0117
67.0117
67.0117
67.0117
67.0117
67.0117
67.0117
67.0117
67.0117
67.0117
67.0117
67.0117
67.0117
67.0117
67.0117
67.0117
67.0117
67.0117
67.0117
67.0117
67.0117
67.0117
67.0117
67.0117
67.0117
67.0117
67.0117
67.0117
67.0117
67.0117
67.0117
67.0117
67.0117
67.0117
67.0117
67.0117
67.0117
67.0117
67.0117
67.0117
67.0117
67.0117
67.0117
67.0117
67.0117
67.0117
67.0117
67.0117
67.0117
67.0117
67.0117
67.0117
67.0117
67.0117
67.0117
67.0117
67.0117
67.0117
67.0117
67.0117
67.0117
67.0117
67.0117
67.0117
67.0117
67.0117
67.0117
67.0117
67.0117
67.0117
67.0117
67.0117
67.0117
67.0117
67.0117
67.0117
67.0117
67.0117
67.0117
67.0117
67.0117
67.0117
67.0117
67.0117
67.0117
67.0117
67.0117
67.0117
67.0117
67.0117
67.0117
67.0117
67.0117
67.0117
67.0117
67.0117
67.0117
67.0117
67.0117
67.0117
67.0117
67.0117
67.0117
67.0117
67.0117
67.0117
67.0117
67.0117
67.0117
67.0117
67.0117
67.0117
67.0117
67.0117
67.0117
67.0117
67.0117
67.0117
67.0117
67.0117
67.0117
67.0117
67.0117
67.0117
67.0117
67.0117
67.0117
67.0117
67.0117
67.0117
67.0117
67.0117
67.0117
67.0117
67.0117
67.0117
67.0117
67.0117
67.0117
67.0117
67.0117
67.0117
67.0117
67.0117
67.0117
67.0117
67.0117
67.0117
67.0117
67.0117
67.0117
67.0117
67.0117
67.0117
67.0117
67.0117
67.0117
67.0117
67.0117
67.0117
67.0117
67.0117
67.0117
67.0117
67.0117
67.0117
67.0117
67.0117
67.0117
67.0117
67.0117
67.0117
67.0117
67.0117
67.0117
67.0117
67.0117
67.0117
67.0117
67.0117
67.0117
67.0117
67.0117
67.0117
67.0117
67.0117
67.0117
67.0117
67.0117
67.0117
67.0117
67.0117
67.0117
67.0117
67.0117
67.0117
67.0117
67.0117
67.0117
67.0117
67.0117
67.0117
67.0117
67.0117
67.0117
67.0117
67.0117
67.0117
67.0117
67.0117
67.0117
67.0117
67.0117
67.0117
67.0117
67.0117
67.0117
67.0117
67.0117
67.0117
67.0117
67.0117
67.0117
67.0117
67.0117
67.0117
67.0117
67.0117
67.0117
67.0117
67.0117
67.0117
67.0117
67.0117
67.0117
67.0117
67.0117
67.0117
67.0117
67.0117
67.0117
67.0117
67.0117
67.0117
67.0117
67.0117
67.0117
67.0117
67.0117
67.0117
67.0117
67.0117
67.0117
67.0117
67.0117
67.0117
67.0117
67.0117
67.0117
67.0117
67.0117
67.0117
67.0117
67.0117
67.0117
67.0117
67.0117
67.0117
67.0117
67.0117
67.0117
67.0117
67.0117
67.0117
67.0117
67.0117
67.0117
67.0117
67.0117
67.0117
67.0117
67.0117
67.0117
67.0117
67.0117
67.0117
67.0117
67.0117
67.0117
67.0117
67.0117
67.0117
67.0117
67.0117
67.0117
67.0117
67.0117
67.0117
67.0117
67.0117
67.0117
67.0117
67.0117
67.0117
67.0117
67.0117
67.0117
67.0117
67.0117
67.0117
67.0117
67.0117
67.0117
67.0117
67.0117
67.0117
67.0117
67.0117
67.0117
67.0117
67.0117
67.0117
67.0117
67.0117
67.0117
67.0117
67.0117
67.0117
67.0117
67.0117
67.0117
67.0117
67.0117
67.0117
67.0117
67.0117
67.0117
67.0117
67.0117
67.0117
67.0117
67.0117
67.0117
67.0117
67.0117
67.0117
67.0117
67.0117
67.0117
67.0117
67.0117
67.0117
67.0117
67.0117
67.0117
67.0117
67.0117
67.0117
67.0117
67.0117
67.0117
67.0117
67.0117
67.0117
67.0117
67.0117
67.0117
67.0117
67.0117
67.0117
67.0117
67.0117
67.0117
67.0117
67.0117
67.0117
67.0117
67.0117
67.0117
67.0117
67.0117
67.0117
67.0117
67.0117
67.0117
67.0117
67.0117
67.0117
67.0117
67.0117
67.0117
67.0117
67.0117
67.0117
67.0117
67.0117
67.0117
67.0117
67.0117
67.0117
67.0117
67.0117
67.0117
67.0117
67.0117
67.0117
67.0117
67.0117
67.0117
67.0117
67.0117
67.0117
67.0117
67.0117
67.0117
67.0117
67.0117
67.0117
67.0117
67.0117
67.0117
67.0117
67.0117
67.0117
67.0117
67.0117
67.0117
67.0117
67.0117
67.0117
67.0117
67.0117
67.0117
67.0117
67.0117
67.0117
67.0117
67.0117
67.0117
67.0117
67.0117
67.0117
67.0117
67.0117
67.0117
67.0117
67.0117
67.0117
67.0117
67.0117
67.0117
67.0117
67.0117
67.0117
67.0117
67.0117
67.0117
67.0117
67.0117
67.0117
67.0117
67.0117
67.0117
67.0117
67.0117
67.0117
67.0117
67.0117
67.0117
67.0117
67.0117
67.0117
67.0117
67.0117
67.0117
67.0117
67.0117
67.0117
67.0117
67.0117
67.0117
67.0117
67.0117
67.0117
67.0117
67.0117
67.0117
67.0117
67.0117
67.0117
67.0117
67.0117
67.0117
67.0117
67.0117
67.0117
67.0117
67.0117
67.0117
67.0117
67.0117
67.0117
67.0117
67.0117
67.0117
67.0117
67.0117
67.0117
67.0117
67.0117
67.0117
67.0117
67.0117
67.0117
67.0117
67.0117
67.0117
67.0117
67.0117
67.0117
67.0117
67.0117
67.0117
67.0117
67.0117
67.0117
67.0117
67.0117
67.0117
67.0117
67.0117
67.0117
67.0117
67.0117
67.0117
67.0117
67.0117
67.0117
67.0117
67.0117
67.0117
67.0117
67.0117
67.0117
67.0117
67.0117
67.0117
67.0117
67.0117
67.0117
67.0117
67.0117
67.0117
67.0117
67.0117
67.0117
67.0117
67.0117
67.0117
67.0117
67.0117
67.0117
67.0117
67.0117
67.0117
67.0117
67.0117
67.0117
67.0117
67.0117
67.0117
67.0117
67.0117
67.0117
67.0117
67.0117
67.0117
67.0117
67.0117
67.0117
67.0117
67.0117
67.0117
67.0117
67.0117
66.929
66.929
66.929
66.929
66.929
66.929
66.929
66.929
66.929
66.929
66.929
66.929
66.929
66.929
66.929
66.929
66.929
66.929
66.929
66.929
66.929
66.929
66.929
66.929
66.929
66.929
66.929
66.929
66.929
66.929
66.929
66.929
66.929
66.929
66.929
66.929
66.929
66.929
66.929
66.929
66.929
66.929
66.929
66.929
66.929
66.929
66.929
66.929
66.929
66.929
66.929
66.929
66.929
66.929
66.929
66.929
66.929
66.929
66.929
66.929
66.929
66.929
66.929
66.929
66.929
66.929
66.929
66.929
66.929
66.929
66.929
66.929
66.929
66.929
66.929
66.929
66.929
66.929
66.929
66.929
66.929
66.929
66.929
66.929
66.929
66.929
66.929
66.929
66.929
66.929
66.929
66.929
66.929
66.929
66.929
66.929
66.929
66.929
66.929
66.929
66.929
66.929
66.929
66.929
66.929
66.929
66.929
66.929
66.929
66.929
66.929
66.929
66.929
66.929
66.929
66.929
66.929
66.929
66.929
66.929
66.929
66.929
66.929
66.929
66.929
66.929
66.929
66.929
66.929
66.929
66.929
66.929
66.929
66.929
66.929
66.929
66.929
66.929
66.929
66.929
66.929
66.929
66.929
66.929
66.929
66.929
66.929
66.929
66.929
66.929
66.929
66.929
66.929
66.929
66.929
66.929
66.929
66.929
66.929
66.929
66.929
66.929
66.929
66.929
66.929
66.929
66.929
66.929
66.929
66.929
66.929
66.929
66.929
66.929
66.929
66.929
66.929
66.929
66.929
66.929
66.929
66.929
66.929
66.929
66.929
66.929
66.929
66.929
66.929
66.929
66.929
66.929
66.929
66.929
66.929
66.929
66.929
66.929
66.929
66.929
66.929
66.929
66.929
66.929
66.929
66.929
66.929
66.929
66.929
66.929
66.929
66.929
66.929
66.929
66.929
66.929
66.929
66.929
66.929
66.929
66.929
66.929
66.929
66.929
66.929
66.929
66.929
66.929
66.929
66.929
66.929
66.929
66.929
66.929
66.929
66.929
66.929
66.929
66.929
66.929
66.929
66.929
66.929
66.929
66.929
66.929
66.929
66.929
66.929
66.929
66.929
66.929
66.929
66.929
66.929
66.929
66.929
66.929
66.929
66.929
66.929
66.929
66.929
66.929
66.929
66.929
66.929
66.929
66.929
66.929
66.929
66.929
66.929
66.929
66.929
66.929
66.929
66.929
66.929
66.929
66.929
66.929
66.929
66.929
66.929
66.929
66.929
66.929
66.929
66.929
66.929
66.929
66.929
66.929
66.929
66.929
66.929
66.929
66.929
66.929
66.929
66.929
66.929
66.929
66.929
66.929
66.929
66.929
66.929
66.929
66.929
66.929
66.929
66.929
66.929
66.929
66.929
66.929
66.929
66.929
66.929
66.929
66.929
66.929
66.929
66.929
66.929
66.929
66.929
66.929
66.929
66.929
66.929
66.929
66.929
66.929
66.929
66.929
66.929
66.929
66.929
66.929
66.929
66.929
66.929
66.929
66.929
66.929
66.929
66.929
66.929
66.929
66.929
66.929
66.929
66.929
66.929
66.929
66.929
66.929
66.929
66.929
66.929
66.929
66.929
66.929
66.929
66.929
66.929
66.929
66.929
66.929
66.929
66.929
66.929
66.929
66.929
66.929
66.929
66.929
66.929
66.929
66.929
66.929
66.929
66.929
66.929
66.929
66.929
66.929
66.929
66.929
66.929
66.929
66.929
66.929
66.929
66.929
66.929
66.929
66.929
66.929
66.929
66.929
66.929
66.929
66.929
66.929
66.929
66.929
66.929
66.929
66.929
66.929
66.929
66.929
66.929
66.929
66.929
66.929
66.929
66.929
66.929
66.929
66.929
66.929
66.929
66.929
66.929
66.929
66.929
66.929
66.929
66.929
66.929
66.929
66.929
66.929
66.929
66.929
66.929
66.929
66.929
66.929
66.929
66.929
66.929
66.929
66.929
66.929
66.929
66.929
66.929
66.929
66.929
66.929
66.929
66.929
66.929
66.929
66.929
66.929
66.929
66.929
66.929
66.929
66.929
66.929
66.929
66.929
66.929
66.929
66.929
66.929
66.929
66.929
66.929
66.929
66.929
66.929
66.929
66.929
66.929
66.929
66.929
66.929
66.929
66.929
66.929
66.929
66.929
66.929
66.929
66.929
66.929
66.929
66.929
66.929
66.929
66.929
66.929
66.929
66.929
66.929
66.929
66.929
66.929
66.929
66.929
66.929
66.929
66.929
66.929
66.929
66.929
66.929
66.929
66.929
66.929
66.929
66.929
66.929
66.929
66.929
66.929
66.929
66.929
66.929
66.929
66.929
66.929
66.929
66.929
66.929
66.929
66.929
66.929
66.929
66.929
66.929
66.929
66.929
66.929
66.929
66.929
66.929
66.929
66.929
66.929
66.929
66.929
66.929
66.929
66.929
66.929
66.929
66.929
66.929
66.929
66.929
66.929
66.929
66.929
66.929
66.929
66.929
66.929
66.929
66.929
66.929
66.929
66.929
66.929
66.929
66.929
66.929
66.929
66.929
66.929
66.929
66.929
66.929
66.929
66.929
66.929
66.929
66.929
66.929
66.929
66.929
66.929
66.929
66.929
66.929
66.929
66.929
66.929
66.929
66.929
66.929
66.929
66.929
66.929
66.929
66.929
66.929
66.929
66.929
66.929
66.929
66.929
66.929
66.929
66.929
66.929
66.929
66.929
66.929
66.929
66.929
66.929
66.929
66.929
66.929
66.929
66.929
66.929
66.929
66.929
66.929
66.929
66.929
66.929
66.929
66.929
66.929
66.929
66.929
66.929
66.929
66.929
66.929
66.929
66.929
66.929
66.929
66.929
66.929
66.929
66.929
66.929
66.929
66.929
66.929
66.929
66.929
66.929
66.929
66.929
66.929
66.929
66.929
66.929
66.929
66.929
66.929
66.929
66.929
66.929
66.929
66.929
66.929
66.929
66.929
66.929
66.929
66.929
66.929
66.929
66.929
66.929
66.929
66.929
66.929
66.929
66.929
66.929
66.929
66.929
66.929
66.929
66.929
66.929
66.929
66.929
66.929
66.929
66.929
66.929
66.929
66.929
66.929
66.929
66.929
66.929
66.929
66.929
66.929
66.929
66.929
66.929
66.929
66.929
66.929
66.929
66.929
66.929
66.929
66.929
66.929
66.929
66.929
66.929
66.929
66.929
66.929
66.929
66.929
66.929
66.929
66.929
66.929
66.929
66.929
66.929
66.929
66.929
66.929
66.929
66.929
66.929
66.929
66.929
66.929
66.929
66.929
66.929
66.929
66.929
66.929
66.929
66.929
66.929
66.929
66.929
66.929
66.929
66.929
66.929
66.929
66.929
66.929
66.929
66.929
66.929
66.929
66.929
66.929
66.929
66.929
66.929
66.929
66.929
66.929
66.929
66.929
66.929
66.929
66.929
66.929
66.929
66.929
66.929
66.929
66.929
66.929
66.929
66.929
66.929
66.929
66.929
66.929
66.929
66.929
66.929
66.929
66.929
66.929
66.929
66.929
66.929
66.929
66.929
66.929
66.929
66.929
66.929
66.929
66.929
66.929
66.929
66.929
66.929
66.929
66.929
66.929
66.929
66.929
66.929
66.929
66.929
66.929
66.929
66.929
66.929
66.929
66.929
66.929
66.929
66.929
66.929
66.929
66.929
66.929
66.929
66.929
66.929
66.929
66.929
66.929
66.929
66.929
66.929
66.929
66.929
66.929
66.929
66.929
66.929
66.929
66.929
66.929
66.929
66.929
66.929
66.929
66.929
66.929
66.929
66.929
66.929
66.929
66.929
66.929
66.929
66.929
66.929
66.929
66.929
66.929
66.929
66.929
66.929
66.929
66.929
66.929
66.929
66.929
66.929
66.929
66.929
66.929
66.929
66.929
66.929
66.929
66.929
66.929
66.929
66.929
66.929
66.929
66.929
66.929
66.929
66.929
66.929
66.929
66.929
66.929
66.929
66.929
66.929
66.929
66.929
66.929
66.929
66.929
66.929
66.929
66.929
66.929
66.929
66.929
66.929
66.929
66.929
66.929
66.929
66.929
66.929
66.929
66.929
66.929
66.929
66.929
66.929
66.929
66.929
66.929
66.929
66.929
66.929
66.929
66.929
66.929
66.929
66.929
66.929
66.929
66.929
66.929
66.929
66.929
66.929
66.929
66.929
66.929
66.929
66.929
66.929
66.929
66.929
66.929
66.929
66.929
66.929
66.929
66.929
66.929
66.929
66.929
66.929
66.929
66.929
66.929
66.929
66.929
66.929
66.929
66.929
66.929
66.929
66.929
66.929
66.929
66.929
66.929
66.929
66.929
66.929
66.929
66.929
66.929
66.929
66.929
66.929
66.929
66.929
66.929
66.929
66.929
66.929
66.929
66.929
66.929
66.929
66.929
66.929
66.929
66.929
66.929
66.929
66.929
66.929
66.929
66.929
66.929
66.929
66.929
66.929
66.929
66.929
66.929
66.929
66.929
66.929
66.929
66.929
66.929
66.929
66.929
66.929
66.929
66.929
66.929
66.929
66.929
66.929
66.929
66.929
66.929
66.929
66.929
66.929
66.929
66.929
66.929
66.929
66.929
66.929
66.929
66.929
66.929
66.929
66.929
66.929
66.929
66.929
66.929
66.929
66.929
66.929
66.929
66.929
66.929
66.929
66.929
66.929
66.929
66.929
66.929
66.929
66.929
66.929
66.929
66.929
66.929
66.929
66.929
66.929
66.929
66.929
66.929
66.929
66.929
66.929
66.929
66.929
66.929
66.929
66.929
66.929
66.929
66.929
66.929
66.929
66.929
66.929
66.929
66.929
66.929
66.929
66.929
66.929
66.929
66.929
66.929
66.929
66.929
66.929
66.929
66.929
66.929
66.929
66.929
66.929
66.929
66.929
66.929
66.929
66.929
66.929
66.929
66.929
66.929
66.929
66.929
66.929
66.929
66.929
66.929
66.929
66.929
66.929
66.929
66.929
66.929
66.929
66.929
66.929
66.929
66.929
66.929
66.929
66.929
66.929
66.929
66.929
66.929
66.929
66.929
66.929
66.929
66.929
66.929
66.929
66.929
66.929
66.929
66.929
66.929
66.929
66.929
66.929
66.929
66.929
66.929
66.929
66.929
66.929
66.929
66.929
66.929
66.929
66.929
66.929
66.929
66.929
66.929
66.929
66.929
66.929
66.929
66.929
66.929
66.929
66.929
66.929
66.929
66.929
66.929
66.929
66.929
66.929
66.929
66.929
66.929
66.929
66.929
66.929
66.929
66.929
66.929
66.929
66.929
66.929
66.929
66.929
66.929
66.929
66.929
66.929
66.929
66.929
66.929
66.929
66.929
66.929
66.929
66.929
66.929
66.929
66.929
66.929
66.929
66.929
66.929
66.929
66.929
66.929
66.929
66.929
66.929
66.929
66.929
66.929
66.929
66.929
66.929
66.929
66.929
66.929
66.929
66.929
66.929
66.929
66.929
66.929
66.929
66.929
66.929
66.929
66.929
66.929
66.929
66.929
66.929
66.929
66.929
66.929
66.929
66.929
66.929
66.929
66.929
66.929
66.929
66.929
66.929
66.929
66.929
66.929
66.929
66.929
66.929
66.929
66.929
66.929
66.929
66.929
66.929
66.929
66.929
66.929
66.929
66.929
66.929
66.929
66.929
66.929
66.929
66.929
66.929
66.929
66.929
66.929
66.929
66.929
66.929
66.929
66.929
66.929
66.929
66.929
66.929
66.929
66.929
66.929
66.929
66.929
66.929
66.929
66.929
66.929
66.929
66.929
66.929
66.929
66.929
66.929
66.929
66.929
66.929
66.929
66.929
66.929
66.929
66.929
66.929
66.929
66.929
66.929
66.929
66.929
66.929
66.929
66.929
66.929
66.929
66.929
66.929
66.929
66.929
66.929
66.929
66.929
66.929
66.929
66.929
66.929
66.929
66.929
66.929
66.929
66.929
66.929
66.929
66.929
66.929
66.929
66.929
66.929
66.929
66.929
66.929
66.929
66.929
66.929
66.929
66.929
66.929
66.929
66.929
66.929
66.929
66.929
66.929
66.929
66.929
66.929
66.929
66.929
66.929
66.929
66.929
66.929
66.929
66.929
66.929
66.929
66.929
66.929
66.929
66.929
66.929
66.929
66.929
66.929
66.929
66.929
66.929
66.929
66.929
66.929
66.929
66.929
66.929
66.929
66.929
66.929
66.929
66.929
66.929
66.929
66.929
66.929
66.929
66.929
66.929
66.929
66.929
66.929
66.929
66.929
66.929
66.929
66.929
66.929
66.929
66.929
66.929
66.929
66.929
66.929
66.929
66.929
66.929
66.929
66.929
66.929
66.929
66.929
66.929
66.929
66.929
66.929
66.929
66.929
66.929
66.929
66.929
66.929
66.929
66.929
66.929
66.929
66.929
66.929
66.929
66.929
66.929
66.929
66.929
66.929
66.929
66.929
66.929
66.929
66.929
66.929
66.929
66.929
66.929
66.929
66.929
66.929
66.929
66.929
66.929
66.929
66.929
66.929
66.929
66.929
66.929
66.929
66.929
66.929
66.929
66.929
66.929
66.929
66.929
66.929
66.929
66.929
66.929
66.929
66.929
66.929
66.929
66.929
66.929
66.929
66.929
66.929
66.929
66.929
66.929
66.929
66.929
66.929
66.929
66.929
66.929
66.929
66.929
66.929
66.929
66.929
66.929
66.929
66.929
66.929
66.929
66.929
66.929
66.929
66.929
66.929
66.929
66.929
66.929
66.929
66.929
66.929
66.929
66.929
66.929
66.929
66.929
66.929
66.929
66.929
66.929
66.929
66.929
66.929
66.929
66.929
66.929
66.929
66.929
66.929
66.929
66.929
66.929
66.929
66.929
66.929
66.929
66.929
66.929
66.929
66.929
66.929
66.929
66.929
66.929
66.929
66.929
66.929
66.929
66.929
66.929
66.929
66.929
66.929
66.929
66.929
66.929
66.929
66.929
66.929
66.929
66.929
66.929
66.929
66.929
66.929
66.929
66.929
66.929
66.929
66.929
66.929
66.929
66.929
66.929
66.929
66.929
66.929
66.929
66.929
66.929
66.929
66.929
66.929
66.929
66.929
66.929
66.929
66.929
66.929
66.929
66.929
66.929
66.929
66.929
66.929
66.929
66.929
66.929
66.929
66.929
66.929
66.929
66.929
66.929
66.929
66.929
66.929
66.929
66.929
66.929
66.929
66.929
66.929
66.929
66.929
66.929
66.929
66.929
66.929
66.929
66.929
66.929
66.929
66.929
66.929
66.929
66.929
66.929
66.929
66.929
66.929
66.929
66.929
66.929
66.929
66.929
66.929
66.929
66.929
66.929
66.929
66.929
66.929
66.929
66.929
66.929
66.929
66.929
66.929
66.929
66.929
66.929
