427.463
423.124
423.124
410.225
410.225
402.851
402.851
400.238
400.238
400.238
386.124
386.124
378.83
378.83
378.221
377.895
371.592
364.64
359.466
351.899
351.899
338.251
338.251
338.251
335.136
329.717
327.833
325.948
325.948
322.807
322.258
322.087
319.404
314.93
314.93
312.361
311.726
307.789
307.568
297.929
297.929
297.929
297.929
291.901
291.901
291.901
290.941
290.941
290.124
288.954
288.312
283.269
276.923
276.923
275.135
275.135
269.484
269.484
262.56
262.56
262.56
262.56
261.008
261.008
261.008
259.772
259.772
252.854
252.854
252.854
252.03
250.433
250.411
249.472
245.039
245.039
243.851
243.851
242.319
237.061
237.061
237.061
226.238
226.238
226.238
226.238
226.238
225.978
225.978
222.727
222.278
221.377
221.377
221.267
219.757
219.757
217.442
217.38
217.38
217.38
217.38
216.068
216.068
216.068
215.802
214.992
214.992
214.992
213.869
213.211
213.211
210.384
210.105
210.105
210.105
207.029
207.029
207.029
203.602
203.602
202.697
202.253
202.177
202.12
200.828
200.796
200.796
200.796
200.796
198.944
198.944
198.944
192.71
192.71
192.435
192.435
192.435
192.149
189.691
188.47
186.235
186.18
186.18
185.566
185.566
181.949
181.949
181.949
180.82
180.791
180.746
180.147
180.147
178.124
175.959
175.959
174.053
174.053
174.053
173.147
173.134
173.134
173.134
172.378
172.378
169.206
169.206
168.53
168.53
165.938
165.938
163.983
163.983
163.983
163.085
163.085
161.747
161.747
161.595
161.564
160.39
160.39
160.39
159.41
159.083
159.083
159.083
159.083
159.083
158.85
158.85
158.85
156.064
156.064
156.064
156.064
156.064
155.795
155.795
155.795
155.795
155.289
155.289
155.289
154.99
154.99
154.99
154.99
154.209
154.209
154.209
152.453
152.453
152.453
152.453
152.453
152.453
152.453
152.452
150.877
150.877
149.897
149.897
149.897
149.897
149.897
149.897
149.784
148.793
148.793
148.68
148.68
148.639
146.874
146.874
146.874
146.075
146.075
146.075
146.075
146.075
145.135
145.135
144.921
144.379
144.316
143.958
143.958
143.958
143.958
143.958
142.919
142.907
142.907
142.386
142.321
142.321
142.321
142.055
142.055
142.055
141.174
141.174
141.048
141.048
141.01
139.529
139.529
139.529
139.529
139.529
139.094
139.094
139.094
139.094
139.014
139.014
139.014
139.014
138.532
136.689
136.689
136.689
136.689
136.689
136.689
135.739
135.739
135.739
135.739
135.739
135.739
134.138
134.138
134.138
134.138
134.138
133.462
133.17
132.849
132.849
132.849
132.79
132.72
132.406
131.476
131.476
131.476
131.476
131.476
131.476
131.303
131.238
131.238
131.238
131.238
130.149
130.149
130.149
130.04
130.04
129.946
129.946
129.498
129.498
129.498
129.498
129.498
129.152
128.911
128.911
128.275
128.275
128.275
128.275
128.275
128.275
128.275
128.275
128.275
126.392
126.392
126.392
126.392
126.392
126.392
126.198
125.76
125.76
125.76
124.1
124.1
124.1
124.1
123.593
123.593
122.883
122.883
122.883
122.883
122.029
122.029
122.029
122.029
122.029
122.029
122.029
121.366
121.366
121.366
121.178
120.475
120.475
120.475
120.475
120.475
120.475
120.475
120.475
120.475
120.475
120.475
120.475
120.475
120.128
119.633
119.633
119.633
119.633
119.239
119.239
119.239
119.239
119.239
119.239
118.099
118.099
117.892
117.892
117.094
117.094
117.094
117.094
116.498
116.498
115.151
115.151
114.358
114.358
114.341
114.009
114.009
114.009
113.567
113.567
113.301
113.301
113.301
113.301
113.301
111.648
111.648
111.329
111.329
111.329
111.329
111.329
111.329
111.329
110.983
110.983
110.983
110.205
110.205
110.205
110.199
110.199
110.199
109.669
108.678
108.678
108.678
108.678
108.678
108.304
108.304
108.304
108.304
108.304
108.304
108.304
108.304
108.304
108.304
108.304
108.304
108.304
108.304
108.304
108.304
107.592
107.592
107.592
107.561
107.561
107.561
106.521
106.521
106.366
106.366
106.366
106.162
106.162
106.162
106.162
105.735
105.735
105.735
105.735
105.735
105.601
105.601
105.601
105.601
105.601
104.598
104.598
104.598
104.539
104.539
104.539
104.539
104.539
104.539
104.539
104.539
104.361
104.361
104.361
103.758
103.758
103.75
103.75
102.571
102.571
102.571
101.93
101.793
101.793
101.523
101.523
101.523
101.523
101.523
101.523
101.523
101.523
101.506
101.506
101.162
101.162
101.162
100.563
100.563
100.563
99.6793
99.6793
99.6793
99.6793
99.0217
99.0217
99.0217
99.0217
98.5759
98.5759
98.5759
98.5759
98.5759
98.5759
98.5759
98.5759
98.5759
98.2884
98.2884
98.2884
98.2884
98.2884
98.2884
98.1471
97.5212
97.5212
97.5212
97.5131
97.5131
97.5131
97.5131
97.5131
97.5131
97.5131
97.5131
97.1677
97.1677
96.1442
96.1442
96.1442
96.1442
96.1442
96.1442
96.1442
96.1442
96.1442
96.1442
96.1442
96.1442
96.1442
96.0972
96.0972
96.0972
95.7922
95.2139
95.2139
95.2139
95.2139
95.2139
94.8162
94.8162
94.8162
94.8162
94.8162
94.8162
94.8162
94.8162
94.8162
94.8162
94.4428
94.1936
94.1936
94.1936
94.1936
94.1936
94.1773
94.1773
94.1773
93.7707
93.7707
93.7707
93.7707
93.7707
93.7707
93.7707
93.5867
93.4592
93.4592
93.4592
93.4592
93.4592
93.4592
93.4592
93.4592
93.131
93.131
93.131
93.131
93.131
93.131
93.131
93.131
92.9324
92.3374
92.3374
92.3374
92.3374
92.3374
92.3374
92.3374
92.3374
92.3374
92.3374
92.3374
92.3374
92.3374
92.3374
92.3374
92.3374
92.3374
92.3374
92.1534
92.1534
92.1534
92.1534
92.1534
92.1534
92.1534
92.1534
92.1534
92.1534
92.1534
92.1534
92.1534
92.1534
92.1534
92.1534
92.1534
92.1534
92.1534
92.1534
92.1534
92.1534
92.1534
92.1534
92.1534
92.0121
92.0121
92.0121
92.0121
92.0121
92.0121
92.0121
92.0121
91.2505
91.2505
91.2505
91.2505
91.2505
91.2505
91.2505
91.2505
91.2202
91.2202
91.2202
91.2202
91.2202
91.2202
91.2038
90.8414
90.8414
90.8414
90.8414
90.8414
90.8414
90.8414
90.8414
90.8414
90.8414
90.8414
90.8414
90.3399
90.3399
90.3399
90.3399
90.2459
90.2459
90.2459
90.2459
90.2459
90.2459
90.2459
90.2459
90.2459
90.2459
90.2459
90.2459
90.2459
90.2459
90.2459
90.2459
90.2459
90.2459
90.2459
90.2459
90.2459
90.2459
90.2459
90.2459
90.2459
90.2459
90.2142
90.2142
90.2142
90.2142
90.2142
90.2142
90.2142
90.2142
90.2142
90.2142
90.2142
90.2142
89.9098
89.9098
89.9098
89.9098
89.9098
89.9098
89.9098
89.3675
89.3675
89.3675
89.3675
89.3675
89.3675
89.1223
89.1223
89.1223
89.1223
89.1223
89.1223
89.1223
89.1223
89.1223
89.1223
88.9971
88.9971
88.9639
88.9639
88.9639
88.8774
88.8774
88.8774
88.8774
88.8774
88.8774
88.8774
88.8774
88.8774
88.8774
88.8774
88.4589
88.4589
88.4589
88.4589
88.4589
88.4589
88.3338
88.3338
88.3338
88.3338
88.3338
88.3338
88.3338
88.3338
88.3338
88.3338
88.3338
88.3338
88.3338
88.3338
88.3338
88.3338
88.3338
88.3338
88.3338
88.3338
88.3338
88.3338
88.3338
88.3338
88.3338
88.3338
88.3338
88.3338
87.9665
87.9665
87.9665
87.9665
87.9665
87.9665
87.9665
87.8925
87.8925
87.8925
87.8925
87.8925
87.572
87.572
87.572
87.572
87.572
87.572
87.572
87.572
87.572
87.572
87.572
87.572
87.572
87.1203
87.1203
87.1203
87.1203
87.1203
87.1203
85.6164
85.6164
85.6164
85.6164
85.6164
85.6164
85.6164
85.6164
85.4895
85.4895
85.4895
85.4895
85.4895
85.4895
85.4895
85.4895
85.4895
85.4895
85.4895
85.4895
85.4895
85.4895
85.4895
85.4895
85.4895
85.4895
85.4895
85.4895
85.4895
85.4895
85.4895
85.4895
85.4895
85.4895
85.4895
85.4895
85.4895
85.4895
85.4895
84.7624
84.7624
84.7624
84.7624
84.7624
84.7624
84.7624
84.7624
84.7624
84.7624
84.7624
84.7624
84.7624
84.7624
84.7624
84.7624
84.5978
84.5978
84.5978
84.5978
84.5978
84.5978
84.5978
84.5978
84.5978
84.5978
84.2814
84.2814
84.2578
84.2578
84.2578
84.2578
84.2578
84.2578
84.2578
84.2578
84.2578
83.4645
83.4645
83.4645
83.4645
83.4645
83.4645
83.4645
83.4645
83.4645
83.4645
83.4645
83.4645
83.4645
83.4645
83.4645
83.4645
83.4645
83.4645
83.4645
83.4645
83.4645
83.4645
83.4645
83.4645
83.4645
83.4645
83.4645
83.4645
83.4645
83.4645
83.4645
83.4645
83.4645
83.4645
83.4645
83.4645
83.4645
83.4645
83.4645
83.4645
83.4645
83.3509
83.3509
82.5194
82.5194
82.5194
82.5194
82.5194
82.5194
82.5194
82.5194
82.5194
82.5194
82.5194
82.5194
82.5194
82.5194
82.5194
82.5194
82.5194
82.5194
82.5194
82.5194
82.5194
82.5194
82.5194
82.5194
82.1798
82.1798
82.1798
82.1798
82.1798
82.1798
82.1798
82.1798
82.1798
82.1798
82.1798
82.1798
82.1798
82.1798
82.1798
82.1798
82.1798
82.1798
82.1798
82.1798
82.1798
82.1798
82.1798
82.1798
82.1798
82.1798
82.1798
82.1798
82.1798
82.1798
82.1798
82.1798
82.1798
82.1798
82.1798
82.1798
82.1798
82.1798
82.1798
82.1798
82.1798
82.1798
82.1798
82.1798
82.1798
82.1798
82.1798
82.1798
82.1798
82.1798
82.1798
82.1798
82.1798
82.0631
82.0631
82.0631
82.0158
82.0158
82.0158
82.0158
82.0158
82.0158
82.0158
82.0158
82.0158
82.0158
82.0158
82.0158
82.0158
82.0158
82.0158
82.0158
82.0158
82.0158
82.0158
82.0158
82.0158
82.0158
82.0158
82.0158
82.0158
82.0158
82.0158
82.0158
82.0158
82.0158
82.0158
82.0158
82.0158
82.0158
82.0158
82.0158
82.0158
82.0158
82.0158
82.0158
82.0158
82.0158
82.0158
82.0158
82.0158
82.0158
82.0158
82.0158
82.0158
81.8451
81.8451
81.8451
81.8451
81.8451
81.8451
81.8451
81.8451
81.8451
81.8451
81.8451
81.8451
81.8451
81.8451
81.8451
81.8451
81.8451
81.8451
81.8451
81.8451
81.8451
81.8451
81.8451
81.8451
81.8451
81.8451
81.8451
81.8451
81.8451
81.8451
80.9301
80.9301
80.9301
80.9301
80.9301
80.8855
80.8855
80.8855
80.8855
80.8855
80.8855
80.8293
80.8293
80.8293
80.8293
80.8293
80.8293
80.8293
80.8293
80.8293
80.8293
80.8293
80.8293
80.8293
80.8293
80.8293
80.8293
80.8293
80.8293
80.8293
80.8293
80.8293
80.8293
80.8293
80.8293
80.8293
80.8293
80.8293
80.8293
80.8293
80.8293
80.8293
80.8293
80.8293
80.8293
80.8293
80.8293
80.8293
80.8293
80.8293
80.8293
80.8293
80.8293
80.8293
80.8293
80.8293
80.8293
80.8293
80.8293
80.8293
80.8293
80.8293
80.8293
80.8293
80.8293
80.8293
80.8293
80.8293
80.8293
80.8293
80.8293
80.8293
80.8293
80.8293
80.1379
80.1379
80.1379
80.1379
80.1379
80.1379
80.1379
80.1379
80.1379
80.1379
80.1379
80.1379
80.1379
80.1379
80.1379
80.1379
80.1379
80.1379
80.1379
80.1379
80.1379
80.1379
80.1379
80.1379
80.1379
80.1379
80.1379
80.1379
80.1379
80.1379
80.1379
80.1379
80.1379
80.1379
80.1379
80.1379
80.1379
80.1379
80.1379
80.1379
80.1379
80.1379
80.1379
80.1379
80.1379
80.1379
80.1379
80.1379
80.1379
80.1379
80.1379
80.1379
80.1379
80.1379
80.1379
80.1379
80.1379
80.1379
80.1379
80.1379
80.1379
80.1379
80.1379
80.1379
80.1379
80.1379
80.1379
80.1379
80.1379
80.1379
80.1379
80.1379
80.1379
80.1379
80.1379
80.1379
80.1379
80.1379
80.1379
80.1379
80.1379
80.1379
80.1379
80.1379
80.1379
80.1379
80.1379
80.1379
80.1379
80.1379
80.1379
80.1379
80.1379
80.1379
80.1379
80.1379
80.1379
80.1379
80.1379
80.1379
80.1379
80.1379
80.1379
80.1379
80.1379
80.1379
80.1379
80.1379
80.1379
80.1379
80.1379
80.1379
80.1379
80.1379
80.1379
80.0773
80.0773
80.0773
80.0773
80.0773
80.0773
80.0773
80.0773
80.0773
80.0773
80.0773
80.0773
80.0773
80.0773
80.0773
80.0773
80.0773
80.0773
80.0773
80.0773
80.0773
80.0773
80.0773
80.0773
80.0773
80.0773
80.0773
80.0773
80.0773
80.0773
80.0773
80.0773
80.0773
80.0773
80.0773
80.0773
80.0773
80.0773
80.0773
80.0773
80.0773
80.0773
80.0773
80.0773
79.7763
79.7763
79.7763
79.7763
79.7763
79.7763
79.7763
79.7763
79.7763
79.7252
79.7252
79.7252
79.7252
79.7252
79.7252
79.7252
79.7252
79.7252
79.7252
79.7252
79.499
79.499
79.499
79.499
79.499
79.499
79.499
79.3666
79.3666
79.3666
79.3666
79.0498
79.0498
79.0498
78.8898
78.8898
78.8898
78.8898
78.8898
78.8898
78.8898
78.8898
78.8898
78.8718
78.8718
78.8718
78.8718
78.7575
78.7575
78.7575
78.7575
78.7575
78.7575
78.7575
78.7394
78.7394
78.7394
78.7394
78.7394
78.7394
78.7394
78.7394
78.7394
78.7394
78.7394
78.7394
78.7394
78.7394
78.7394
78.7394
78.7394
78.7394
78.7394
78.7394
78.7394
78.7394
78.7394
78.7394
78.7394
78.7394
78.7394
78.7394
78.7394
78.7394
78.7394
78.7394
78.7394
78.7394
78.7394
78.7394
78.7394
78.7394
78.7394
78.7394
78.7394
78.7394
78.7394
78.7394
78.7394
78.7394
78.7394
78.7394
78.7394
78.7394
78.7394
78.7394
78.7394
78.7394
78.7394
78.7394
78.7394
78.1098
78.1098
78.1098
78.1098
78.0698
78.0698
78.0698
78.0698
78.0698
78.0698
78.0698
78.0698
78.0698
78.0698
78.0698
78.0698
78.0698
78.0698
78.0698
78.0698
78.0698
78.0698
78.0698
78.0698
78.0698
77.666
77.666
77.666
77.666
77.666
77.666
77.666
77.666
77.6478
77.6478
77.6478
77.6478
77.6478
77.6387
77.6387
77.6387
77.6387
77.6387
77.6387
77.6387
77.6387
77.6387
77.6387
77.6387
77.6387
77.6387
77.6387
77.6387
77.6387
77.6387
77.6387
77.6387
77.6387
77.6387
77.6387
77.6387
77.6387
77.6387
77.6387
77.6387
77.6387
77.6387
77.3176
77.3176
77.3176
76.5948
76.5948
76.5948
76.5948
76.5948
76.5948
76.5948
76.5948
76.5948
76.5948
76.5948
76.5948
76.5948
76.5948
76.5948
76.5948
76.5948
76.5948
76.5948
76.5948
76.5948
76.5948
76.5948
76.5948
76.5948
76.5948
76.5948
76.5948
76.5948
76.5948
76.5948
76.5948
76.5948
76.5948
76.5948
76.5948
76.5948
76.5948
76.5948
76.5948
76.4704
76.4704
76.0772
76.0772
76.0772
76.0772
76.0772
76.0772
76.0772
76.0772
76.0772
76.0772
76.0772
76.0772
76.0772
76.0772
76.0772
76.0772
76.0772
76.0772
76.0772
76.0772
76.0772
76.0772
76.0772
76.0772
76.0772
76.0772
76.0772
76.0772
76.0772
76.0772
76.0772
76.0772
76.0772
76.0772
76.0772
76.0772
76.0772
76.0772
76.0772
76.0772
76.0772
76.0772
76.0772
76.0772
76.0772
76.0772
76.0772
76.0772
76.0772
76.0772
76.0772
76.0772
76.0772
76.0772
76.0772
76.0772
76.0772
76.0772
76.0772
76.0772
76.0772
76.0772
76.0772
76.0772
76.0772
76.0772
76.0772
76.0772
76.0772
76.0772
76.0772
76.0772
76.0772
76.0772
76.0772
76.0772
76.0772
76.0772
76.0772
76.0772
76.0772
76.0772
76.0772
76.0772
76.0772
76.0772
76.0772
76.0772
76.0772
76.0772
76.0772
76.0772
76.0772
76.0772
76.0772
76.0772
76.0772
76.0772
76.0772
76.0772
76.0772
76.0772
76.0772
76.0772
76.0772
76.0772
76.0772
76.0772
76.0772
76.0772
76.0772
76.0772
76.0772
76.0772
76.0772
76.0772
76.0772
76.0772
76.0772
76.0772
76.0772
76.0772
76.0772
76.0772
76.0772
76.0772
76.0772
76.0772
76.0772
76.0772
76.0772
76.0772
76.0772
76.0772
76.0772
76.0772
76.0772
76.0772
76.0772
76.0772
76.0772
76.0772
76.0772
76.0772
76.0772
76.0772
76.0772
76.0772
76.0772
76.0772
76.0772
76.0772
76.0772
76.0772
76.0772
76.0772
76.0772
76.0772
76.0772
76.0772
76.0772
76.0772
76.0772
76.0772
76.0772
76.0772
76.0772
76.0772
76.0772
76.0772
76.0772
76.0772
76.0772
76.0772
76.0772
76.0772
76.0772
76.0772
76.0772
75.858
75.858
75.858
75.858
75.858
75.858
75.858
75.858
75.858
75.858
75.858
75.858
75.858
75.858
75.858
75.858
75.858
75.858
75.5875
75.5875
75.5875
75.5875
75.5875
75.2922
75.2922
75.2922
75.2922
75.2922
75.2922
75.2922
75.2922
75.291
75.291
75.291
75.291
75.291
75.291
75.291
75.291
75.291
75.291
74.8818
74.8818
74.8009
74.8009
74.8009
74.8009
74.8009
74.8009
74.6864
74.6864
74.6864
74.6864
74.6864
74.6864
74.6864
74.6864
73.9303
73.9303
73.9303
73.4754
73.4754
73.3019
73.3019
73.3019
73.3019
73.3019
73.3019
73.3019
73.3019
73.1771
73.1771
73.1771
73.1771
73.1771
73.1771
73.1771
73.1771
73.1771
73.1771
73.1771
73.1418
73.1418
73.1418
73.1418
73.1418
73.1418
73.1418
73.1418
72.7884
72.7884
72.7884
72.7884
72.7884
72.7884
72.7884
72.7884
72.7884
72.7884
72.7884
72.7884
72.7884
72.7884
72.7884
72.7884
72.7884
72.7884
72.7884
72.7884
72.7884
72.7884
72.7884
72.7884
72.7884
72.7884
72.7884
72.7884
72.7884
72.7884
72.7884
72.7884
72.7884
72.7884
72.7884
72.7884
72.7884
72.7884
72.7884
72.7884
72.7884
72.7884
72.7884
72.7884
72.7884
72.7884
72.7884
72.7884
72.7884
72.7884
72.7884
72.7884
72.7884
72.7884
72.7884
72.7884
72.7884
72.7884
72.7884
72.7884
72.7884
72.7884
72.7884
72.7884
72.7884
72.7884
72.7884
72.7884
72.7884
72.7884
72.7884
72.7884
72.7884
72.7884
72.7884
72.7884
72.7884
72.7884
72.7884
72.7884
72.7884
72.7884
72.7884
72.7884
72.7884
72.7884
72.7884
72.7884
72.7884
72.7884
72.7884
72.7884
72.7884
72.7884
72.7884
72.7884
72.7884
72.7884
72.7884
72.7884
72.7884
72.7884
72.7884
72.7884
72.7884
72.7884
72.7884
72.7884
72.7884
72.7884
72.7884
72.7884
72.7884
72.7884
72.4598
72.4598
72.4598
72.4598
72.4598
72.4598
72.4598
72.4598
72.4598
72.4598
72.4598
72.4598
72.4598
72.4598
72.4598
72.4598
72.4598
72.4598
72.4598
72.4598
72.4364
72.4364
72.4364
72.4364
72.4364
72.4364
72.4364
72.4364
72.4364
72.4364
72.4364
72.4364
72.4364
72.4364
72.4364
72.4364
72.4364
71.9296
71.9296
71.9296
71.9296
71.9296
71.8743
71.8743
71.8743
71.8743
71.8743
71.8743
71.8743
71.8743
71.8743
71.8743
71.8743
71.8743
71.8743
71.8743
71.8743
71.8743
71.8743
71.8743
71.8743
71.8743
71.8743
71.8743
71.8743
71.8743
71.8743
71.8743
71.8743
71.8743
71.8743
71.8743
71.8743
71.8743
71.8743
71.8743
71.8743
71.8743
71.8743
71.8743
71.8743
71.8743
71.8743
71.8743
71.8743
71.8743
71.8743
71.8743
71.8743
71.7941
71.7941
71.7941
71.7941
71.7941
71.7941
71.7941
71.7941
71.7941
71.7941
71.7941
71.7941
71.7941
71.7941
71.7941
71.7941
71.7941
71.7941
71.7941
71.7941
71.7941
71.7941
71.7941
71.7941
71.7941
71.7941
71.7941
71.7941
71.7941
71.7941
71.7941
71.7941
71.7941
71.7941
71.7941
71.7941
71.7941
71.7941
71.7941
71.7941
71.7941
71.7941
71.7941
71.7941
71.7941
71.7941
71.7941
71.7941
71.7941
71.7941
71.7941
71.7941
71.7941
71.7941
71.7941
71.7941
71.7941
71.7941
71.7941
71.7941
71.7941
71.7941
71.7941
71.7941
71.7941
71.7941
71.7941
71.7941
71.7941
71.7941
71.7941
71.7941
71.7941
71.7941
71.7941
71.7941
71.7941
71.7941
71.7941
71.7941
71.7941
71.7941
71.7941
71.7941
71.7941
71.7941
71.7941
71.7941
71.7941
71.7941
71.7941
71.7941
71.7941
71.7941
71.7941
71.7941
71.7941
71.7941
71.7941
71.7941
71.7941
71.7941
71.7941
71.7941
71.7941
71.7941
71.7941
71.7941
71.7941
71.7941
71.7941
71.7941
71.7941
71.7941
71.7941
71.7941
71.7941
71.7941
71.7941
71.7941
71.7941
71.7941
71.7941
71.7941
71.7941
71.7941
71.7941
71.7941
71.7941
71.7941
71.7941
71.7941
71.7941
71.7941
71.7941
71.7941
71.7941
71.7941
71.7941
71.7941
71.7941
71.7941
71.7941
71.7941
71.7941
71.7941
71.7941
71.7941
71.7941
71.7941
71.7941
71.7941
71.7941
71.7941
71.7941
71.7941
71.7941
71.7941
71.7941
71.7941
71.7941
71.7941
71.7941
71.7941
71.7941
71.7941
71.7941
71.7941
71.7941
71.7941
71.7941
71.7941
71.7941
71.7941
71.7941
71.7941
71.7941
71.7941
71.7941
71.7941
71.7941
71.7941
71.7941
71.7941
71.7941
71.7941
71.7941
71.7941
71.7941
71.7941
71.7941
71.7941
71.7941
71.6229
71.6229
71.6229
71.6229
71.6229
71.6229
71.6229
71.6229
71.3214
71.3214
71.3214
71.3214
71.3214
71.3214
71.3214
71.3214
71.3214
71.3214
71.3214
71.3214
71.3214
71.3214
71.3214
71.3214
71.3214
71.3214
71.0972
71.0972
71.0972
71.0972
71.0972
71.0972
71.0972
71.0972
71.0972
71.0972
71.0972
71.0972
71.0972
71.0972
71.0972
71.0972
71.0972
71.0972
71.0972
71.0972
71.0972
71.0972
71.0279
71.0279
71.0279
71.0279
71.0279
71.0279
71.0279
71.0279
71.0279
71.0279
71.0279
71.0279
71.0279
71.0279
71.0279
71.0279
71.0279
71.0279
71.0279
71.0279
71.0279
71.0279
71.0279
71.0279
71.0279
71.0279
71.0279
71.0279
71.0279
71.0279
71.0279
71.0279
71.0279
71.0279
71.0279
71.0279
71.0279
71.0279
71.0279
71.0279
71.0279
71.0279
71.0279
71.0279
71.0279
71.0279
71.0279
71.0279
71.0279
71.0279
71.0279
71.0279
71.0279
71.0279
71.0279
71.0279
71.0279
71.0279
71.0279
71.0279
71.0279
71.0279
71.0279
71.0279
71.0279
71.0279
71.0279
71.0279
71.0279
71.0279
71.0279
71.0279
71.0279
71.0279
71.0279
71.0279
71.0279
71.0279
71.0279
71.0279
71.0279
71.0279
71.0279
71.0279
71.0279
71.0279
71.0279
71.0279
71.0279
71.0279
71.0279
71.0279
71.0279
71.0279
70.9257
70.9257
70.6073
70.6073
70.6073
70.6073
70.6073
70.6073
70.6073
70.6073
70.6073
70.6073
70.6073
70.6073
70.6073
70.6073
70.6073
70.6073
70.6073
70.6073
70.6073
70.6073
70.6073
70.6073
70.6073
70.6073
70.6073
70.6073
70.6073
70.6073
70.6073
70.6073
70.6073
70.6073
70.6073
70.6073
70.6073
70.6073
70.6073
70.6073
70.6073
70.6073
70.6073
70.6073
70.6073
70.6073
70.6073
70.5431
70.5431
70.5431
70.5431
70.5431
70.5431
70.5365
70.5365
70.5365
70.5365
70.5365
70.5365
70.5365
70.5365
70.5365
70.5365
70.5365
70.5365
70.5365
70.5365
70.5365
70.5365
70.5365
70.5365
70.5365
70.5365
70.5365
70.5365
70.5365
70.5365
70.5365
70.5365
70.5365
70.5365
70.5365
70.5365
70.5365
70.5365
70.5365
70.5365
70.5365
70.5365
70.5365
70.5365
70.5365
70.5365
70.5365
70.5365
70.5365
70.5365
70.5365
70.0894
70.0894
70.0894
70.0894
70.0894
70.0894
70.0894
70.0894
70.0894
70.0894
70.0894
70.0894
70.0894
70.0894
70.0894
70.0894
70.0894
70.0894
70.0894
70.0894
70.0894
70.0894
70.0894
70.0894
70.0894
70.0894
70.0894
70.0894
70.0096
70.0096
70.0096
70.0096
70.0096
70.0096
70.0096
69.6989
69.6989
69.6989
69.6989
69.6989
69.6989
69.6989
69.6989
69.6989
69.6989
69.6989
69.6989
69.6989
69.6989
69.6989
69.6989
69.6989
69.6989
69.6989
69.6989
69.6989
69.6989
69.6989
69.6989
69.6989
69.6989
69.6989
69.6989
69.6989
69.6989
69.6989
69.6989
69.6989
69.6989
69.6989
69.6989
69.6989
69.6989
69.6989
69.6989
69.6989
69.6989
69.6989
69.6989
69.6989
69.6989
69.6989
69.6989
69.6989
69.6989
69.6989
69.6989
69.6989
69.6989
69.6989
69.6989
69.6989
69.6989
69.6989
69.6989
69.6989
69.6989
69.6989
69.6989
69.6989
69.6989
69.6989
69.6989
69.6989
69.6989
69.6989
69.6989
69.6989
69.6989
69.6989
69.6989
69.6989
69.6989
69.6989
69.6989
69.6989
69.6989
69.6989
69.6989
69.6989
69.6989
69.6989
69.6989
69.4784
69.4784
69.4784
69.4784
69.4784
69.4784
69.4784
69.4784
69.4784
69.4784
69.4784
69.4784
69.4784
69.4784
69.4784
69.4784
69.4784
69.4784
69.4784
69.4784
69.4784
69.4784
69.4784
69.3521
69.3521
69.3521
69.3521
69.3521
69.3521
69.3521
69.3521
69.3521
69.3521
69.3521
69.3521
69.3521
69.3521
69.3521
69.3521
69.3521
69.3521
69.3521
69.3521
69.3521
69.3521
69.3521
69.2379
69.2379
69.2379
69.2379
69.2379
69.2379
69.2379
69.2379
69.2379
69.2379
69.2379
69.2379
69.2379
69.2379
69.2379
69.2379
69.2379
69.2379
69.2379
69.2379
69.2379
69.2379
69.2379
69.2379
69.2379
69.2379
69.2379
69.2379
69.2379
69.2379
69.2379
69.2379
69.2379
69.2379
69.2379
69.2379
69.2379
69.2379
69.2379
69.2379
69.2379
69.2379
69.2379
69.2379
69.2379
69.2379
69.2379
69.2379
69.2379
69.2379
69.2379
69.2379
69.2379
69.2379
69.2379
69.2379
69.2379
69.2379
69.2379
69.2379
69.2379
69.2379
69.2379
69.2379
69.2379
69.2379
69.2379
69.2379
69.2379
69.2379
69.2379
69.2379
69.2379
69.2379
69.2379
69.2379
69.2379
69.2379
69.2379
69.2379
69.2379
69.2379
69.2379
69.2379
69.2379
69.2379
69.2379
69.2379
69.2379
69.2379
69.2379
69.2379
69.2379
69.2379
69.2379
69.2379
69.2379
69.2379
69.2379
69.2379
69.2379
69.2379
69.2379
69.2379
69.2379
69.2379
69.2379
69.2379
69.2379
69.2379
69.2379
69.2379
69.2379
69.2379
69.2379
69.2379
69.2379
69.2379
69.2379
69.2379
69.2379
69.2379
69.2379
69.2379
69.2379
69.2379
69.2379
69.2379
69.2379
69.2379
69.2379
69.2379
69.2379
69.2379
69.2379
69.2379
69.2379
69.2379
69.2379
69.2379
69.2379
69.2379
69.2379
69.2379
69.2379
69.2379
69.2379
69.2379
69.2379
69.2379
69.2379
69.2379
69.2379
69.2379
69.2379
69.2379
69.2379
69.2379
69.2379
69.2379
69.2379
69.2379
69.2379
69.2379
69.2379
69.2379
69.2379
69.2379
69.2379
69.2379
69.2379
69.2379
69.2379
69.2379
69.2379
69.2379
69.2379
69.2379
69.2379
69.2379
69.2379
69.2379
69.2379
69.2379
69.2379
69.2379
69.2379
69.2379
69.2379
69.2379
69.2379
69.2379
69.2379
69.2379
69.2379
69.2379
69.2379
69.2379
69.2379
69.2379
69.2379
69.2379
69.2379
69.2379
69.2379
69.2379
69.2379
69.2379
69.2379
69.2379
69.2379
69.2379
69.2379
69.2379
69.2379
69.2379
69.2379
69.2379
69.2379
69.2379
69.2379
69.2379
69.2379
69.2379
69.2379
69.2379
69.2379
69.2379
69.2379
69.2379
69.2379
69.2379
69.2379
69.2379
69.2379
69.2379
69.2379
69.2379
69.2379
69.2379
69.2379
69.2379
69.2379
69.2379
69.2379
69.2379
69.2379
69.2379
69.2379
69.2379
69.2379
69.2379
69.2379
69.2379
69.2379
69.2379
69.2379
69.2379
69.2379
69.2379
69.2379
69.2379
69.2379
69.2379
69.2379
69.2379
69.2379
69.2379
69.2379
69.2379
69.2379
69.2379
69.2379
69.2379
69.2379
69.2379
69.2379
69.2379
69.2379
69.2379
69.2379
69.2379
69.2379
69.2379
69.2379
69.2379
69.2379
69.2379
69.2379
69.2379
69.2379
69.2379
69.2379
69.2379
69.2379
69.2379
69.2379
69.2379
69.2379
69.2379
69.2379
69.2379
68.7831
68.7831
68.7831
68.7831
68.7831
68.7831
68.7831
68.7831
68.7831
68.7831
68.7831
68.7831
68.7831
68.7831
68.7831
68.7831
68.7831
68.7831
68.7831
68.7831
68.7831
68.7831
68.7831
68.7831
68.7831
68.7831
68.7831
68.7831
68.7831
68.7831
68.7831
68.7831
68.7831
68.7831
68.7831
68.7831
68.7831
68.7831
68.7831
68.7831
68.7831
68.7831
68.7831
68.7831
68.7831
68.7831
68.7831
68.7831
68.7831
68.7831
68.7831
68.7831
68.7831
68.7831
68.7831
68.7831
68.7831
68.7831
68.7831
68.7831
68.7831
68.7831
68.7831
68.7831
68.7831
68.7831
68.7831
68.7831
68.7831
68.7831
68.7831
68.7831
68.7831
68.7831
68.7831
68.7831
68.7831
68.7831
68.7831
68.7831
68.7831
68.7831
68.7831
68.7831
68.7831
68.7831
68.7831
68.7831
68.7831
68.7831
68.7831
68.7831
68.7831
68.7831
68.7831
68.7831
68.7831
68.7831
68.7831
68.7831
68.7831
68.7831
68.7831
68.7831
68.7831
68.7831
68.7831
68.7831
68.7831
68.7831
68.7831
68.7831
68.7831
68.7831
68.7831
68.7831
68.7831
68.7831
68.7831
68.7831
68.7831
68.7831
68.7831
68.7831
68.7831
68.7831
68.7831
68.7831
68.7831
68.7831
68.7831
68.7831
68.7831
68.7831
68.7831
68.7831
68.7831
68.7831
68.7831
68.7831
68.7831
68.7831
68.7831
68.7831
68.7831
68.7831
68.7831
68.7831
68.7831
68.7831
68.7831
68.7831
68.7831
68.7831
68.7831
68.7831
68.7831
68.7831
68.7831
68.7831
68.7831
68.7831
68.7831
68.7831
68.7831
68.7831
68.7831
68.7831
68.7831
68.7831
68.7831
68.7831
68.7831
68.7831
68.7831
68.7831
68.7831
68.7831
68.7831
68.7831
68.7831
68.7831
68.7831
68.7831
68.7831
68.7831
68.7831
68.7218
68.7218
68.7218
68.7218
68.7218
68.7218
68.7218
68.7218
68.7218
68.7218
68.7218
68.7218
68.7218
68.7218
68.7218
68.7218
68.7218
68.7218
68.7218
68.7218
68.7218
68.7218
68.7218
68.7218
68.7218
68.7218
68.7218
68.7218
68.7218
68.7218
68.7218
68.7218
68.7218
68.7218
68.7218
68.7218
68.7218
67.9455
67.9455
67.9455
67.9455
67.9455
67.9455
67.9455
67.9455
67.9455
67.9455
67.9455
67.9455
67.9455
67.9455
67.9455
67.9455
67.9455
67.9455
67.9455
67.9455
67.9455
67.9455
67.9455
67.9455
67.9455
67.9455
67.9455
67.9455
67.9455
67.9455
67.9455
67.9455
67.9455
67.9455
67.9455
67.9455
67.9455
67.9455
67.9455
67.9455
67.9455
67.9455
67.9455
67.9455
67.9455
67.9455
67.9455
67.9455
67.9455
67.9455
67.9455
67.9455
67.9455
67.9455
67.9455
67.9455
67.9455
67.9455
67.9455
67.9455
67.9455
67.9455
67.9455
67.9455
67.9455
67.9455
67.9455
67.9455
67.9455
67.9455
67.9455
67.9455
67.9455
67.9455
67.9455
67.9455
67.9455
67.9455
67.9455
67.9455
67.9455
67.9455
67.9455
67.9455
67.9455
67.9455
67.9455
67.9455
67.9455
67.9455
67.9455
67.9455
67.9455
67.9455
67.9455
67.9455
67.9455
67.9455
67.9455
67.9455
67.9455
67.9455
67.9455
67.9455
67.9455
67.9455
67.9455
67.9455
67.9455
67.9455
67.9455
67.9455
67.9455
67.9455
67.9455
67.9455
67.9455
67.9455
67.9455
67.9455
67.9455
67.9455
67.9455
67.9455
67.9455
67.9455
67.9455
67.9455
67.9455
67.9455
67.9455
67.9455
67.9455
67.9455
67.9455
67.9455
67.9455
67.9455
67.9455
67.9455
67.9455
67.9455
67.9455
67.9455
67.9455
67.9455
67.9455
67.9455
67.9455
67.9455
67.9455
67.9455
67.9455
67.9455
67.9455
67.9455
67.9455
67.9455
67.9455
67.9455
67.9455
67.9455
67.9455
67.9455
67.9455
67.9455
67.9455
67.9455
67.9455
67.9455
67.9455
67.9455
67.9455
67.9455
67.9455
67.9455
67.9455
67.9455
67.9455
67.9455
67.9455
67.9455
67.9455
67.9455
67.9455
67.9455
67.9455
67.9455
67.9455
67.9455
67.9455
67.9455
67.9455
67.9455
67.9455
67.9455
67.9455
67.9455
67.9455
67.9455
67.9455
67.9455
67.9455
67.9455
67.9455
67.9455
67.9455
67.9455
67.9455
67.9455
67.9455
67.9455
67.9455
67.9455
67.9455
67.9455
67.9455
67.9455
67.9455
67.9455
67.9455
67.9455
67.9455
67.9455
67.9455
67.9455
67.9455
67.9455
67.9455
67.9455
67.9455
67.9455
67.9455
67.9455
67.9455
67.9455
67.9455
67.9455
67.9455
67.9455
67.9455
67.9455
67.9455
67.9455
67.9455
67.9455
67.9455
67.9455
67.9455
67.9455
67.9455
67.9455
67.9455
67.9455
67.9455
67.9455
67.9455
67.9455
67.9455
67.9455
67.9455
67.9455
67.9455
67.9455
67.9455
67.9455
67.9455
67.9455
67.9455
67.9455
67.9455
67.9455
67.9455
67.9455
67.9455
67.9455
67.9455
67.9455
67.9455
67.9455
67.9455
67.9455
67.9455
67.9455
67.9455
67.9455
67.9455
67.9455
67.9455
67.9455
67.9455
67.9455
67.9455
67.9455
67.9455
67.9455
67.9455
67.9455
67.9455
67.9455
67.9455
67.9455
67.9455
67.9455
67.9455
67.9455
67.9455
67.9455
67.9455
67.9455
67.9455
67.9455
67.9455
67.9455
67.9455
67.9455
67.9455
67.9455
67.9455
67.9455
67.9455
67.9455
67.9455
67.9455
67.9455
67.9455
67.9455
67.9455
67.9455
67.9455
67.9455
67.9455
67.9455
67.9455
67.9455
67.9455
67.9455
67.9455
67.9455
67.9455
67.9455
67.9455
67.9455
67.9455
67.9455
67.9455
67.9455
67.9455
67.9455
67.9455
67.9455
67.9455
67.9455
67.9455
67.9455
67.9455
67.9455
67.9455
67.9455
67.9455
67.9455
67.9455
67.9455
67.9455
67.9455
67.9455
67.9455
67.9455
67.9455
67.9455
67.9455
67.9455
67.9455
67.9455
67.9455
67.9455
67.9455
67.9455
67.9455
67.9455
67.9455
67.9455
67.9455
67.9455
67.9455
67.9455
67.9455
67.9455
67.9455
67.9455
67.9455
67.9455
67.9455
67.9455
67.9455
67.9455
67.9455
67.9455
67.9455
67.9455
67.9455
67.9455
67.9455
67.9455
67.9455
67.9455
67.9455
67.9455
67.9455
67.9455
67.9455
67.9455
67.9455
67.9455
67.9455
67.9455
67.9455
67.9455
67.9455
67.9455
67.9455
67.9455
67.9455
67.9455
67.9455
67.9455
67.9455
67.9455
67.9455
67.9455
67.9455
67.9455
67.9455
67.9455
67.9455
67.9455
67.9455
67.9455
67.9455
67.9455
67.9455
67.9455
67.9455
67.9455
67.9455
67.9455
67.9455
67.9455
67.9455
67.9455
67.9455
67.9455
67.9455
67.9455
67.9455
67.9455
67.9455
67.9455
67.9455
67.9455
67.9455
67.9455
67.9455
67.9455
67.9455
67.9455
67.9455
67.9455
67.9455
67.9455
67.9455
67.9455
67.9455
67.9455
67.9455
67.9455
67.9455
67.9455
67.9455
67.9455
67.9455
67.9455
67.9455
67.9455
67.9455
67.9455
67.9455
67.9455
67.9455
67.9455
67.9455
67.9455
67.9455
67.9455
67.9455
67.9455
67.9455
67.9455
67.9455
67.9455
67.9455
67.9455
67.9455
67.9455
67.9455
67.9455
67.9455
67.9455
67.9455
67.9455
67.9455
67.9455
67.9455
67.9455
67.9455
67.9455
67.9455
67.9455
67.9455
67.9455
67.9455
67.9455
67.9455
67.9455
67.9455
67.9455
67.9455
67.9455
67.9455
67.9455
67.9455
67.9455
67.9455
67.9455
67.9455
67.9455
67.9455
67.9455
67.9455
67.9455
67.9455
67.9455
67.9455
67.9455
67.9455
67.9455
67.9455
67.9455
67.9455
67.9455
67.9455
67.9455
67.9455
67.9455
67.9455
67.9455
67.9455
67.9455
67.9455
67.9455
67.9455
67.9455
67.9455
67.9455
67.9455
67.9455
67.9455
67.9455
67.9455
67.9455
67.9455
67.9455
67.9455
67.9455
67.9455
67.9455
67.9455
67.9455
67.9455
67.9455
67.9455
67.9455
67.9455
67.9455
67.9455
67.9455
67.9455
67.9455
67.9455
67.9455
67.9455
67.9455
67.9455
67.9455
67.9455
67.9455
67.9455
67.9455
67.9455
67.9455
67.9455
67.9455
67.9455
67.9455
67.9455
67.9455
67.9455
67.9455
67.9455
67.9455
67.9455
67.9455
67.9455
67.9455
67.9455
67.9455
67.9455
67.9455
67.9455
67.9455
67.9455
67.9455
67.9455
67.9455
67.9455
67.9455
67.9455
67.9455
67.9455
67.9455
67.9455
67.9455
67.9455
67.9455
67.9455
67.9455
67.9455
67.9455
67.9455
67.9455
67.9455
67.9455
67.9455
67.9455
67.9455
67.9455
67.9455
67.9455
67.9455
67.9455
67.9455
67.9455
67.9455
67.9455
67.9455
67.9455
67.9455
67.9455
67.9455
67.9455
67.9455
67.9455
67.9455
67.9455
67.9455
67.9455
67.9455
67.9455
67.9455
67.9455
67.9455
67.9455
67.9455
67.9455
67.9455
67.9455
67.9455
67.9455
67.9455
67.9455
67.9455
67.9455
67.9455
67.9455
67.9455
67.9455
67.9455
67.9455
67.9455
67.9455
67.9455
67.9455
67.9455
67.9455
67.9455
67.9455
67.9455
67.9455
67.9455
67.9455
67.9455
67.9455
67.9455
67.9455
67.9455
67.9455
67.9455
67.9455
67.9455
67.9455
67.9455
67.9455
67.9455
67.9455
67.9455
67.9455
67.9455
67.9455
67.9455
67.9455
67.9455
67.9455
67.9455
67.9455
67.9455
67.9455
67.9455
67.9455
67.9455
67.9455
67.9455
67.9455
67.9455
67.9455
67.9455
67.9455
67.9455
67.9455
67.9455
67.9455
67.9455
67.9455
67.9455
67.9455
67.9455
67.9455
67.9455
67.9455
67.9455
67.9455
67.9455
67.9455
67.9455
67.9455
67.9455
67.9455
67.9455
67.9455
67.9455
67.9455
67.9455
67.9455
67.9455
67.9455
67.9455
67.9455
67.9455
67.9455
67.9455
67.9455
67.9455
67.9455
67.9455
67.9455
67.9455
67.9455
67.9455
67.9455
67.9455
67.9455
67.9455
67.9455
67.9455
67.9455
67.9455
67.9455
67.9455
67.9455
67.9455
67.9455
67.9455
67.9455
67.9455
67.9455
67.9455
67.9455
67.9455
67.9455
67.9455
67.9455
67.9455
67.9455
67.9455
67.9455
67.9455
67.9455
67.9455
67.9455
67.9455
67.9455
67.9455
67.9455
67.9455
67.9455
67.9455
67.9455
67.9455
67.9455
67.9455
67.9455
67.9455
67.9455
67.9455
67.9455
67.9455
67.9455
67.9455
67.9455
67.9455
67.9455
67.9455
67.9455
67.9455
67.9455
67.9455
67.9455
67.9455
67.9455
67.9455
67.9455
67.9455
67.9455
67.9455
67.9455
67.9455
67.9455
67.9455
67.9455
67.9455
67.9455
67.9455
67.9455
67.9455
67.9455
67.9455
67.9455
67.9455
67.9455
67.9455
67.9455
67.9455
67.9455
67.9455
67.9455
67.9455
67.9455
67.9455
67.9455
67.9455
67.9455
67.9455
67.9455
67.9455
67.9455
67.9455
67.9455
67.9455
67.9455
67.9455
67.9455
67.9455
67.9455
67.9455
67.9455
67.9455
67.9455
67.9455
67.9455
67.9455
67.9455
67.9455
67.9455
67.9455
67.9455
67.9455
67.9455
67.9455
67.9455
67.9455
67.9455
67.9455
67.9455
67.9455
67.9455
67.9455
67.9455
67.9455
67.9455
67.9455
67.9455
67.9455
67.9455
67.9455
67.9455
67.9455
67.9455
67.9455
67.9455
67.9455
67.9455
67.9455
67.9455
67.9455
67.9455
67.9455
67.9455
67.9455
67.9455
67.9455
67.9455
67.9455
67.9455
67.9455
67.9455
67.9455
67.9455
67.9455
67.9455
67.9455
67.9455
67.9455
67.9455
67.9455
67.9455
67.9455
67.9455
67.9455
67.9455
67.9455
67.9455
67.9455
67.9455
67.9455
67.9455
67.9455
67.9455
67.9455
67.9455
67.9455
67.9455
67.9455
67.9455
67.9455
67.9455
67.9455
67.9455
67.9455
67.9455
67.9455
67.9455
67.9455
67.9455
67.9455
67.9455
67.9455
67.9455
67.9455
67.9455
67.9455
67.9455
67.9455
67.9455
67.9455
67.9455
67.9455
67.9455
67.9455
67.9455
67.9455
67.9455
67.9455
67.9455
67.9455
67.9455
67.9455
67.9455
67.9455
67.9455
67.9455
67.9455
67.9455
67.9455
67.9455
67.9455
67.9455
67.9455
67.9455
67.9455
67.9455
67.9455
67.9455
67.9455
67.9455
67.9455
67.9455
67.9455
67.9455
67.9455
67.9455
67.9455
67.9455
67.9455
67.9455
67.9455
67.9455
67.9455
67.9455
67.9455
67.9455
67.9455
67.9455
67.9455
67.9455
67.9455
67.9455
67.9455
67.9455
67.9455
67.9455
67.9455
67.9455
67.9455
67.9455
67.9455
67.9455
67.9455
67.9455
67.9455
67.9455
67.9455
67.9455
67.9119
67.9119
67.9119
67.9119
67.9119
67.9119
67.9119
67.9119
67.9119
67.9119
67.9119
67.9119
67.9119
67.9119
67.9119
67.9119
67.9119
67.9119
67.9119
67.9119
67.9119
67.9119
67.9119
67.9119
67.9119
67.9119
67.9119
67.9119
67.9119
67.9119
67.9119
67.9119
67.9119
67.9119
67.9119
67.9119
67.9119
67.9119
67.9119
67.9119
67.9119
67.9119
67.9119
67.9119
67.9119
67.9119
67.9119
67.9119
67.9119
67.9119
67.9119
67.9119
67.9119
67.9119
67.9119
67.9119
67.9119
67.9119
67.9119
67.9119
67.9119
67.9119
67.9119
67.9119
67.9119
67.9119
67.9119
67.9119
67.9119
67.9119
67.9119
67.9119
67.9119
67.9119
67.9119
67.9119
67.9119
67.9119
67.9119
67.9119
67.9119
67.9119
67.9119
67.9119
67.9119
67.9119
67.9119
67.9119
67.9119
67.9119
67.9119
67.9119
67.9119
67.9119
67.9119
67.9119
67.9119
67.9119
67.9119
67.9119
67.9119
67.9119
67.9119
67.9119
67.9119
67.9119
67.9119
67.9119
67.9119
67.9119
67.9119
67.9119
67.9119
67.9119
67.9119
67.9119
67.5439
67.5439
67.5439
67.5439
67.5439
67.5439
67.5439
67.5439
67.5439
67.5439
67.5439
67.5439
67.5439
67.5439
67.5439
67.5439
67.5439
67.5439
67.5439
67.5439
67.5439
67.5439
67.5439
67.5439
67.5439
67.5439
67.5439
67.5439
67.5439
67.5439
67.5439
67.5439
67.5439
67.5439
67.5439
67.5439
67.5439
67.5439
67.5439
67.5439
67.5439
67.5439
67.5439
67.5439
67.5439
67.5439
67.5439
67.5439
67.5439
67.5439
67.5439
67.5439
67.5439
67.5439
67.5439
67.5439
67.5439
67.5439
67.5439
67.5439
67.5439
67.5439
67.5439
67.5439
67.5439
67.5439
67.5439
67.5439
67.5439
67.5439
67.5439
67.5439
67.5439
67.5439
67.5439
67.5439
67.5439
67.5439
67.5439
67.5439
67.5439
67.5439
67.5439
67.5439
67.5439
67.5439
67.5439
67.5439
67.5439
67.5439
67.5439
67.5439
67.5439
67.5439
67.5439
67.5439
67.5439
67.5439
67.5439
67.5439
67.5439
67.5439
67.5439
67.5439
67.5439
67.5439
67.5439
67.5439
67.5439
67.5439
67.5439
67.5439
67.5439
67.5439
67.5439
67.5439
67.5439
67.5439
67.5439
67.5439
67.5439
67.5439
67.5439
67.5439
67.5439
67.5439
67.5439
67.5439
67.5439
67.5439
67.5439
67.5439
67.5439
67.5439
67.5439
67.5439
67.5439
67.5439
67.5439
67.5439
67.5439
67.5439
67.5439
67.5439
67.5439
67.5439
67.5439
67.5439
67.5439
67.5439
67.5439
67.5439
67.5439
67.5439
67.5439
67.5439
67.5439
67.5439
67.5439
67.5439
67.5439
67.5439
67.5439
67.5439
67.5439
67.5439
67.5439
67.5439
67.5439
67.5439
67.5439
67.5439
67.5439
67.5439
67.5439
67.5439
67.5439
67.5439
67.5439
67.5439
67.5439
67.5439
67.5439
67.5439
67.5439
67.5439
67.5439
67.5439
67.5439
67.5439
67.5439
67.5439
67.5439
67.5439
67.5439
67.5439
67.5439
67.5439
67.5439
67.5439
67.5439
67.5439
67.5439
67.5439
67.5439
67.5439
67.5439
67.5439
67.5439
67.5439
67.5439
67.5439
67.5439
67.5439
67.5439
67.5439
67.5439
67.5439
67.5439
67.5439
67.5439
67.5439
67.5439
67.5439
67.5439
67.5439
67.5439
67.5439
67.5439
67.5439
67.5439
67.5439
67.5439
67.5439
67.5439
67.5439
67.5439
67.5439
67.5439
67.5439
67.5439
67.5439
67.5439
67.5439
67.5439
67.5439
67.5439
67.5439
67.5439
67.5439
67.5439
67.5439
67.5439
67.5439
67.5439
67.5439
67.5439
67.5439
67.5439
67.5439
67.5439
67.5439
67.5439
67.5439
67.5439
67.5439
67.5439
67.5439
67.5439
67.5439
67.5439
67.5439
67.5439
67.5439
67.5439
67.5439
67.5439
67.5439
67.5439
67.5439
67.5439
67.5439
67.5439
67.5439
67.5439
67.5439
67.5439
67.5439
67.5439
67.5439
67.5439
67.5439
67.5439
67.5439
67.5439
67.5439
67.5439
67.5439
67.5439
67.5439
67.5439
67.5439
67.5439
67.5439
67.5439
67.5439
67.5439
67.5439
67.5439
67.5439
67.5439
67.5439
67.5439
67.5439
67.5439
67.5439
67.5439
67.5439
67.5439
67.5439
67.5439
67.5439
67.5439
67.5439
67.5439
67.5439
67.5439
67.5439
67.5439
67.5439
67.5439
67.5439
67.5439
67.5439
67.5439
67.5439
67.5439
67.5439
67.5439
67.5439
67.5439
67.5439
67.5439
67.5439
67.5439
67.5439
67.5439
67.5439
67.5439
67.5439
67.5439
67.5439
67.5439
67.5439
67.5439
67.5439
67.5439
67.5439
67.5439
67.5439
67.5439
67.5439
67.5439
67.5439
67.5439
67.5439
67.5439
67.5439
67.5439
67.5439
67.5439
67.5439
67.5439
67.5439
67.5439
67.5439
67.5439
67.5439
67.5439
67.3644
67.3644
67.3644
67.3644
67.3644
67.3644
67.3644
67.3644
67.3644
67.3644
67.3644
67.3644
67.3644
67.25
67.25
67.25
67.25
67.25
67.25
67.25
67.25
67.25
67.25
67.25
67.25
67.25
67.25
67.25
67.25
67.25
67.25
67.25
67.25
67.25
67.25
67.25
67.25
67.25
67.25
67.25
67.25
67.25
67.25
67.25
67.25
67.25
67.25
67.25
67.25
67.25
67.25
67.25
67.25
67.25
67.25
67.25
67.25
67.25
67.25
67.25
67.25
67.25
67.25
67.25
67.25
67.25
67.25
67.25
67.25
67.25
67.25
67.25
67.25
67.25
67.25
67.25
67.25
67.25
67.25
67.25
67.25
67.25
67.25
67.25
67.25
67.25
67.25
67.25
67.25
67.25
67.25
67.25
67.25
67.25
67.25
67.25
67.25
67.25
67.25
67.25
67.25
67.25
67.25
67.25
67.25
67.25
67.25
67.25
67.25
67.25
67.25
67.25
67.25
67.25
67.25
67.25
67.25
67.25
67.25
67.25
67.25
67.25
67.25
67.25
67.25
67.25
67.25
67.25
67.25
67.25
67.25
67.25
67.25
67.25
67.25
67.25
67.25
67.25
67.25
67.25
67.25
67.25
67.25
67.25
67.25
67.25
67.25
67.25
67.25
67.25
67.25
67.25
67.25
67.25
67.25
67.25
67.25
67.25
67.25
67.25
67.25
67.25
67.25
67.25
67.25
67.25
67.25
67.25
67.25
67.25
67.25
67.25
67.25
67.25
67.25
67.25
67.25
67.25
67.25
67.25
67.25
67.25
67.25
67.25
67.25
67.25
67.25
67.25
67.25
67.25
67.25
67.25
67.25
67.25
67.25
67.25
67.25
67.25
67.25
67.25
67.25
67.25
67.25
67.25
67.25
67.25
67.25
67.25
67.25
67.25
67.25
67.25
67.25
67.25
67.25
67.25
67.25
67.25
67.25
67.25
67.25
67.25
67.25
67.25
67.25
67.25
67.25
67.25
67.25
67.25
67.25
67.25
67.25
67.25
67.25
67.25
67.25
67.25
67.25
67.25
67.25
67.25
67.25
67.25
67.25
67.25
67.25
67.25
67.25
67.25
67.25
67.25
67.25
67.25
67.25
67.25
67.25
67.25
67.25
67.25
67.25
67.25
67.25
67.25
67.25
67.25
67.25
67.25
67.25
67.25
67.25
67.25
67.25
67.25
67.25
67.25
67.25
67.25
67.25
67.25
67.25
67.25
67.25
67.25
67.25
67.25
67.25
67.25
67.25
67.25
67.25
67.25
67.25
67.25
67.25
67.25
67.25
67.25
67.25
67.25
67.25
67.25
67.25
67.25
67.25
67.25
67.25
67.25
67.25
67.25
67.25
67.25
67.25
67.25
67.25
67.25
67.25
67.25
67.25
67.25
67.25
67.25
67.25
67.25
67.25
67.25
67.25
67.25
67.25
67.25
67.25
67.25
67.25
67.25
67.25
67.25
67.25
67.25
67.25
67.25
67.25
67.25
67.25
67.25
67.25
67.25
67.25
67.25
67.25
67.25
67.25
67.25
67.25
67.25
67.25
67.25
67.25
67.25
67.25
67.25
67.25
67.25
67.25
67.25
67.25
67.25
67.25
67.25
67.25
67.25
67.25
67.25
67.25
67.25
67.25
67.25
67.25
67.25
67.25
67.25
67.25
67.25
67.25
67.25
67.25
67.25
67.25
67.25
67.25
67.25
67.25
67.25
67.25
67.25
67.25
67.25
67.25
67.25
67.25
67.25
67.25
67.25
67.25
67.25
67.25
67.25
67.25
67.25
67.25
67.25
67.25
67.25
67.25
67.25
67.25
67.25
67.25
67.25
67.25
67.25
67.25
67.25
67.25
67.25
67.25
67.25
67.25
67.25
67.25
67.25
67.25
67.25
67.25
67.25
67.25
67.25
67.25
67.25
67.25
67.25
67.25
67.25
67.25
67.25
67.25
67.25
67.25
67.25
67.25
67.25
67.25
67.25
67.25
67.25
67.25
67.25
67.25
67.25
67.25
67.25
67.25
67.25
67.25
67.25
67.25
67.25
67.25
67.25
67.25
67.25
67.25
67.25
67.25
67.25
67.25
67.25
67.25
67.25
67.25
67.25
67.25
67.25
67.25
67.25
67.25
67.25
67.25
67.25
67.25
67.25
67.25
67.25
67.25
67.25
67.25
67.25
67.25
67.25
67.25
67.25
67.25
67.25
67.25
67.25
67.25
67.25
67.25
67.25
67.25
67.25
67.25
67.25
67.25
67.25
67.25
67.25
67.25
67.25
67.25
67.25
67.25
67.25
67.25
67.25
67.25
67.25
67.25
67.25
67.25
67.25
67.25
67.25
67.25
67.25
67.25
67.25
67.25
67.25
67.25
67.25
67.25
67.25
67.25
67.25
67.25
67.25
67.25
67.25
67.25
67.25
67.25
67.25
67.25
67.25
67.25
67.25
67.25
67.25
67.25
67.25
67.25
67.25
67.25
67.25
67.25
67.25
67.25
67.25
67.25
67.25
67.25
67.25
67.25
67.25
67.25
67.25
67.25
67.25
67.25
67.25
67.25
67.25
67.25
67.25
67.25
67.25
67.25
67.25
67.25
67.25
67.25
67.25
67.25
67.25
67.25
67.25
67.25
67.25
67.25
67.25
67.25
67.25
67.25
67.25
67.25
67.25
67.25
67.25
67.25
67.25
67.25
67.25
67.25
67.25
67.25
67.25
67.25
67.25
67.25
67.25
67.25
67.25
67.25
67.25
67.25
67.25
67.25
67.25
67.25
67.25
67.25
67.25
67.25
67.25
67.25
67.25
67.25
67.25
67.25
67.25
67.25
67.25
67.25
67.25
67.25
67.25
67.25
67.25
67.25
67.25
67.25
67.25
67.25
67.25
67.25
67.25
67.25
67.25
67.25
67.25
67.25
67.25
67.25
67.25
67.25
67.25
67.25
67.25
67.25
67.25
67.25
67.25
67.25
67.25
67.25
67.25
67.25
67.25
67.25
67.25
67.25
67.25
67.25
67.25
67.25
67.25
67.25
67.25
67.25
67.25
67.25
67.25
67.25
67.25
67.25
67.25
67.25
67.25
67.25
67.25
67.25
67.25
67.25
67.25
67.25
67.25
67.25
67.25
67.25
67.25
67.25
67.25
67.25
67.25
67.25
67.25
67.25
67.25
67.25
67.25
67.25
67.25
67.25
67.25
67.25
67.25
67.25
67.25
67.25
67.25
67.25
67.25
67.25
67.25
67.25
67.25
67.25
67.25
67.25
67.25
67.25
67.25
67.25
67.25
67.25
67.25
67.25
67.25
67.25
67.25
67.25
67.25
67.25
67.25
67.25
67.25
67.25
67.25
67.25
67.25
67.25
67.25
67.25
67.25
67.25
67.25
67.25
67.25
67.25
67.25
67.25
67.25
67.25
67.25
67.25
67.25
67.25
67.25
67.25
67.25
67.25
67.25
67.25
67.25
67.25
67.25
67.25
67.25
67.25
67.25
67.25
67.25
67.25
67.25
67.25
67.25
67.25
67.25
67.25
67.25
67.25
67.25
67.25
67.25
67.25
67.25
67.25
67.25
67.25
67.25
67.25
67.25
67.25
67.25
67.25
67.25
67.25
67.25
67.25
67.25
67.25
67.25
67.25
67.25
67.25
67.25
67.25
67.25
67.25
67.25
67.25
67.25
67.25
67.25
67.25
67.25
67.25
67.25
67.25
67.25
67.25
67.25
67.25
67.25
67.25
67.25
67.25
67.25
67.25
67.25
67.25
67.25
67.25
67.25
67.25
67.25
67.25
67.25
67.25
67.25
67.25
67.25
67.25
67.25
67.25
67.25
67.25
67.25
67.25
67.25
67.25
67.25
67.25
67.25
67.25
67.25
67.25
67.25
67.25
67.25
67.25
67.25
67.25
67.25
67.25
67.25
67.25
67.25
67.25
67.25
67.25
67.25
67.25
67.25
67.25
67.25
67.25
67.25
67.25
67.25
67.25
67.25
67.25
67.25
67.25
67.25
67.25
67.25
67.25
67.25
67.25
67.25
67.25
67.25
67.25
67.25
67.25
67.25
67.25
67.25
67.25
67.25
67.25
67.25
67.25
67.25
67.25
67.25
67.25
67.25
67.25
67.25
67.25
67.25
67.25
67.25
67.25
67.25
67.25
67.25
67.25
67.25
67.25
67.25
67.25
67.25
67.25
67.25
67.25
67.25
67.25
67.25
67.25
67.25
67.25
67.25
67.25
67.25
67.25
67.25
67.25
67.25
67.25
67.25
67.25
67.25
67.25
67.25
67.25
67.25
67.25
67.25
67.25
67.25
67.25
67.25
67.25
67.25
67.25
67.25
67.25
67.25
67.25
67.25
67.25
67.25
67.25
67.25
67.25
67.25
67.25
67.25
67.25
67.25
67.25
67.25
67.25
67.25
67.25
67.25
67.25
67.25
67.25
67.25
67.25
67.25
67.25
67.25
67.25
67.25
67.25
67.25
67.25
67.25
67.25
67.25
67.25
67.25
67.25
67.25
67.25
67.25
67.25
67.25
67.25
67.25
67.25
67.25
67.25
67.25
67.25
67.25
67.25
67.25
67.25
67.25
67.25
67.25
67.25
67.25
67.25
67.25
67.25
67.25
67.25
67.25
67.25
67.25
67.25
67.25
67.25
67.25
67.25
67.25
67.25
67.25
67.25
67.25
67.25
67.25
67.25
67.25
67.25
67.25
67.25
67.25
67.25
67.25
67.25
67.25
67.25
67.25
67.25
67.25
67.25
67.25
67.25
67.25
67.25
67.25
67.25
67.25
67.25
67.25
67.25
67.25
67.25
67.25
67.25
67.25
67.25
67.25
67.25
67.25
67.25
67.25
67.25
67.25
67.25
67.25
67.25
67.25
67.25
67.25
67.25
67.25
67.25
67.25
67.25
67.25
67.25
67.25
67.25
67.25
67.25
67.25
67.25
67.25
67.25
67.25
67.25
67.25
67.25
67.25
67.25
67.25
67.25
67.25
67.25
67.25
67.25
67.25
67.25
67.25
67.25
67.25
67.25
67.25
67.25
67.25
67.25
67.25
67.25
67.25
67.25
67.25
67.25
67.25
67.25
67.25
67.25
67.25
67.25
67.25
67.25
67.25
67.25
67.25
67.25
67.25
67.25
67.25
67.25
67.25
67.25
67.25
67.25
67.25
67.25
67.25
67.25
67.25
67.25
67.25
67.25
67.25
67.25
67.25
67.25
67.25
67.25
67.25
67.25
67.25
67.25
67.25
67.25
67.25
67.25
67.25
67.25
67.25
67.25
67.25
67.25
67.25
67.25
67.25
67.25
67.25
67.25
67.25
67.25
67.25
67.25
67.25
67.25
67.25
67.25
67.25
67.25
67.25
67.25
67.25
67.25
67.25
67.25
67.25
67.25
67.25
67.25
67.25
67.25
67.25
67.25
67.25
67.25
67.25
67.25
67.25
67.25
67.25
67.25
67.25
67.25
67.25
67.25
67.25
67.25
67.25
67.25
67.25
67.25
67.25
67.25
67.25
67.25
67.25
67.25
67.25
67.25
67.25
67.25
67.25
67.25
67.25
67.25
67.25
67.25
67.25
67.25
67.25
67.25
67.25
67.25
67.25
67.25
67.25
67.25
67.25
67.25
67.25
67.25
67.25
67.25
67.25
67.25
67.25
67.25
67.25
67.25
67.25
67.25
67.25
67.25
67.25
67.25
67.25
67.25
67.25
67.25
67.25
67.25
67.25
67.25
67.25
67.25
67.25
67.25
67.25
67.25
67.25
67.25
67.25
67.25
67.25
67.25
67.25
67.25
67.25
67.25
67.25
67.25
67.25
67.25
67.25
67.25
67.25
67.25
67.25
67.25
67.25
67.25
67.25
67.25
67.25
67.25
67.25
67.25
67.25
67.25
67.25
67.25
67.25
67.25
67.25
67.25
67.25
67.25
67.25
67.25
67.25
67.25
67.25
67.25
67.25
67.25
67.25
67.25
67.25
67.25
67.25
67.25
67.25
67.25
67.25
67.25
67.25
67.25
67.25
67.25
67.25
67.25
67.25
67.25
67.25
67.25
67.25
67.25
67.25
67.25
67.25
67.25
67.25
67.25
67.25
67.25
67.25
67.25
67.25
67.25
67.25
67.25
67.25
67.25
67.25
67.25
67.25
67.25
67.25
67.25
67.25
67.25
67.25
67.25
67.25
67.25
67.25
67.25
67.25
67.25
67.25
67.25
67.25
67.25
67.25
67.25
67.25
67.25
67.25
67.25
67.25
67.25
67.25
67.25
67.25
67.25
67.25
67.25
67.25
67.25
67.25
67.25
67.25
67.25
67.25
67.25
67.25
67.25
67.25
67.25
67.25
67.25
67.25
67.25
67.25
67.25
67.25
67.25
67.25
67.25
67.25
67.25
67.25
67.25
67.25
67.25
67.25
67.25
67.25
67.25
67.25
67.25
67.25
67.25
67.25
67.25
67.25
67.25
67.25
67.25
67.25
67.25
67.25
67.25
67.25
67.25
67.25
67.25
67.25
67.25
67.25
67.25
67.25
67.25
67.25
67.25
67.25
67.25
67.25
67.25
67.25
67.25
67.25
67.25
67.25
67.25
67.25
67.25
67.25
67.25
67.25
67.25
67.25
67.25
67.25
67.25
67.25
67.25
67.25
67.25
67.25
67.25
67.25
67.25
67.25
67.25
67.25
67.25
67.25
67.25
67.25
67.25
67.25
67.25
67.25
67.25
67.25
67.25
67.25
67.25
67.25
67.25
67.25
67.25
67.25
67.25
67.25
67.25
67.25
67.25
67.25
67.25
67.25
67.25
67.25
67.25
67.25
67.25
67.25
67.25
67.25
67.25
67.25
67.25
67.25
67.25
67.25
67.25
67.25
67.25
67.25
67.25
67.25
67.25
67.25
67.25
67.25
67.25
67.25
67.25
67.25
67.25
67.25
67.25
67.25
67.25
67.25
67.25
67.25
67.25
67.25
67.25
67.25
67.25
67.25
67.25
67.25
67.25
67.25
67.25
67.25
67.25
67.25
67.25
67.25
67.25
67.25
67.25
67.25
67.25
67.25
67.25
67.25
67.25
67.25
67.25
67.25
67.25
67.25
67.25
67.25
67.25
67.25
67.25
67.25
67.25
67.25
67.25
67.25
67.25
67.25
67.25
67.25
67.25
67.25
67.25
67.25
67.25
67.25
67.25
67.25
67.25
67.25
67.25
67.25
67.25
67.25
67.25
67.25
67.25
67.25
67.25
67.25
67.25
67.25
67.25
67.25
67.25
67.25
67.25
67.25
67.25
67.25
67.25
67.25
67.25
67.25
67.25
67.25
67.25
67.25
67.25
67.25
67.25
67.25
67.25
67.25
67.25
67.25
67.25
67.25
67.25
67.25
67.25
67.25
67.25
67.25
67.25
67.25
67.25
67.25
67.25
67.25
67.25
67.25
67.25
67.25
67.25
67.25
67.25
67.25
67.25
67.25
67.25
67.25
67.25
67.25
67.25
67.25
67.25
67.25
67.25
67.25
67.25
67.25
67.25
67.25
67.25
67.25
67.25
67.25
67.25
67.25
67.25
67.25
67.25
67.25
67.25
67.25
67.25
67.25
67.25
67.25
67.25
67.25
67.25
67.25
67.25
67.25
67.25
67.25
67.25
67.25
67.25
67.25
67.25
67.25
67.25
67.25
67.25
67.25
67.25
67.25
67.25
67.25
67.25
67.25
67.25
67.25
67.25
67.25
67.25
67.25
67.25
67.25
67.25
67.25
67.25
67.25
67.25
67.25
67.25
67.25
67.25
67.25
67.25
67.25
67.25
67.25
67.25
67.25
67.25
67.25
67.25
67.25
67.25
67.25
67.25
67.25
67.25
67.25
67.25
67.25
67.25
67.25
67.25
67.25
67.25
67.25
67.25
67.25
67.25
67.25
67.25
67.25
67.25
67.25
67.25
67.25
67.25
67.25
67.25
67.25
67.25
67.25
67.25
67.25
67.25
67.25
67.25
67.25
67.25
67.25
67.25
67.25
67.25
67.25
67.25
67.25
67.25
67.25
67.25
67.25
67.25
67.25
67.25
67.25
67.25
67.25
67.25
67.25
67.25
67.25
67.25
67.25
67.25
67.25
67.25
67.25
67.25
67.25
67.25
67.25
67.25
67.25
67.25
67.25
67.25
67.25
67.25
67.25
67.25
67.25
67.25
67.25
67.25
67.25
67.25
67.25
67.25
67.25
67.25
67.25
67.25
67.25
67.25
67.25
67.25
67.25
67.25
67.25
67.25
67.25
67.25
67.25
67.25
67.25
67.25
67.25
67.25
67.25
67.25
67.25
67.25
67.25
67.25
67.25
67.25
67.25
67.25
67.25
67.25
67.25
67.25
67.25
67.25
67.25
67.25
67.25
67.25
67.25
67.25
67.25
67.25
67.25
67.25
67.25
67.25
67.25
67.25
67.25
67.25
67.25
67.25
67.25
67.25
67.25
67.25
67.25
67.25
67.25
67.25
67.25
67.25
67.25
67.25
67.25
67.25
67.25
67.25
67.25
67.25
67.25
67.25
67.25
67.25
67.25
67.25
67.25
67.25
67.25
67.25
67.25
67.25
67.25
67.25
67.25
67.25
67.25
67.25
67.25
67.25
67.25
67.25
67.25
67.25
67.25
67.25
67.25
67.25
67.25
67.25
67.25
67.25
67.25
67.25
67.25
67.25
67.25
67.25
67.25
67.25
67.25
67.25
67.25
67.25
67.25
67.25
67.25
67.25
67.25
67.25
67.25
67.25
67.25
67.25
67.25
67.25
67.25
67.25
67.25
67.25
67.25
67.25
67.25
67.25
67.25
67.25
67.25
67.25
67.25
67.25
67.25
67.25
67.25
67.25
67.25
67.25
67.25
67.25
67.25
67.25
67.25
67.25
67.25
67.25
67.25
67.25
67.25
67.25
67.25
67.25
67.25
67.25
67.25
67.25
67.25
67.25
67.25
67.25
67.25
67.25
67.25
67.25
67.25
67.25
67.25
67.25
67.25
67.25
67.25
67.25
67.25
67.25
67.25
67.25
67.25
67.25
67.25
67.25
67.25
67.25
67.25
67.25
67.25
67.25
67.25
67.25
67.25
67.25
67.25
67.25
67.25
67.25
67.25
67.25
67.25
67.25
67.25
67.25
67.25
67.25
67.25
67.25
67.25
67.25
67.25
67.25
67.25
67.25
67.25
67.25
67.25
67.25
67.25
67.25
67.25
67.25
67.25
67.25
67.25
67.25
67.25
67.25
67.25
67.25
67.25
67.25
67.25
67.25
67.25
67.25
67.25
67.25
67.25
67.25
67.25
67.25
67.25
67.25
67.25
67.25
67.25
67.25
67.25
67.25
67.25
67.25
67.25
67.25
67.25
67.25
67.25
67.25
67.25
67.25
67.25
67.25
67.25
67.25
67.25
67.25
67.25
67.25
67.25
67.25
67.25
67.25
67.25
67.25
67.25
67.25
67.25
67.25
67.25
67.25
67.25
67.25
67.25
67.25
67.25
67.25
67.25
67.25
67.25
67.25
67.25
67.25
67.25
67.25
67.25
67.25
67.25
67.25
67.25
67.25
67.25
67.25
67.25
67.25
67.25
67.25
67.25
67.25
67.25
67.25
67.25
67.25
67.25
67.25
67.25
67.25
67.25
67.25
67.25
67.25
67.25
67.25
67.25
67.25
67.25
67.25
67.25
67.25
67.25
67.25
67.25
67.25
67.25
67.25
67.25
67.25
67.25
67.25
67.25
67.25
67.25
67.25
67.25
67.25
67.25
67.25
67.25
67.25
67.25
67.25
67.25
67.25
67.25
67.25
67.25
67.25
67.25
67.25
67.25
67.25
67.25
67.25
67.25
67.25
67.25
67.25
67.25
67.25
67.25
67.25
67.25
67.25
67.25
67.25
67.25
67.25
67.25
67.25
67.25
67.25
67.25
67.25
67.25
67.25
67.25
67.25
67.25
67.25
67.25
67.25
67.25
67.25
67.25
67.25
67.25
67.25
67.25
67.25
67.25
67.25
67.25
67.25
67.25
67.25
67.25
67.25
67.25
67.25
67.25
67.25
67.25
67.25
67.25
67.25
67.25
67.25
67.25
67.25
67.25
67.25
67.25
67.25
67.25
67.25
67.25
67.25
67.25
67.25
67.25
67.25
67.25
67.25
67.25
67.25
67.25
67.25
67.25
67.25
67.25
67.25
67.25
67.25
67.25
67.25
67.25
67.25
67.25
67.25
67.25
67.25
67.25
67.25
67.25
67.25
67.25
67.25
67.25
67.25
67.25
67.25
67.25
67.25
67.25
67.25
67.25
67.25
67.25
67.25
67.25
67.25
67.25
67.25
67.25
67.25
67.25
67.25
67.25
67.25
67.25
67.25
67.25
67.25
67.25
67.25
67.25
67.25
67.25
67.25
67.25
67.25
67.25
67.25
67.25
67.25
67.25
67.25
67.25
67.25
67.25
67.25
67.25
67.25
67.25
67.25
67.25
67.25
67.25
67.25
67.25
67.25
67.25
67.25
67.25
67.25
67.25
67.25
67.25
67.25
67.25
67.25
67.25
67.25
67.25
67.25
67.25
67.25
67.25
67.25
67.25
67.25
67.25
67.25
67.25
67.25
67.25
67.25
67.25
67.25
67.25
67.25
67.25
67.25
67.25
67.25
67.25
67.25
67.25
67.25
67.25
67.25
67.25
67.25
67.25
67.25
67.25
67.25
67.25
67.25
67.25
67.25
67.25
67.25
67.25
67.25
67.25
67.25
67.25
67.25
67.25
67.25
67.25
67.25
67.25
67.25
67.25
67.25
67.25
67.25
67.25
67.25
67.25
67.25
67.25
67.25
67.25
67.25
67.25
67.25
67.25
67.25
67.25
67.25
67.25
67.25
67.25
67.25
67.25
67.25
67.25
67.25
67.25
67.25
67.25
67.25
67.25
67.25
67.25
67.25
67.25
67.25
67.25
67.25
67.25
67.25
67.25
67.25
67.25
67.25
67.25
67.25
67.25
67.25
67.25
67.25
67.25
67.25
67.25
67.25
67.25
67.25
67.25
67.25
67.25
67.25
67.25
67.25
67.25
67.25
67.25
67.25
67.25
67.25
67.25
67.25
67.25
67.25
67.25
67.25
67.25
67.25
67.25
67.25
67.25
67.25
67.25
67.25
67.25
67.25
67.25
67.25
67.25
67.25
67.25
67.25
67.25
67.25
67.25
67.25
67.25
67.25
67.25
67.25
67.25
67.25
67.25
67.25
67.25
67.25
67.25
67.25
67.25
67.25
67.25
67.25
67.25
67.25
67.25
67.25
67.25
67.25
67.25
67.25
67.25
67.25
67.25
67.25
67.25
67.25
67.25
67.25
67.25
67.25
67.25
67.25
67.25
67.25
67.25
67.25
67.25
67.25
67.25
67.25
67.25
67.25
67.25
67.25
67.25
67.25
67.25
67.25
67.25
67.25
67.25
67.25
67.25
67.25
67.25
67.25
67.25
67.25
67.25
67.25
67.25
67.25
67.25
67.25
67.25
67.25
67.25
67.25
67.25
67.25
67.25
67.25
67.25
67.25
67.25
67.25
67.25
67.25
67.25
67.25
67.25
67.25
67.25
67.25
67.25
67.25
67.25
67.25
67.25
67.25
67.25
67.25
67.25
67.25
67.25
67.25
67.25
67.25
67.25
67.25
67.25
67.25
67.25
67.25
67.25
67.25
67.25
67.25
67.25
67.25
67.25
67.25
67.25
67.25
67.25
67.25
67.25
67.25
67.25
67.25
67.25
67.25
67.25
67.25
67.25
67.25
67.25
67.25
67.25
67.25
67.25
67.25
67.25
67.25
67.25
67.25
67.25
67.25
67.25
67.25
67.25
67.25
67.25
67.25
67.25
67.25
67.25
67.25
67.25
67.25
67.25
67.25
67.25
67.25
67.25
67.25
67.25
67.25
67.25
67.25
67.25
67.25
67.25
67.25
67.25
67.25
67.25
67.25
67.25
67.25
67.25
67.25
67.25
67.25
67.25
67.25
67.25
67.25
67.25
67.25
67.25
67.25
67.25
67.25
67.25
67.25
67.25
67.25
67.25
67.25
67.25
67.25
67.25
67.25
67.25
67.25
67.25
67.25
67.25
67.25
67.25
67.25
67.25
67.25
67.25
67.25
67.25
67.25
67.25
67.25
67.25
67.25
67.25
67.25
67.25
67.25
67.25
67.25
67.25
67.25
67.25
67.25
67.25
67.25
67.25
67.25
67.25
67.25
67.25
67.25
67.25
67.25
67.25
67.25
67.25
67.25
67.25
67.25
67.25
67.25
67.25
67.25
67.25
67.25
67.25
67.25
67.25
67.25
67.25
67.25
67.25
67.25
67.25
67.25
67.25
67.25
67.25
67.25
67.25
67.25
67.25
67.25
67.25
67.25
67.25
67.25
67.25
67.25
67.25
67.25
67.25
67.25
67.25
67.25
67.25
67.25
67.25
67.25
67.25
67.25
67.25
67.25
67.25
67.25
67.25
67.25
67.25
67.25
67.25
67.25
67.25
67.25
67.25
67.25
67.25
67.25
67.25
67.25
67.25
67.25
67.25
67.25
67.25
67.25
67.25
67.25
67.25
67.25
67.25
67.25
67.25
67.25
67.25
67.25
67.25
67.25
67.25
67.25
67.25
67.25
67.25
67.25
67.25
67.25
67.25
67.25
67.25
67.25
67.25
67.25
67.25
67.25
67.25
67.25
67.25
67.25
67.25
67.25
67.25
67.25
67.25
67.25
67.25
67.25
67.25
67.25
67.25
67.25
67.25
67.25
67.25
67.25
67.25
67.25
67.25
67.25
67.25
67.25
67.25
67.25
67.25
67.25
67.25
67.25
67.25
67.25
67.25
67.25
67.25
67.25
67.25
67.25
67.25
67.25
67.25
67.25
67.25
67.25
67.25
67.25
67.25
67.25
67.25
67.25
67.25
67.25
67.25
67.25
67.25
67.25
67.25
67.25
67.25
67.2106
67.2106
67.2106
67.2106
67.2106
67.2106
67.2106
67.2106
67.2106
67.2106
67.2106
67.2106
67.2106
67.2106
67.2106
67.2106
67.2106
67.2106
67.2106
67.2106
67.2106
67.2106
67.2106
67.2106
67.2106
67.2106
67.2106
67.2106
67.2106
67.2106
67.2106
67.2106
67.2106
67.2106
67.2106
67.2106
67.2106
67.2106
67.2106
67.2106
67.2106
67.2106
67.2106
67.2106
67.2106
67.2106
67.2106
67.2106
67.2106
67.2106
67.2106
67.2106
67.2106
67.2106
67.2106
67.2106
67.2106
67.2106
67.2106
67.2106
67.2106
67.2106
67.2106
67.2106
67.2106
67.2106
67.2106
67.2106
67.2106
67.2106
67.2106
67.2106
67.2106
67.2106
67.2106
67.2106
67.2106
67.2106
67.2106
67.2106
67.2106
67.2106
67.2106
67.2106
67.2106
67.2106
67.2106
67.2106
67.2106
67.2106
67.2106
67.2106
67.2106
67.2106
67.2106
67.2106
67.2106
67.2106
67.2106
67.2106
67.2106
67.2106
67.2106
67.2106
67.2106
67.2106
67.2106
67.2106
67.2106
67.2106
67.2106
67.2106
67.2106
67.2106
67.2106
67.2106
67.2106
67.2106
67.2106
67.2106
67.2106
67.2106
67.2106
67.2106
67.2106
67.2106
67.2106
67.2106
67.2106
67.2106
67.2106
67.2106
67.2106
67.2106
67.2106
67.2106
67.2106
67.2106
67.2106
67.2106
67.2106
67.2106
67.2106
67.2106
67.2106
67.2106
67.2106
67.2106
67.2106
67.2106
67.2106
67.2106
67.2106
67.2106
67.2106
67.2106
67.2106
67.2106
67.2106
67.2106
67.2106
67.2106
67.2106
67.2106
67.2106
67.2106
67.2106
67.2106
67.2106
67.2106
67.2106
67.2106
67.2106
67.2106
67.2106
67.2106
67.2106
67.2106
67.2106
67.2106
67.2106
67.2106
67.2106
67.2106
67.2106
67.2106
67.2106
67.2106
67.2106
67.2106
67.2106
67.2106
67.2106
67.2106
67.2106
67.2106
67.2106
67.2106
67.2106
67.2106
67.2106
67.2106
67.2106
67.2106
67.2106
67.2106
67.2106
67.2106
67.2106
67.2106
67.2106
67.2106
67.2106
67.2106
67.2106
67.2106
67.2106
67.2106
67.2106
67.2106
67.2106
67.2106
67.2106
67.2106
67.2106
67.2106
67.2106
67.2106
67.2106
67.2106
67.2106
67.2106
67.2106
67.2106
67.2106
67.2106
67.2106
67.2106
67.2106
67.2106
67.2106
67.2106
67.2106
67.2106
67.2106
67.2106
67.2106
67.2106
67.2106
67.2106
67.2106
67.2106
67.2106
67.2106
67.2106
67.2106
67.2106
67.2106
67.2106
67.2106
67.2106
67.2106
67.2106
67.2106
67.2106
67.2106
67.2106
67.2106
67.2106
67.2106
67.2106
67.2106
67.2106
67.2106
67.2106
67.2106
67.2106
67.2106
67.2106
67.2106
67.2106
67.2106
67.2106
67.2106
67.2106
67.2106
67.2106
67.2106
67.2106
67.2106
67.2106
67.2106
67.2106
67.2106
67.2106
67.2106
67.2106
67.2106
67.2106
67.2106
67.2106
67.2106
67.2106
67.2106
67.2106
67.2106
67.2106
67.2106
67.2106
67.2106
67.2106
67.2106
67.2106
67.2106
67.2106
67.2106
67.2106
67.2106
67.2106
67.2106
67.2106
67.2106
67.2106
67.2106
67.2106
67.2106
67.2106
67.2106
67.2106
67.2106
67.2106
67.2106
67.2106
67.2106
67.2106
67.2106
67.2106
67.2106
67.2106
67.2106
67.2106
67.2106
67.2106
67.2106
67.2106
67.2106
67.2106
67.2106
67.2106
67.2106
67.2106
67.2106
67.2106
67.2106
67.2106
67.2106
67.2106
67.2106
67.2106
67.2106
67.2106
67.2106
67.2106
67.2106
67.2106
67.2106
67.2106
67.2106
67.2106
67.2106
67.2106
67.2106
67.2106
67.2106
67.2106
67.2106
67.2106
67.2106
67.2106
67.2106
67.2106
67.2106
67.2106
67.2106
67.2106
67.2106
67.2106
67.2106
67.2106
67.2106
67.2106
67.2106
67.2106
67.2106
67.2106
67.2106
67.2106
67.2106
67.2106
67.2106
67.2106
67.2106
67.2106
67.2106
67.2106
67.2106
67.2106
67.2106
67.2106
67.2106
67.2106
67.2106
67.2106
67.2106
67.2106
67.2106
67.2106
67.2106
67.2106
67.2106
67.2106
67.2106
67.2106
67.2106
67.2106
67.2106
67.2106
67.2106
67.2106
67.2106
67.2106
67.2106
67.2106
67.2106
67.2106
67.2106
67.2106
67.2106
67.2106
67.2106
67.2106
67.2106
67.2106
67.2106
67.2106
67.2106
67.2106
67.2106
67.2106
67.2106
67.2106
67.2106
67.2106
67.2106
67.2106
67.2106
67.2106
67.2106
67.2106
67.2106
67.2106
67.2106
67.2106
67.2106
67.2106
67.2106
67.2106
67.2106
67.2106
67.2106
67.2106
67.2106
67.2106
67.2106
67.2106
67.2106
67.2106
67.2106
67.2106
67.2106
67.2106
67.2106
67.2106
67.2106
67.2106
67.2106
67.2106
67.2106
67.2106
67.2106
67.2106
67.2106
67.2106
67.2106
67.2106
67.2106
67.2106
67.2106
67.2106
67.2106
67.2106
67.2106
67.2106
67.2106
67.2106
67.2106
67.2106
67.2106
67.2106
67.2106
67.2106
67.2106
67.2106
67.2106
67.2106
67.2106
67.2106
67.2106
67.2106
67.2106
67.2106
67.2106
67.2106
67.2106
67.2106
67.2106
67.2106
67.2106
67.2106
67.2106
67.2106
67.2106
67.2106
67.2106
67.2106
67.2106
67.2106
67.2106
67.2106
67.2106
67.2106
67.2106
67.2106
67.2106
67.2106
67.2106
67.2106
67.2106
67.2106
67.2106
67.2106
67.2106
67.2106
67.2106
67.2106
67.2106
67.2106
67.2106
67.2106
67.2106
67.2106
67.2106
67.2106
67.2106
67.2106
67.2106
67.2106
67.2106
67.2106
67.2106
67.2106
67.2106
67.2106
67.2106
67.2106
67.2106
67.2106
67.2106
67.2106
67.2106
67.2106
67.2106
67.2106
67.2106
67.2106
67.2106
67.2106
67.2106
67.2106
67.2106
67.2106
67.2106
67.2106
67.2106
67.2106
67.2106
67.2106
67.2106
67.2106
67.2106
67.2106
67.2106
67.2106
67.2106
67.2106
67.2106
67.2106
67.2106
67.2106
67.2106
67.2106
67.2106
67.2106
67.2106
67.2106
67.2106
67.2106
67.2106
67.2106
67.2106
67.2106
67.2106
67.2106
67.2106
67.2106
67.2106
67.2106
67.2106
67.2106
67.2106
67.2106
67.2106
67.2106
67.2106
67.2106
67.2106
67.2106
67.2106
67.2106
67.2106
67.2106
67.2106
67.2106
67.2106
67.2106
67.2106
67.2106
67.2106
67.2106
67.2106
67.2106
67.2106
67.2106
67.2106
67.2106
67.2106
67.2106
67.2106
67.2106
67.2106
67.2106
67.2106
67.2106
67.2106
67.2106
67.2106
67.2106
67.2106
67.2106
67.2106
67.2106
67.2106
67.2106
67.2106
67.2106
67.2106
67.2106
67.2106
67.2106
67.2106
67.2106
67.2106
67.2106
67.2106
67.2106
67.2106
67.2106
67.2106
67.2106
67.2106
67.2106
67.2106
67.2106
67.2106
67.2106
67.2106
67.2106
67.2106
67.2106
67.2106
67.2106
67.2106
67.2106
67.2106
67.2106
67.2106
67.2106
67.2106
67.2106
67.2106
67.2106
67.2106
67.2106
67.2106
67.2106
67.2106
67.2106
67.2106
67.2106
67.2106
67.2106
67.2106
67.2106
67.2106
67.2106
67.2106
67.2106
67.2106
67.2106
67.2106
67.2106
67.2106
67.2106
67.2106
67.2106
67.2106
67.2106
67.2106
67.2106
67.2106
67.2106
67.2106
67.2106
67.2106
67.2106
67.2106
67.2106
67.2106
67.2106
67.2106
67.2106
67.2106
67.2106
67.2106
67.2106
67.2106
67.2106
67.2106
67.2106
67.2106
67.2106
67.2106
67.2106
67.2106
67.2106
67.2106
67.2106
67.2106
67.2106
67.2106
67.2106
67.2106
67.2106
67.2106
67.2106
67.2106
67.2106
67.2106
67.2106
67.2106
67.2106
67.2106
67.2106
67.2106
67.2106
67.2106
67.2106
67.2106
67.2106
67.2106
67.2106
67.2106
67.2106
67.2106
67.2106
67.2106
67.2106
67.2106
67.2106
67.2106
67.2106
67.2106
67.2106
67.2106
67.2106
67.2106
67.2106
67.2106
67.2106
67.2106
67.2106
67.2106
67.2106
67.2106
67.2106
67.2106
67.2106
67.2106
67.2106
67.2106
67.2106
67.2106
67.2106
67.2106
67.2106
67.2106
67.2106
67.2106
67.2106
67.2106
67.2106
67.2106
67.2106
67.2106
67.2106
67.2106
67.2106
67.2106
67.2106
67.2106
67.2106
67.2106
67.2106
67.2106
67.2106
67.2106
67.2106
67.2106
67.2106
67.2106
67.2106
67.2106
67.2106
67.2106
67.2106
67.2106
67.2106
67.2106
67.2106
67.2106
67.2106
67.2106
67.2106
67.2106
67.2106
67.2106
67.2106
67.2106
67.2106
67.2106
67.2106
67.2106
67.2106
67.2106
67.2106
67.2106
67.2106
67.2106
67.2106
67.2106
67.2106
67.2106
67.2106
67.2106
67.2106
67.2106
67.2106
67.2106
67.2106
67.2106
67.2106
67.2106
67.2106
67.2106
67.2106
67.2106
67.2106
67.2106
67.2106
67.2106
67.2106
67.2106
67.2106
67.2106
67.2106
67.2106
67.2106
67.2106
67.2106
67.2106
67.2106
67.2106
67.2106
67.2106
67.2106
67.2106
67.2106
67.2106
67.2106
67.2106
67.2106
67.2106
67.2106
67.2106
67.2106
67.2106
67.2106
67.2106
67.2106
67.2106
67.2106
67.2106
67.2106
67.2106
67.2106
67.2106
67.2106
67.2106
67.2106
67.2106
67.2106
67.2106
67.2106
67.2106
67.2106
67.2106
67.2106
67.2106
67.2106
67.2106
67.2106
67.2106
67.2106
67.2106
67.2106
67.2106
67.2106
67.2106
67.001
67.001
67.001
67.001
67.001
67.001
67.001
67.001
67.001
67.001
67.001
67.001
67.001
67.001
67.001
67.001
67.001
67.001
67.001
67.001
67.001
67.001
67.001
67.001
67.001
67.001
67.001
67.001
67.001
67.001
67.001
67.001
67.001
67.001
67.001
67.001
67.001
67.001
67.001
67.001
67.001
67.001
67.001
67.001
67.001
67.001
67.001
67.001
67.001
67.001
67.001
67.001
67.001
67.001
67.001
67.001
67.001
67.001
67.001
67.001
67.001
67.001
67.001
67.001
67.001
67.001
67.001
67.001
67.001
67.001
67.001
67.001
67.001
67.001
67.001
67.001
67.001
67.001
67.001
67.001
67.001
67.001
67.001
67.001
67.001
67.001
67.001
67.001
67.001
67.001
67.001
67.001
67.001
67.001
67.001
67.001
67.001
67.001
67.001
67.001
67.001
67.001
67.001
67.001
67.001
67.001
67.001
67.001
67.001
67.001
67.001
67.001
67.001
67.001
67.001
67.001
67.001
67.001
67.001
67.001
67.001
67.001
67.001
67.001
67.001
67.001
67.001
67.001
67.001
67.001
67.001
67.001
67.001
67.001
67.001
67.001
67.001
67.001
67.001
67.001
67.001
67.001
67.001
67.001
67.001
67.001
67.001
67.001
67.001
67.001
67.001
67.001
67.001
67.001
67.001
67.001
67.001
67.001
67.001
67.001
67.001
67.001
67.001
67.001
67.001
67.001
67.001
67.001
67.001
67.001
67.001
67.001
67.001
67.001
67.001
67.001
67.001
67.001
67.001
67.001
67.001
67.001
67.001
67.001
67.001
67.001
67.001
67.001
67.001
67.001
67.001
67.001
67.001
67.001
67.001
67.001
67.001
67.001
67.001
67.001
67.001
67.001
67.001
67.001
67.001
67.001
67.001
67.001
67.001
67.001
67.001
67.001
67.001
67.001
67.001
67.001
67.001
67.001
67.001
67.001
67.001
67.001
67.001
67.001
67.001
67.001
67.001
67.001
67.001
67.001
67.001
67.001
67.001
67.001
67.001
67.001
67.001
67.001
67.001
67.001
67.001
67.001
67.001
67.001
67.001
67.001
67.001
67.001
67.001
67.001
67.001
67.001
67.001
67.001
67.001
67.001
67.001
67.001
67.001
67.001
67.001
67.001
67.001
67.001
67.001
67.001
67.001
67.001
67.001
67.001
67.001
67.001
67.001
67.001
67.001
67.001
67.001
67.001
67.001
67.001
67.001
67.001
67.001
67.001
67.001
67.001
67.001
67.001
67.001
67.001
67.001
67.001
67.001
67.001
67.001
67.001
67.001
67.001
67.001
67.001
67.001
67.001
67.001
67.001
67.001
67.001
67.001
67.001
67.001
67.001
67.001
67.001
67.001
67.001
67.001
67.001
67.001
67.001
67.001
67.001
67.001
67.001
67.001
67.001
67.001
67.001
67.001
67.001
67.001
67.001
67.001
67.001
67.001
67.001
67.001
67.001
67.001
67.001
67.001
67.001
67.001
67.001
67.001
67.001
67.001
67.001
67.001
67.001
67.001
67.001
67.001
67.001
67.001
67.001
67.001
67.001
67.001
67.001
67.001
67.001
67.001
67.001
67.001
67.001
67.001
67.001
67.001
67.001
67.001
67.001
67.001
67.001
67.001
67.001
67.001
67.001
67.001
67.001
67.001
67.001
67.001
67.001
67.001
67.001
67.001
67.001
67.001
67.001
67.001
67.001
67.001
67.001
67.001
67.001
67.001
67.001
67.001
67.001
67.001
67.001
67.001
67.001
67.001
67.001
67.001
67.001
67.001
67.001
67.001
67.001
67.001
67.001
67.001
67.001
67.001
67.001
67.001
67.001
67.001
67.001
67.001
67.001
67.001
67.001
67.001
67.001
67.001
67.001
67.001
67.001
67.001
67.001
67.001
67.001
67.001
67.001
67.001
67.001
67.001
67.001
67.001
67.001
67.001
67.001
67.001
67.001
67.001
67.001
67.001
67.001
67.001
67.001
67.001
67.001
67.001
67.001
67.001
67.001
67.001
67.001
67.001
67.001
67.001
67.001
67.001
67.001
67.001
67.001
67.001
67.001
67.001
67.001
67.001
67.001
67.001
67.001
67.001
67.001
67.001
67.001
67.001
67.001
67.001
67.001
67.001
67.001
67.001
67.001
67.001
67.001
67.001
67.001
67.001
67.001
67.001
67.001
67.001
67.001
67.001
67.001
67.001
67.001
67.001
67.001
67.001
67.001
67.001
67.001
67.001
67.001
67.001
67.001
67.001
67.001
67.001
67.001
67.001
67.001
67.001
67.001
67.001
67.001
67.001
67.001
67.001
67.001
67.001
67.001
67.001
67.001
67.001
67.001
67.001
67.001
67.001
67.001
67.001
67.001
67.001
67.001
67.001
67.001
67.001
67.001
67.001
67.001
67.001
67.001
67.001
67.001
67.001
67.001
67.001
67.001
67.001
67.001
67.001
67.001
67.001
67.001
67.001
67.001
67.001
67.001
67.001
67.001
67.001
66.7245
66.7245
66.7245
66.7245
66.7245
66.7245
66.7245
66.7245
66.7245
66.7245
66.7245
66.7245
66.7245
66.7245
66.7245
66.7245
66.7245
66.7245
66.7245
66.7245
66.7245
66.7245
66.7245
66.7245
66.7245
66.7245
66.7245
66.7245
66.7245
66.7245
66.7245
66.7245
66.7245
66.7245
66.7245
66.7245
66.7245
66.7245
66.7245
66.7245
66.7245
66.7245
66.7245
66.7245
66.7245
66.7245
66.7245
66.7245
66.7245
66.7245
66.7245
66.7245
66.7245
66.7245
66.7245
66.7245
66.7245
66.7245
66.7245
66.7245
66.7245
66.7245
66.7245
66.7245
66.7245
66.7245
66.7245
66.7245
66.7245
66.7245
66.7245
66.7245
66.7245
66.7245
66.7245
66.7245
66.7245
66.7245
66.7245
66.7245
66.7245
66.7245
66.7245
66.7245
66.7245
66.7245
66.7245
66.7245
66.7245
66.7245
66.7245
66.7245
66.7245
66.7245
66.7245
66.7245
66.7245
66.7245
66.7245
66.7245
66.7245
66.7245
66.7245
66.7245
66.7245
66.7245
66.7245
66.7245
66.7245
66.7245
66.7245
66.7245
66.7245
66.7245
66.7245
66.7245
66.7245
66.7245
66.7245
66.7245
66.7245
66.7245
66.7245
66.7245
66.7245
66.7245
66.7245
66.7245
66.7245
66.7245
66.7245
66.7245
66.7245
66.7245
66.7245
66.7245
66.7245
66.7245
66.7245
66.7245
66.7245
66.7245
66.7245
66.7245
66.7245
66.7245
66.7245
66.7245
66.7245
66.7245
66.7245
66.7245
66.7245
66.7245
66.7245
66.7245
66.7245
66.7245
66.7245
66.7245
66.7245
66.7245
66.7245
66.7245
66.7245
66.7245
66.7245
66.7245
66.7245
66.7245
66.7245
66.7245
66.7245
66.7245
66.7245
66.7245
66.7245
66.7245
66.7245
66.7245
66.7245
66.7245
66.7245
66.7245
66.7245
66.7245
66.7245
66.7245
66.7245
66.7245
66.7245
66.7245
66.7245
66.7245
66.7245
66.7245
66.7245
66.7245
66.7245
66.7245
66.7245
66.7245
66.7245
66.7245
66.7245
66.7245
66.7245
66.7245
66.7245
66.7245
66.7245
66.7245
66.7245
66.7245
66.7245
66.7245
66.7245
66.7245
66.7245
66.7245
66.7245
66.7245
66.7245
66.7245
66.7245
66.7245
66.7245
66.7245
66.7245
66.7245
66.7245
66.7245
66.7245
66.7245
66.7245
66.7245
66.7245
66.7245
66.7245
66.7245
66.7245
66.7245
66.7043
66.7043
66.7043
66.7043
66.7043
66.7043
66.7043
66.7043
66.7043
66.7043
66.7043
66.7043
66.7043
66.7043
66.7043
66.7043
66.7043
66.7043
66.7043
66.7043
66.7043
66.7043
66.7043
66.7043
66.7043
66.7043
66.7043
66.7043
66.7043
66.7043
66.7043
66.7043
66.7043
66.7043
66.7043
66.7043
66.7043
66.7043
66.7043
66.7043
66.7043
66.7043
66.7043
66.7043
66.7043
66.7043
66.7043
66.7043
66.7043
66.7043
66.7043
66.7043
66.7043
66.7043
66.7043
66.7043
66.7043
66.7043
66.7043
66.7043
66.7043
66.7043
66.7043
66.7043
66.7043
66.7043
66.7043
66.7043
66.7043
66.7043
66.7043
66.7043
66.7043
66.7043
66.7043
66.7043
66.7043
66.7043
66.5484
66.5484
66.5484
66.5484
66.5484
66.0156
66.0156
66.0156
66.0156
66.0156
66.0156
66.0156
66.0156
66.0156
66.0156
66.0156
66.0156
66.0156
66.0156
66.0156
66.0156
66.0156
66.0156
66.0156
66.0156
66.0156
66.0156
66.0156
66.0156
66.0156
66.0156
66.0156
66.0156
66.0156
66.0156
66.0156
66.0156
66.0156
66.0156
66.0156
66.0156
66.0156
66.0156
66.0156
66.0156
66.0156
66.0156
66.0156
66.0156
66.0156
66.0156
66.0156
66.0156
66.0156
66.0156
66.0156
66.0156
66.0156
66.0156
66.0156
66.0156
66.0156
66.0156
66.0156
66.0156
66.0156
66.0156
66.0156
66.0156
66.0156
66.0156
66.0156
66.0156
66.0156
66.0156
66.0156
66.0156
66.0156
66.0156
66.0156
66.0156
66.0156
66.0156
66.0156
66.0156
66.0156
66.0156
66.0156
66.0156
66.0156
66.0156
66.0156
66.0156
66.0156
66.0156
66.0156
66.0156
66.0156
66.0156
66.0156
66.0156
66.0156
66.0156
66.0156
66.0156
66.0156
66.0156
66.0156
66.0156
66.0156
66.0156
66.0156
66.0156
66.0156
66.0156
66.0156
66.0156
66.0156
66.0156
66.0156
66.0156
66.0156
66.0156
66.0156
66.0156
66.0156
66.0156
66.0156
66.0156
66.0156
66.0156
66.0156
66.0156
66.0156
66.0156
66.0156
66.0156
66.0156
66.0156
66.0156
66.0156
66.0156
66.0156
66.0156
66.0156
66.0156
66.0156
66.0156
66.0156
66.0156
66.0156
66.0156
66.0156
66.0156
66.0156
66.0156
66.0156
66.0156
66.0156
66.0156
66.0156
66.0156
66.0156
66.0156
66.0156
66.0156
66.0156
66.0156
66.0156
66.0156
66.0156
66.0156
66.0156
66.0156
66.0156
66.0156
66.0156
66.0156
66.0156
66.0156
66.0156
66.0156
66.0156
66.0156
66.0156
66.0156
66.0156
66.0156
66.0156
66.0156
66.0156
66.0156
66.0156
66.0156
66.0156
66.0156
66.0156
66.0156
66.0156
66.0156
66.0156
66.0156
66.0156
66.0156
66.0156
66.0156
66.0156
66.0156
66.0156
66.0156
66.0156
66.0156
66.0156
66.0156
66.0156
66.0156
66.0156
66.0156
66.0156
66.0156
66.0156
66.0156
66.0156
66.0156
66.0156
66.0156
66.0156
66.0156
66.0156
66.0156
66.0156
66.0156
66.0156
66.0156
66.0156
66.0156
66.0156
66.0156
66.0156
66.0156
66.0156
66.0156
66.0156
66.0156
66.0156
66.0156
66.0156
66.0156
66.0156
66.0156
66.0156
66.0156
66.0156
66.0156
66.0156
66.0156
66.0156
66.0156
66.0156
66.0156
66.0156
66.0156
66.0156
66.0156
66.0156
66.0156
66.0156
66.0156
66.0156
66.0156
66.0156
66.0156
66.0156
66.0156
66.0156
66.0156
66.0156
66.0156
66.0156
66.0156
66.0156
66.0156
66.0156
66.0156
66.0156
66.0156
66.0156
66.0156
66.0156
66.0156
66.0156
66.0156
66.0156
66.0156
66.0156
66.0156
66.0156
66.0156
66.0156
66.0156
66.0156
66.0156
66.0156
66.0156
66.0156
66.0156
66.0156
66.0156
66.0156
66.0156
66.0156
66.0156
66.0156
66.0156
66.0156
66.0156
66.0156
66.0156
66.0156
66.0156
66.0156
66.0156
66.0156
66.0156
66.0156
66.0156
66.0156
66.0156
66.0156
66.0156
66.0156
66.0156
66.0156
66.0156
66.0156
66.0156
66.0156
66.0156
66.0156
66.0156
66.0156
66.0156
66.0156
66.0156
66.0156
66.0156
66.0156
66.0156
66.0156
66.0156
66.0156
66.0156
66.0156
66.0156
66.0156
66.0156
66.0156
66.0156
66.0156
66.0156
66.0156
66.0156
66.0156
66.0156
66.0156
66.0156
66.0156
66.0156
66.0156
66.0156
66.0156
66.0156
66.0156
66.0156
66.0156
66.0156
66.0156
66.0156
66.0156
66.0156
66.0156
66.0156
66.0156
66.0156
66.0156
66.0156
66.0156
66.0156
66.0156
66.0156
66.0156
66.0156
66.0156
66.0156
66.0156
66.0156
66.0156
66.0156
66.0156
66.0156
66.0156
66.0156
66.0156
66.0156
66.0156
66.0156
66.0156
66.0156
66.0156
66.0156
66.0156
66.0156
66.0156
66.0156
66.0156
66.0156
66.0156
66.0156
66.0156
66.0156
66.0156
66.0156
66.0156
66.0156
66.0156
66.0156
66.0156
66.0156
66.0156
66.0156
66.0156
66.0156
66.0156
66.0156
66.0156
66.0156
66.0156
66.0156
66.0156
66.0156
66.0156
66.0156
66.0156
66.0156
66.0156
66.0156
66.0156
66.0156
66.0156
66.0156
66.0156
66.0156
66.0156
66.0156
66.0156
66.0156
66.0156
66.0156
66.0156
66.0156
66.0156
66.0156
66.0156
66.0156
66.0156
66.0156
66.0156
66.0156
66.0156
66.0156
66.0156
66.0156
66.0156
66.0156
66.0156
66.0156
66.0156
66.0156
66.0156
66.0156
66.0156
66.0156
66.0156
66.0156
66.0156
66.0156
66.0156
66.0156
66.0156
66.0156
66.0156
66.0156
66.0156
66.0156
66.0156
66.0156
66.0156
66.0156
66.0156
66.0156
66.0156
66.0156
