442.023
442.023
434.614
434.614
423.808
421.756
421.756
408.505
406.497
405.336
401.432
400.291
393.684
389.278
382.907
377.261
364.348
362.675
359.268
356.026
356.026
351.476
349.723
337.494
337.494
336.631
332.302
331.772
331.772
324.482
324.482
322.601
319.015
319.015
317.057
313.492
309.691
305.939
305.939
303.225
301.516
301.516
291.329
291.329
291.329
291.329
289.696
289.696
287.639
284.393
284.393
284.35
282.208
280.205
280.205
277.89
274.286
272.219
270.59
269.416
267.604
266.289
266.289
263.377
263.377
262.605
262.256
262.184
260.832
256.243
256.243
256.243
256.243
252.408
252.408
252.408
250.249
250.249
249.419
249.419
246.622
245.525
244.217
244.217
242.246
242.246
242.215
241.385
238.1
238.1
235.706
235.706
233.499
232.191
232.191
232.191
232.191
230.565
228.768
224.603
224.603
223.772
223.772
220.304
220.304
219.411
219.411
217.961
217.09
212.795
212.795
212.795
212.795
212.728
209.789
207.356
207.356
206.394
203.108
203.108
203.079
203.079
203.079
203.079
201.385
200.825
200.825
199.529
199.529
197.297
197.297
197.297
194.786
194.786
194.786
194.53
191.746
191.746
191.746
191.746
190.599
190.599
190.599
188.547
188.547
188.547
188.547
185.23
185.23
185.23
183.332
183.332
183.332
182.92
182.164
182.164
181.997
181.429
181.429
181.429
181.429
181.429
181.429
180.716
180.716
176.996
176.996
175.945
175.209
175.209
171.903
164.062
164.062
163.171
163.171
163.171
163.171
161.311
161.311
160.278
159.758
159.758
159.758
159.66
159.099
159.099
159.099
158.335
155.133
155.133
155.133
154.861
154.861
154.474
154.391
154.391
153.718
151.687
151.687
151.687
151.687
151.687
151.687
151.687
151.687
150.298
149.551
149.551
149.289
149.289
148.82
148.82
148.82
148.82
148.82
148.82
148.82
148.22
148.22
148.22
148.164
148.164
148.164
146.31
146.31
146.31
146.31
146.178
145.798
145.798
145.798
145.798
144.594
144.594
144.594
143.871
143.871
143.871
143.871
143.788
142.739
142.553
141.876
141.876
141.876
141.876
141.875
141.778
141.395
140.671
140.671
139.05
137.649
137.649
137.649
137.649
137.649
137.649
137.649
137.649
137.649
137.302
137.302
137.302
137.302
137.302
137.302
136.515
136.515
136.515
136.515
136.515
136.465
136.465
136.465
136.465
136.465
136.108
136.108
136.108
135.627
135.627
135.627
135.627
135.627
135.021
135.021
134.705
134.705
134.705
134.63
134.63
133.024
133.024
133.024
133.024
133.024
133.024
131.831
131.831
130.367
130.367
130.367
130.367
130.367
130.367
130.367
130.367
130.367
130.367
130.367
130.32
130.32
128.858
128.858
128.858
128.346
127.86
127.86
127.86
125.13
125.13
125.13
125.13
124.713
124.713
124.713
124.713
124.713
124.713
123.815
123.815
123.815
123.815
123.629
123.1
123.1
123.1
123.1
123.1
123.1
123.1
121.495
121.495
121.495
121.495
121.495
121.116
121.116
121.116
120.899
120.899
120.899
120.749
120.605
120.605
120.605
120.605
120.605
120.605
120.605
118.728
118.728
118.728
118.072
118.072
118.072
118.072
117.66
117.027
117.027
117.027
116.498
116.498
113.908
113.908
112.838
112.838
112.838
112.634
112.522
112.522
111.267
111.267
111.111
109.668
109.668
109.668
109.57
109.57
109.57
108.224
108.224
108.224
108.224
108.224
108.224
108.224
108.224
108.224
108.224
108.224
107.866
107.866
107.866
107.866
107.866
107.767
107.767
107.767
107.361
107.361
107.361
107.361
107.361
107.361
107.361
106.778
106.778
106.778
106.719
106.719
106.719
106.046
106.046
106.046
106.046
106.046
106.046
106.046
106.046
106.046
106.046
106.046
106.046
106.046
106.046
105.948
105.527
105.429
105.429
104.795
104.795
104.795
104.795
104.338
104.338
104.11
104.11
104.11
104.11
104.11
104.11
104.101
104.101
104.101
103.703
103.703
103.703
103.703
103.703
103.205
103.205
103.205
103.12
103.12
103.12
103.103
103.103
103.103
102.622
102.622
102.622
102.622
102.351
102.351
102.351
102.351
102.351
101.647
101.647
101.647
101.647
101.397
101.397
101.397
100.97
100.97
100.775
100.775
100.775
100.775
100.775
100.775
100.699
100.699
100.699
100.699
100.699
100.699
100.699
99.8873
99.8873
99.8873
99.8873
99.8873
99.8873
99.8873
99.7288
99.7288
99.7288
99.7288
99.7288
99.7288
99.7288
99.7288
99.7288
99.6217
99.6217
99.6217
99.6217
99.4189
98.102
97.8082
97.8082
97.8082
97.6733
97.0835
97.0825
97.0825
96.1808
96.1808
96.1808
96.1808
96.1808
96.1808
95.931
95.931
95.931
95.931
95.931
95.931
95.931
95.6789
95.6789
95.6789
95.6789
95.6789
95.6149
95.6149
95.6149
95.6149
95.3211
95.3211
95.3211
95.3211
95.3211
95.1598
94.1702
94.1702
94.1702
94.1702
94.1702
94.1702
94.1702
94.1702
94.1702
94.1702
94.1702
94.0362
94.0362
94.0362
93.3938
93.3938
93.3938
93.3938
93.3938
91.9673
91.9673
91.9673
91.9673
91.9673
91.9673
91.9673
91.9673
91.9673
91.9673
91.9673
91.9673
91.9673
91.0622
91.0622
91.0622
89.2627
88.9955
88.9955
88.9955
88.9955
88.9955
88.9955
88.9955
88.9052
88.5852
88.5852
88.5852
88.5852
88.5852
88.5852
88.5852
88.5852
88.5852
88.1345
88.1345
88.0085
88.0085
87.9996
87.9996
87.9996
87.9996
87.7707
87.6067
87.6067
87.6067
87.6067
86.7434
86.7434
86.7434
86.7434
86.7434
86.7434
86.7434
86.7434
86.6886
86.6886
86.6886
86.6886
86.6886
86.6886
86.5538
86.5538
86.5538
86.5538
86.5538
86.5538
86.1183
86.1183
86.1183
86.0071
86.0071
86.0071
85.9543
85.9543
85.9543
85.9543
85.9543
85.9543
85.9543
85.9543
85.9543
85.9543
85.9543
85.9543
85.5692
85.5692
85.5692
85.5692
85.5692
85.5692
85.5692
85.5692
85.5692
85.5692
85.5692
85.5692
85.5692
85.5692
85.5692
85.5692
85.5692
85.5692
85.5692
85.5692
85.5692
85.5692
85.5692
85.5692
85.5692
85.5692
84.9538
84.9538
84.9538
84.9538
84.9538
84.9538
84.9538
84.9538
84.9538
84.9538
84.8426
84.8426
84.8426
84.8426
84.8426
84.8426
84.671
84.671
84.671
84.671
84.671
84.671
84.671
84.671
84.671
84.6656
84.6656
83.985
83.985
83.985
83.985
83.985
83.985
83.9795
83.9795
83.9795
83.9795
83.9795
83.9795
83.9795
83.9795
83.9795
83.9795
83.9795
83.9795
83.9795
83.6618
83.6618
83.6618
83.6618
83.6618
83.6618
83.6618
83.6618
83.0646
83.0646
83.0646
83.0646
83.0646
83.0646
83.0646
83.0646
83.0646
83.0646
83.0646
83.0646
83.0646
83.0646
83.0646
83.0646
83.0646
83.0646
83.0646
83.0646
82.3221
82.3221
82.3221
82.3221
82.3221
82.3221
82.3221
82.3221
82.3221
82.3221
82.3221
82.3221
82.3221
81.7601
81.7601
81.3318
81.3318
81.3318
81.3318
81.3318
81.2746
81.2746
81.2746
81.2746
81.2746
81.2746
81.2746
81.2746
81.2746
81.2746
81.2746
81.2746
81.2746
81.2746
81.2746
81.2746
81.2746
81.2746
81.2746
81.2746
81.2746
81.2746
81.2746
81.2746
81.2746
81.2746
81.2746
81.2746
81.2746
81.2746
81.2746
81.2746
81.2746
81.2746
81.2746
81.2746
81.2746
81.2746
81.2746
81.2746
81.2746
81.2746
81.2746
81.2746
81.2668
81.2668
81.2668
81.2668
80.8793
80.8793
80.8793
80.8793
80.8793
80.8793
80.8793
80.8793
80.8793
80.8793
80.8793
80.8793
80.422
80.422
80.422
80.422
80.422
80.422
80.422
80.422
80.422
80.422
80.422
80.422
80.422
80.422
80.422
80.422
80.422
80.422
80.422
80.422
80.422
80.422
80.422
80.422
80.422
80.422
80.422
80.422
80.422
80.422
80.422
80.422
79.6468
78.4457
78.4457
78.4457
78.4457
78.4457
78.3923
78.3923
78.3923
78.3923
78.3923
78.3923
78.3923
78.3923
78.3923
78.3923
78.3923
78.3923
78.3923
78.3923
78.3923
78.334
78.334
78.334
78.334
78.334
78.334
78.2503
78.2503
78.2503
77.9338
77.9338
77.9338
77.9338
77.9338
77.9338
77.9338
77.8364
77.8364
77.8364
77.8364
77.6824
77.6824
77.6824
77.6824
77.6824
77.6824
77.6824
77.0164
77.0164
77.0164
77.0164
77.0164
76.9693
76.9693
76.9693
76.4577
76.4577
76.4577
76.4577
76.4577
76.4577
76.3781
76.3781
76.3781
76.3781
76.3781
76.3781
76.3781
76.3781
76.3781
76.3781
76.3547
76.3547
76.3547
76.3547
76.3547
76.3547
76.3547
76.2637
76.0372
76.0372
76.0372
76.0372
76.0372
75.2759
75.2759
75.2759
75.2759
75.2759
75.2759
75.2759
74.9114
74.9114
74.9114
74.9114
74.9114
74.9114
74.9114
74.9114
74.9114
74.8203
74.8203
74.8203
74.8203
74.8203
74.8203
74.8203
74.8203
74.8203
74.8203
74.8203
74.8203
74.8203
74.8203
74.8203
74.8203
74.8203
74.6537
74.6537
74.6537
74.6537
74.6537
74.6537
74.6537
74.6537
74.586
74.586
74.586
74.586
74.586
74.586
74.586
74.586
74.586
74.586
74.586
74.586
74.5263
74.1208
74.1208
74.1208
74.1208
74.1208
74.1208
74.1208
74.1208
74.1208
74.1208
74.1208
74.1208
73.8551
73.8551
73.8551
73.8551
73.8551
73.8551
73.8551
73.8551
73.8551
73.8551
73.8551
73.8551
73.8551
73.8551
73.8551
73.8551
73.8551
73.8551
73.8551
73.8551
73.8551
73.8551
73.8551
73.8551
73.8551
73.8551
73.8551
73.8551
73.8551
73.8551
73.5146
73.5146
73.5146
73.5146
73.5146
73.5146
73.5146
73.5146
73.5146
73.5146
73.5146
73.5146
73.5146
73.5146
73.5146
73.5146
73.5146
73.5146
73.5146
73.5146
73.5146
73.5146
73.5146
73.5146
73.5146
73.5146
73.5146
73.5146
73.5146
73.5146
73.5146
73.5146
73.5146
73.5146
73.5146
73.5146
73.5146
73.5146
73.5146
73.5146
73.5146
73.5146
73.5146
73.5146
73.5146
73.5146
73.5146
73.5146
73.5146
73.5146
73.5146
73.5146
73.5146
73.5146
73.5146
73.5146
73.5146
73.5146
73.5146
73.5146
73.5146
73.5146
73.5146
73.5146
73.5146
73.5146
73.5146
73.5146
73.5146
73.5146
73.5146
73.5146
73.5146
73.5146
73.5146
73.5146
73.5146
73.5146
73.5146
73.5146
73.5146
73.5146
73.5146
73.5146
73.5146
73.5146
73.5146
73.5146
73.5146
73.5146
73.5146
73.5146
73.5146
73.5146
73.5146
73.5146
73.5146
73.5146
73.5146
73.5146
73.5146
73.5146
73.5146
73.5146
73.5146
73.5146
73.5146
73.5146
73.5146
73.5146
73.5146
73.5146
73.5146
73.5146
73.5146
73.5146
73.5146
73.5146
73.5146
73.5146
73.5146
73.5146
73.5146
73.5146
73.5146
73.5146
73.5146
73.5146
73.5146
73.5146
73.5146
73.5146
73.5146
73.5146
73.5146
73.5146
73.5146
73.5146
73.5146
73.5146
73.5146
73.5146
73.5146
73.5146
73.5146
73.5146
73.5146
73.5146
73.5146
73.5146
73.5146
73.5146
73.5146
73.5146
73.5146
73.5146
73.5146
73.5146
73.5146
73.5146
73.5146
73.5146
73.5146
73.5146
73.5146
73.5146
73.5146
73.5146
73.5146
73.5146
73.5146
73.5146
73.5146
73.5146
73.5146
73.5146
73.5146
73.5146
73.5146
73.5146
73.5146
73.5146
73.5146
73.5146
73.252
73.252
73.252
73.252
72.9979
72.9979
72.9979
72.9979
72.9979
72.9979
72.9979
72.6549
72.6549
72.6549
72.6549
72.6549
72.6549
72.6549
72.6549
72.6549
72.6549
72.6549
72.6549
72.6549
72.6549
72.6549
72.6549
72.6549
72.6549
72.6549
72.6549
72.6549
72.6549
72.6549
72.6549
72.6549
72.6549
72.6549
72.6549
72.4744
72.4744
72.4744
72.4744
72.4744
72.4744
72.4744
72.4744
72.4744
72.4744
72.3881
72.3881
72.3881
72.3881
72.3881
72.3881
72.3881
72.3881
72.3881
72.3881
72.3881
72.3881
72.3881
72.3881
72.3881
72.3881
72.3881
72.3881
72.3881
72.3881
72.3881
72.3881
72.3881
72.3881
72.3881
72.3881
72.3881
72.3881
72.3881
72.3881
72.3881
72.3881
72.3881
72.3881
72.3881
72.3881
72.3881
72.3881
72.3881
72.3881
72.3881
72.3881
72.3881
72.3881
72.3881
72.3881
72.3881
72.3881
72.3881
72.3881
72.3881
72.3881
72.3881
72.3881
72.3881
72.3881
72.3881
72.3881
72.3881
72.3881
72.3881
72.3881
72.3881
72.0864
72.0864
72.0864
72.0864
72.0864
72.0864
72.0864
72.0864
72.0864
72.0864
72.0864
71.9162
71.9162
71.9162
71.9162
71.9162
71.9162
71.9162
71.9162
71.9162
71.9162
71.9162
71.9162
71.9162
71.9162
71.9162
71.9162
71.9162
71.9162
71.9162
71.9147
71.9147
71.9147
71.9147
71.9147
71.7084
71.7084
71.7084
71.7084
71.7084
71.7084
71.7084
71.7084
71.7084
71.7084
71.7084
71.7084
71.7084
71.7084
71.7084
71.7084
71.7084
71.7084
71.7084
71.7084
71.7084
71.7084
71.7084
71.7084
71.7084
71.7084
71.7084
71.7084
71.7084
71.7084
71.7084
71.7084
71.7084
71.7084
71.7084
71.7084
71.7084
71.7084
71.7084
71.7084
71.7084
71.7084
71.7084
71.7084
71.7084
71.7084
71.7084
71.7084
71.7084
71.7084
71.7084
71.7084
71.7084
71.7084
71.7084
71.7084
71.7084
71.7084
71.7084
71.7084
71.7084
71.7084
71.7084
71.7084
71.7084
71.7084
71.7084
71.7084
71.7084
71.7084
71.7084
71.7084
71.7084
71.7084
71.7084
71.7084
71.7084
71.7084
71.7084
71.7084
71.7084
71.7084
71.7084
71.7084
71.7084
71.7084
71.7084
71.7084
71.7084
71.7084
71.7084
71.7084
71.7084
71.7084
71.7084
71.7084
71.7084
71.7084
71.7084
71.7084
71.7084
71.7084
71.7084
71.7084
71.7084
71.7084
71.7084
71.7084
71.7084
71.7084
71.7084
71.7084
71.7084
71.7084
71.7084
71.7084
71.7084
71.7084
71.7084
71.7084
71.7084
71.7084
71.7084
71.7084
71.7084
71.7084
71.7084
71.7084
71.7084
71.7084
71.7084
71.7084
71.7084
71.7084
71.7084
71.7084
71.7084
71.7084
71.7084
71.7084
71.7084
71.7084
71.7084
71.7084
71.7084
71.7084
71.7084
71.7084
71.7084
71.7084
71.7084
71.7084
71.7084
71.7084
71.7084
71.7084
71.7084
71.7084
71.7084
71.7084
71.7084
71.7084
71.7084
71.7084
71.7084
71.7084
71.7084
71.7084
71.7084
71.7084
71.7084
71.7084
71.7084
71.7084
71.7084
71.7084
71.7084
71.7084
71.7084
71.7084
71.7084
71.7084
71.7084
71.7084
71.7084
71.7084
71.7084
71.7084
71.7084
71.7084
71.7084
71.7084
71.7084
71.7084
71.7084
71.7084
71.7084
71.7084
71.7084
71.7084
71.7084
71.7084
71.7084
71.7084
71.7084
71.7084
71.7084
71.7084
71.7084
71.7084
71.7084
71.7084
71.7084
71.7084
71.7084
71.7084
71.7084
71.7084
71.7084
71.7084
71.7084
71.7084
71.7084
71.7084
71.7084
71.7084
71.7084
71.7084
71.7084
71.7084
71.7084
71.7084
71.7084
71.7084
71.7084
71.7084
71.7084
71.7084
71.7084
71.7084
71.7084
71.7084
71.7084
71.7084
71.7084
71.7084
71.7084
71.7084
71.7084
71.7084
71.7084
71.7084
71.7084
71.7084
71.7084
71.7084
71.7084
71.7084
71.7084
71.7084
71.7084
71.7084
71.7084
71.7084
71.7084
71.7084
71.7084
71.7084
71.7084
71.7084
71.7084
71.7084
71.7084
71.7084
71.7084
71.7084
71.7084
71.7084
71.7084
71.7084
71.7084
71.7084
71.7084
71.7084
71.7084
71.7084
71.7084
71.7084
71.7084
71.7084
71.7084
71.7084
71.7084
71.7084
71.7084
71.7084
71.7084
71.7084
71.7084
71.7084
71.7084
71.7084
71.7084
71.7084
71.7084
71.7084
71.7084
71.7084
71.7084
71.7084
71.7084
71.7084
71.7084
71.7084
71.7084
71.7084
71.7084
71.7084
71.7084
71.7084
71.7084
71.7084
71.7084
71.7084
71.7084
71.7084
71.7084
71.7084
71.7084
71.7084
71.7084
71.7084
71.7084
71.7084
71.7084
71.7084
71.7084
71.7084
71.7084
71.7084
71.7084
71.7084
71.7084
71.7084
71.7084
71.7084
71.7084
71.7084
71.7084
71.7084
71.7084
71.7084
71.7084
71.7084
71.7084
71.7084
71.7084
71.7084
71.7084
71.7084
71.7084
71.7084
71.7084
71.7084
71.7084
71.7084
71.7084
71.7084
71.7084
71.7084
71.7084
71.7084
71.7084
71.7084
71.7084
71.7084
71.7084
71.7084
71.7084
71.7084
71.7084
71.7084
71.7084
71.7084
71.7084
71.7084
71.7084
71.7084
71.7084
71.7084
71.7084
71.7084
71.7084
71.7084
71.7084
71.7084
71.7084
71.7084
71.7084
71.7084
71.7084
71.7084
71.7084
71.7084
71.7084
71.7084
71.7084
71.7084
71.7084
71.7084
71.7084
71.7084
71.3301
71.3301
71.3301
71.3301
71.3301
71.3301
71.3301
71.3301
71.3301
71.3301
71.3301
71.3301
71.3301
71.3301
71.3301
71.3301
71.3301
71.3301
71.3301
71.3301
71.3301
71.3301
71.3301
71.3301
71.3301
71.3301
71.3301
71.3301
71.3301
71.3301
71.3301
71.3301
71.3301
71.3301
71.3301
71.3301
71.3301
71.3301
71.3301
71.3301
71.3301
71.3301
71.3301
71.3301
71.3301
71.3301
71.3301
71.3301
71.3301
71.3301
71.3301
71.3301
71.3301
71.3301
71.3301
71.3301
71.3301
71.3301
71.3301
71.3301
71.3301
71.3301
71.3301
71.3301
71.3301
71.3301
71.3301
71.3301
71.3301
71.3301
71.3301
71.3301
71.3301
71.3301
71.3301
71.3301
71.3301
71.3301
71.3301
71.3301
71.3301
71.3301
71.3301
71.3301
71.3301
71.3301
71.3301
71.3301
71.3301
71.3301
71.3301
71.3301
71.3301
71.3301
71.3301
71.3301
71.3301
71.3301
71.3301
71.3301
71.3301
71.3301
71.3301
71.3301
71.3301
71.3301
71.3301
71.3301
71.3301
71.3301
71.3301
71.3301
71.3301
71.3301
71.3301
71.3301
71.3301
71.3301
71.3301
71.3301
71.3301
71.3301
71.3301
71.3301
71.3301
71.3301
71.3301
71.3301
71.3301
71.3301
71.3301
71.3301
71.3301
71.3301
71.3301
71.3301
71.3301
71.3301
71.3301
71.3301
71.3301
71.3301
71.3301
71.3301
71.3301
71.3301
71.3301
71.3301
71.3301
71.3301
71.3301
71.3301
71.3301
71.3301
71.3301
71.3301
71.3301
71.3301
71.3301
71.3301
71.3301
71.3301
71.3301
71.3301
71.3301
71.3301
71.3301
71.3301
71.3301
71.3301
71.3301
71.3301
71.3301
71.3301
71.3301
71.3301
71.3301
71.3301
71.3301
71.3301
71.3301
71.3301
71.3301
71.3301
71.3301
71.3301
71.3301
71.3301
71.3301
71.3301
71.3301
71.3301
71.3301
71.3301
71.3301
71.3301
71.3301
71.3301
71.3301
71.3301
71.3301
71.3301
71.3301
71.3301
71.3301
71.3301
71.3301
71.3301
71.3301
71.3301
71.3301
71.3301
71.3301
71.3301
71.3301
71.3301
71.3301
71.3301
71.3301
71.3301
71.3301
71.3301
71.3301
71.3301
71.3301
71.3301
71.3301
71.3301
71.3301
71.3301
71.3301
71.3301
71.3301
71.3301
71.3301
71.3301
71.3301
71.3301
71.3301
71.3301
71.3301
71.3301
71.3301
71.3301
71.3301
71.3301
71.3301
71.3301
71.3301
71.3301
71.3301
71.3301
71.3301
71.3301
71.3301
71.3301
71.3301
71.3301
71.3301
71.3301
71.3301
71.3301
71.3301
71.3301
70.8453
70.8453
70.7989
70.7989
70.7989
70.7989
70.7989
70.7989
70.7989
70.7989
70.7989
70.7989
70.7989
70.7989
70.7989
70.7989
70.7989
70.7989
70.7989
70.7989
70.7989
70.7989
70.7989
70.7989
70.7989
70.7989
70.7989
70.7989
70.7989
70.7989
70.7989
70.7989
70.7989
70.7989
70.7989
70.7989
70.7989
70.7989
70.7989
70.7989
70.7989
70.7989
70.7989
70.7989
70.7989
70.7989
70.7989
70.7989
70.7989
70.7989
70.7989
70.7989
70.7989
70.7989
70.7989
70.7989
70.7989
70.7989
70.7989
70.7989
70.7989
70.7989
70.7989
70.7989
70.7989
70.7989
70.7989
70.7989
70.7989
70.7989
70.7989
70.7989
70.7989
70.7989
70.7989
70.7989
70.7989
70.7989
70.7989
70.7989
70.7989
70.7989
70.7989
70.7989
70.7989
70.7989
70.7989
70.7989
70.7989
70.7989
70.7989
70.7989
70.7989
70.7989
70.7989
70.7989
70.7989
70.7989
70.7989
70.7989
70.7989
70.7989
70.7989
70.7989
70.7989
70.7989
70.7989
70.7989
70.7989
70.7989
70.7989
70.7989
70.7989
70.7989
70.7989
70.7989
70.7989
70.7989
70.6281
70.6281
70.6281
70.6281
70.6281
70.6281
70.6281
70.6281
70.6281
70.6281
70.6281
70.6281
70.6281
70.6281
70.6281
70.6281
70.6281
70.6281
70.6281
70.6281
70.6281
70.6281
70.6281
70.6281
70.6281
70.6281
70.6281
70.6281
70.6281
70.6281
70.6281
70.6281
70.6281
70.6281
70.6281
70.6281
70.6281
70.6281
70.6281
70.6281
70.6281
70.6281
70.6281
70.6281
70.6281
70.6281
70.6281
70.6281
70.6281
70.6281
70.6281
70.6281
70.6281
70.6281
70.6281
70.6281
70.6281
70.6281
70.6281
70.6281
70.6281
70.6281
70.6281
70.6281
70.6281
70.6281
70.4625
70.4625
70.4625
70.4625
70.4625
70.4625
70.4625
70.4625
70.4625
70.4625
70.4625
70.4625
70.4625
70.4625
70.3448
70.3448
70.3448
70.3448
70.3448
70.3448
70.3448
70.3448
70.3448
70.3448
70.3448
70.3448
70.3448
70.3448
70.3448
70.3448
70.3448
70.3448
70.3448
70.3448
70.3448
70.3448
70.3448
70.3448
70.3448
70.3448
70.3448
70.3448
70.3448
70.3448
70.3448
70.3448
70.3448
70.3448
70.3448
70.3448
70.3448
70.3448
70.3448
70.3448
70.3448
70.3448
70.3448
70.3448
70.3448
70.3448
70.3448
70.3448
70.3448
70.3448
70.3448
70.3448
70.3448
70.3448
70.3448
70.3448
70.3448
70.3448
70.3448
70.3448
70.3448
70.3448
70.3448
70.3448
70.3448
70.3448
70.3448
70.3448
70.3448
70.3448
70.3448
70.3448
70.3448
70.3448
70.3448
70.3448
70.3448
70.3448
70.3448
70.3448
70.3448
70.3448
70.3448
70.3448
70.3448
70.3448
70.3448
70.3448
70.3448
70.3448
70.3448
70.3448
70.3448
70.3448
70.3448
70.3448
70.3282
70.3282
70.3282
70.3282
70.1379
70.1379
70.1379
70.1379
70.1379
70.1379
70.1379
70.1379
70.1379
70.1379
70.1379
70.1379
70.1379
70.1379
70.1379
70.1379
70.1379
70.1379
70.1379
70.1379
70.1379
70.1379
70.1379
70.1379
70.1379
70.1379
70.1379
70.1379
70.1379
70.1379
70.1379
70.1379
70.1379
70.1379
70.1379
70.1379
70.1379
70.1379
70.1379
70.1379
70.1379
70.1379
70.1379
70.1379
70.1379
70.1379
70.1379
70.1379
70.1379
70.1379
70.1379
70.1379
70.1379
70.1379
70.1379
70.1379
70.1379
70.1379
70.1379
70.1379
70.1379
70.1379
70.1379
70.1379
70.1379
70.1379
69.7103
69.7103
69.7103
69.7103
69.7103
69.7103
69.7103
69.7103
69.7103
69.7103
69.7103
69.7103
69.7103
69.7103
69.7103
69.7103
69.7103
69.7103
69.7103
69.7103
69.7103
69.7103
69.7103
69.7103
69.7103
69.7103
69.7103
69.7103
69.7103
69.7103
69.7103
69.7103
69.7103
69.7103
69.7103
69.7103
69.7103
69.7103
69.7103
69.7103
69.7103
69.7103
69.7103
69.7103
69.7103
69.7103
69.7103
69.7103
69.7103
69.7103
69.7103
69.7103
69.7103
69.7103
69.7103
69.7103
69.7103
69.7103
69.7103
69.7103
69.7103
69.7103
69.7103
69.7103
69.7103
69.7103
69.7103
69.7103
69.7103
69.7103
69.7103
69.7103
69.7103
69.7103
69.7103
69.7103
69.7103
69.7103
69.7103
69.7103
69.7103
69.7103
69.7103
69.7103
69.7103
69.7103
69.7103
69.7103
69.7103
69.7103
69.7103
69.7103
69.7103
69.7103
69.7103
69.7103
69.7103
69.7103
69.7103
69.7103
69.7103
69.7103
69.7103
69.7103
69.7103
69.7103
69.7103
69.7103
69.7103
69.7103
69.7103
69.7103
69.7103
69.7103
69.7103
69.7103
69.7103
69.7103
69.7103
69.7103
69.7103
69.7103
69.7103
69.7103
69.7103
69.7103
69.7103
69.7103
69.7103
69.7103
69.7103
69.7103
69.7103
69.7103
69.7103
69.6931
69.6931
69.6931
69.6931
69.6931
69.6931
69.6931
69.6931
69.6931
69.6931
69.6931
69.6931
69.6931
69.6931
69.6931
69.6931
69.6931
69.6931
69.6931
69.6931
69.6931
69.6931
69.6931
69.6931
69.6931
69.6931
69.6931
69.6931
69.6931
69.6931
69.6931
69.6931
69.6931
69.6931
69.6931
69.6931
69.6931
69.6931
69.5186
69.5186
69.5186
69.2854
69.2854
69.2854
69.2854
69.2854
69.2854
69.2854
69.2854
69.2854
69.2854
69.2854
69.2854
69.2854
69.2854
69.2854
69.2854
69.2854
69.2854
69.2854
69.2854
69.2854
69.2854
69.2854
69.2854
69.2854
69.2854
69.2854
69.2854
69.2854
69.2854
69.2854
69.2854
69.2854
69.2854
69.2854
69.2854
69.2854
69.2854
69.2854
69.2854
69.2854
69.2842
69.2842
69.2737
69.2737
69.2737
69.2737
69.2737
69.2737
69.2737
69.2737
69.2737
69.2737
69.2737
69.2737
69.2737
69.2737
69.2737
69.2737
69.2737
69.2737
69.2737
69.2737
69.2737
69.2737
69.2737
69.2737
69.2737
69.2737
69.2737
69.2737
69.2737
69.2737
69.2647
69.2647
69.2647
69.2647
69.2647
69.2647
69.2647
69.2647
69.2647
69.2647
69.2647
69.2647
69.2647
69.2647
69.2647
69.2647
69.2647
69.2647
69.2647
69.2647
69.2647
69.2647
69.2647
69.2647
69.2647
69.2647
69.2647
69.2647
69.2647
69.2647
69.2647
69.2647
69.2647
69.2647
69.2647
69.2647
69.2647
69.2647
69.2647
69.2647
69.2647
69.2647
69.2647
69.2647
69.2647
69.2647
69.2647
69.2647
69.2647
69.2647
69.2647
69.2647
69.2647
69.2647
69.2647
69.2647
69.2647
69.2647
69.2647
69.2647
69.2647
69.2647
69.219
69.219
69.219
69.219
69.219
69.219
69.219
69.219
69.219
69.219
69.219
69.219
69.219
69.219
69.219
69.219
69.219
69.219
69.219
69.219
69.0135
69.0135
69.0135
69.0135
69.0135
69.0135
69.0135
69.0135
69.0135
68.8625
68.8625
68.8625
68.8625
68.8625
68.8625
68.8625
68.8625
68.8625
68.8625
68.8625
68.8625
68.8625
68.8625
68.8625
68.8625
68.8625
68.8625
68.8625
68.8625
68.8625
68.8625
68.8625
68.8625
68.8625
68.8625
68.8625
68.8625
68.8625
68.8625
68.8625
68.8625
68.8625
68.8625
68.8625
68.8625
68.8625
68.8625
68.8625
68.8625
68.8625
68.8625
68.8625
68.8625
68.8625
68.8625
68.8625
68.7994
68.7994
68.7994
68.7994
68.7994
68.7994
68.7994
68.7994
68.7994
68.7994
68.7994
68.7994
68.7994
68.7994
68.7994
68.7994
68.7994
68.7994
68.7994
68.5548
68.5548
68.5548
68.5548
68.5548
68.5548
68.5548
68.5548
68.5548
68.5548
68.5548
68.5548
68.5548
68.5548
68.5548
68.5548
68.5548
68.5548
68.5548
68.5548
68.5548
68.5548
68.5548
68.5548
68.5548
68.5548
68.5548
68.5548
67.8843
67.8843
67.8843
67.8843
67.8843
67.8843
67.8843
67.8843
67.8843
67.8843
67.8843
67.8843
67.8843
67.8843
67.7401
67.7401
67.7401
67.7401
67.7401
67.7401
67.7401
67.7401
67.7401
67.7401
67.7401
67.7401
67.7401
67.7401
67.7401
67.7401
67.7401
67.7401
67.7401
67.7401
67.7401
67.7401
67.7401
67.7401
67.7401
67.7401
67.7401
67.7401
67.7401
67.7401
67.7401
67.7401
67.7401
67.7401
67.7401
67.7401
67.7401
67.7401
67.7401
67.7401
67.7401
67.7401
67.7401
67.7401
67.7401
67.7401
67.7401
67.7401
67.7401
67.7401
67.7401
67.7401
67.7401
67.7401
67.7401
67.7401
67.7401
67.7401
67.7401
67.7401
67.7401
67.7401
67.7401
67.7401
67.7401
67.7401
67.7401
67.7401
67.7401
67.7401
67.7401
67.7401
67.7401
67.7401
67.7401
67.7401
67.7401
67.7401
67.7401
67.7401
67.7401
67.7401
67.7401
67.7401
67.7401
67.7401
67.1154
67.1154
67.1154
67.1154
67.1154
67.1154
67.1154
67.1154
67.1154
67.1154
67.1154
67.1154
67.1154
67.1154
67.1154
67.1154
67.1154
67.1154
67.1154
67.1154
67.1154
67.1154
67.1154
67.1154
67.1154
67.1154
67.1154
67.1154
67.1154
67.1154
67.1154
67.1154
67.1154
67.1154
67.1154
67.1154
67.1154
67.1154
67.1154
67.1154
67.1154
67.1154
67.1154
67.1154
67.1154
67.1154
67.1154
67.1154
67.1154
67.1154
67.1154
67.1154
67.1154
67.1154
67.1154
67.1154
67.1154
67.1154
67.1154
67.1154
67.1154
67.1154
67.1154
67.1154
67.1154
67.1154
67.1154
67.1154
67.1154
67.1154
67.1154
67.1154
67.1154
67.1154
67.1154
67.1154
67.1154
67.1154
67.1154
67.1154
67.1154
67.1154
67.1154
67.1154
67.1154
67.1154
67.1154
67.1154
67.1154
67.1154
67.1154
67.1154
67.1154
67.1154
67.1154
67.1154
67.1154
67.1154
67.1154
67.1154
67.1154
67.1154
67.1154
67.1154
67.1154
67.1154
67.1154
67.1154
67.1154
67.1154
67.1154
67.1154
67.1154
67.1154
67.1154
67.1154
67.1154
67.1154
67.1154
67.1154
67.1154
67.1154
67.1154
67.1154
67.1154
67.1154
67.1154
67.1154
67.1154
67.1154
67.1154
67.1154
67.1154
67.1154
67.1154
67.1154
67.1154
67.1154
67.1154
67.1154
67.1154
67.1154
67.1154
67.1154
67.1154
67.1154
67.1154
67.1154
67.1154
67.1154
67.1154
67.1154
67.1154
67.1154
67.1154
67.1154
67.1154
67.1154
67.1154
67.1154
67.1154
67.1154
67.1154
67.1154
67.1154
67.1154
67.1154
67.1154
67.1154
67.1154
67.1154
67.1154
67.1154
67.1154
67.1154
67.1154
67.1154
67.1154
67.1154
67.1154
67.1154
67.1154
67.1154
67.1154
67.1154
67.1154
67.1154
67.1154
67.1154
67.1154
67.1154
67.1154
67.1154
67.1154
67.1154
67.1154
67.1154
67.1154
67.1154
67.1154
67.1154
67.1154
67.1154
67.1154
67.1154
67.1154
67.1154
67.1154
67.1154
67.1154
67.1154
67.1154
67.1154
67.1154
67.1154
67.1154
67.1154
67.1154
67.1154
67.1154
67.1154
67.1154
67.1154
67.1154
67.1154
67.1154
67.1154
67.1154
67.1154
67.1154
67.1154
67.1154
67.1154
67.1154
67.1154
67.1154
67.1154
67.1154
67.1154
67.1154
67.1154
67.1154
67.1154
67.1154
67.1154
67.1154
67.1154
67.1154
67.1154
67.1154
67.1154
67.1154
67.1154
67.1154
67.1154
67.1154
67.1154
67.1154
67.1154
67.1154
67.1154
67.1154
67.1154
67.1154
67.1154
67.1154
67.1154
67.1154
67.1154
67.1154
67.1154
67.1154
67.1154
67.1154
67.1154
67.1154
67.1154
67.1154
67.1154
67.1154
67.1154
67.1154
67.1154
67.1154
67.1154
67.1154
67.1154
67.1154
67.1154
67.1154
67.1154
67.1154
67.1154
67.1154
67.1154
67.1154
67.1154
67.1154
67.1154
67.1154
67.1154
67.1154
67.1154
67.1154
67.1154
67.1154
67.1154
67.1154
67.1154
67.1154
67.1154
67.1154
67.1154
67.1154
67.1154
67.1154
67.1154
67.1154
67.1154
67.1154
67.1154
67.1154
67.1154
67.1154
67.1154
67.1154
67.1154
67.1154
67.1154
67.1154
67.1154
67.1154
67.1154
67.1154
67.1154
67.1154
67.1154
67.1154
67.1154
67.1154
67.1154
67.1154
67.1154
67.1154
67.1154
67.1154
67.1154
67.1154
67.1154
67.1154
67.1154
67.1154
67.1154
67.1154
67.1154
67.1154
67.1154
67.1154
67.1154
67.1154
67.1154
67.1154
67.1154
67.1154
67.1154
67.1154
67.1154
67.1154
67.1154
67.1154
67.1154
67.1154
67.1154
67.1154
67.1154
67.1154
67.1154
67.1154
67.1154
67.1154
67.1154
67.1154
67.1154
67.1154
67.1154
67.1154
67.1154
67.1154
67.1154
67.1154
67.1154
67.1154
67.1154
67.1154
67.1154
67.1154
67.1154
67.1154
67.1154
67.1154
67.1154
67.1154
67.1154
67.1154
67.1154
67.1154
67.1154
67.1154
67.1154
67.1154
67.1154
67.1154
67.1154
67.1154
67.1154
67.1154
67.1154
67.1154
67.1154
67.1154
67.1154
67.1154
67.1154
67.1154
67.1154
67.1154
67.1154
67.1154
67.1154
67.1154
66.9782
66.9782
66.9782
66.5907
66.5907
66.5907
66.5907
66.5907
66.5907
66.5907
66.5907
66.5907
66.5907
66.5907
66.5907
66.5907
66.5907
66.5907
66.5907
66.5907
66.5907
66.5907
66.5907
66.5907
66.5907
66.5907
66.5907
66.5907
66.5907
66.5907
66.5907
66.5907
66.5907
66.5907
66.5907
66.5907
66.5907
66.5907
66.5907
66.5907
66.5907
66.5907
66.5907
66.5907
66.5907
66.5907
66.5907
66.5907
66.5907
66.5907
66.5907
66.5907
66.5907
66.5907
66.5907
66.5907
66.5907
66.5907
66.5907
66.5907
66.5907
66.5907
66.5907
66.5907
66.5907
66.5907
66.5907
66.5907
66.5907
66.5907
66.5907
66.5907
66.5907
66.5907
66.5907
66.5907
66.5907
66.5907
66.5907
66.5907
66.5907
66.5907
66.5907
66.5907
66.5907
66.5907
66.5907
66.5907
66.5907
66.5907
66.5907
66.5907
66.5907
66.5907
66.5907
66.5907
66.5907
66.5907
66.5907
66.5907
66.5907
66.5907
66.5907
66.5907
66.5907
66.5907
66.5907
66.5907
66.5907
66.5907
66.5907
66.5907
66.5907
66.5907
66.5907
66.5907
66.5907
66.5907
66.5907
66.5907
66.5907
66.5907
66.5907
66.5907
66.5907
66.5907
66.5907
66.5907
66.5907
66.5907
66.5907
66.5907
66.5907
66.5907
66.5907
66.5907
66.5907
66.5907
66.5907
66.5907
66.5907
66.5907
66.5907
66.5907
66.5907
66.5907
66.5907
66.5907
66.5907
66.5907
66.5907
66.5907
66.5907
66.5907
66.5907
66.5907
66.5907
66.5907
66.5907
66.5907
66.5907
66.5907
66.5907
66.5907
66.5907
66.5907
66.5907
66.5907
66.5907
66.5907
66.5907
66.5907
66.5907
66.5907
66.5907
66.5907
66.5907
66.5907
66.5907
66.5907
66.5907
66.5907
66.5907
66.5907
66.5907
66.5907
66.5907
66.5907
66.5907
66.5907
66.5907
66.5907
66.5907
66.5907
66.5907
66.5907
66.5907
66.5907
66.5907
66.5907
66.5907
66.5907
66.5907
66.5907
66.5907
66.5907
66.5907
66.5907
66.5907
66.5907
66.5907
66.5907
66.5907
66.5907
66.5907
66.5907
66.5907
66.5907
66.5907
66.5907
66.5907
66.5907
66.5907
66.5907
66.5907
66.5907
66.5907
66.5907
66.5907
66.5907
66.5907
66.5907
66.5907
66.5907
66.5907
66.5907
66.5907
66.5907
66.5907
66.5907
66.5907
66.5907
66.5907
66.5907
66.5907
66.5907
66.5907
66.5907
66.5907
66.5907
66.5907
66.5907
66.5907
66.5907
66.5907
66.5907
66.5907
66.5907
66.5907
66.5907
66.5907
66.5907
66.5907
66.5907
66.5907
66.5907
66.5907
66.5907
66.5907
66.5907
66.5907
66.5907
66.5907
66.5907
66.5907
66.5907
66.5907
66.5907
66.5907
66.5907
66.5907
66.5907
66.5907
66.5907
66.5907
66.5907
66.5907
66.5907
66.5907
66.5907
66.5907
66.5907
66.5907
66.5907
66.5907
66.5907
66.5907
66.5907
66.5907
66.5907
66.5907
66.5907
66.5907
66.5907
66.5907
66.5907
66.5907
66.5907
66.5907
66.5907
66.5907
66.5907
66.5907
66.5907
66.5907
66.5907
66.5907
66.5907
66.5907
66.5907
66.5907
66.5907
66.5907
66.5907
66.5907
66.5907
66.5907
66.5907
66.5907
66.5907
66.5907
66.5907
66.5907
66.5907
66.5907
66.5907
66.5907
66.5907
66.5907
66.5907
66.5907
66.5907
66.5907
66.5907
66.5907
66.5907
66.5907
66.5907
66.5907
66.5907
66.5907
66.5907
66.5907
66.5907
66.5907
66.5907
66.5907
66.5907
66.5907
66.5907
66.5907
66.5907
66.5907
66.5907
66.5907
66.5907
66.5907
66.5907
66.5907
66.5907
66.5907
66.5907
66.5907
66.5907
66.5907
66.5907
66.5907
66.5907
66.5907
66.5907
66.5907
66.5907
66.5907
66.5907
66.5907
66.5907
66.5907
66.5907
66.5907
66.5907
66.5907
66.5907
66.5907
66.5907
66.5907
66.5907
66.5907
66.5907
66.5907
66.5907
66.5907
66.5907
66.5907
66.5907
66.5907
66.5907
66.5907
66.5907
66.5907
66.5907
66.5907
66.5907
66.5907
66.5907
66.5907
66.5907
66.5907
66.5907
66.5907
66.5907
66.5907
66.5907
66.5907
66.5907
66.5907
66.5907
66.5907
66.5907
66.5907
66.5907
66.5907
66.5907
66.5907
66.5907
66.5907
66.5907
66.5907
66.5907
66.5907
66.5907
66.5907
66.5907
66.5907
66.5907
66.5907
66.5907
66.5907
66.5907
66.5907
66.5907
66.5907
66.5907
66.5907
66.5907
66.5907
66.5907
66.5907
66.5907
66.5907
66.5907
66.5907
66.5907
66.5907
66.5907
66.5907
66.5907
66.5907
66.5907
66.5907
66.5907
66.5907
66.5907
66.5907
66.5907
66.5907
66.5907
66.5907
66.5907
66.5907
66.5907
66.5907
66.5907
66.5907
66.5907
66.5907
66.5907
66.5907
66.5907
66.5907
66.5907
66.5907
66.5907
66.5907
66.5907
66.5907
66.5907
66.5907
66.5907
66.5907
66.5907
66.5907
66.5907
66.5907
66.5907
66.5907
66.5907
66.5907
66.5907
66.5907
66.5907
66.5907
66.5907
66.5907
66.5907
66.5907
66.5907
66.5907
66.5907
66.5907
66.5907
66.5907
66.5907
66.5907
66.5907
66.5907
66.5907
66.5907
66.5907
66.5907
66.5907
66.5907
66.5907
66.5907
66.5907
66.5907
66.5907
66.5907
66.5907
66.5907
66.5907
66.5907
66.5907
66.5907
66.5907
66.5907
66.5907
66.5907
66.5907
66.5907
66.5907
66.5907
66.5907
66.5907
66.5907
66.5907
66.5907
66.5907
66.5907
66.5907
66.5907
66.5907
66.5907
66.5907
66.5907
66.5907
66.5907
66.5907
66.5907
66.5907
66.5907
66.5907
66.5907
66.5907
66.5907
66.5907
66.5907
66.5907
66.5907
66.5907
66.5907
66.5907
66.5907
66.5907
66.5907
66.5907
66.5907
66.5907
66.5907
66.5907
66.5907
66.5907
66.5907
66.5907
66.5907
66.5907
66.5907
66.5907
66.5907
66.5907
66.5907
66.5907
66.5907
66.5907
66.5907
66.5907
66.5907
66.5907
66.5907
66.5907
66.5907
66.5907
66.5907
66.5907
66.5907
66.5907
66.5907
66.5907
66.5907
66.5907
66.5907
66.5907
66.5907
66.5907
66.5907
66.5907
66.5907
66.5907
66.5907
66.5907
66.5907
66.5907
66.5907
66.5907
66.5907
66.5907
66.5907
66.5907
66.5907
66.5907
66.5907
66.5907
66.5907
66.5907
66.5907
66.5907
66.5907
66.5907
66.5907
66.5907
66.5907
66.5907
66.5907
66.5907
66.5907
66.5907
66.5907
66.5907
66.5907
66.5907
66.5907
66.5907
66.5907
66.5907
66.5907
66.5907
66.5907
66.5907
66.5907
66.5907
66.5907
66.5907
66.5907
66.5907
66.5907
66.5907
66.5907
66.5907
66.5907
66.5907
66.5907
66.5907
66.5907
66.5907
66.5907
66.5907
66.5907
66.5907
66.5907
66.5907
66.5907
66.5907
66.5907
66.5907
66.5907
66.5907
66.5907
66.5907
66.5907
66.5907
66.5907
66.5907
66.5907
66.5907
66.5907
66.5907
66.5907
66.5907
66.5907
66.5907
66.5907
66.5907
66.5907
66.5907
66.5907
66.5907
66.5907
66.5907
66.5907
66.5907
66.5907
66.5907
66.5907
66.5907
66.5907
66.5907
66.5907
66.5907
66.5907
66.5907
66.5907
66.5907
66.5907
66.5907
66.5907
66.5907
66.5907
66.5907
66.5907
66.5907
66.5907
66.5907
66.5907
66.5907
66.5907
66.5907
66.5907
66.5907
66.5907
66.5907
66.5907
66.5907
66.5907
66.5907
66.5907
66.5907
66.5907
66.5907
66.5907
66.5907
66.5907
66.5907
66.5907
66.5907
66.5907
66.5907
66.5907
66.5907
66.5907
66.5907
66.5907
66.5907
66.5907
66.5907
66.5907
66.5907
66.5907
66.5907
66.5907
66.5907
66.5907
66.5907
66.5907
66.5907
66.5907
66.5907
66.5907
66.5907
66.5907
66.5907
66.5907
66.5907
66.5907
66.5907
66.5907
66.5907
66.5907
66.5907
66.5907
66.5907
66.5907
66.5907
66.5907
66.5907
66.5907
66.5907
66.5907
66.5907
66.5907
66.5907
66.5907
66.5907
66.5907
66.5907
66.5907
66.5907
66.5907
66.5907
66.5907
66.5907
66.5907
66.5907
66.5907
66.5907
66.5907
66.5907
66.5907
66.5907
66.5907
66.5907
66.5907
66.5907
66.5907
66.5907
66.5907
66.5907
66.5907
66.5907
66.5907
66.5907
66.5907
66.5907
66.5907
66.5907
66.5907
66.5907
66.5907
66.5907
66.5907
66.5907
66.5907
66.5907
66.5907
66.5907
66.5907
66.5907
66.5907
66.5907
66.5907
66.5907
66.5907
66.5907
66.5907
66.5907
66.5907
66.5907
66.5907
66.5907
66.5907
66.5907
66.5907
66.5907
66.5907
66.5907
66.5907
66.5907
66.5907
66.5907
66.5907
66.5907
66.5907
66.5907
66.5907
66.5907
66.5907
66.5907
66.5907
66.5907
66.5907
66.5907
66.5907
66.5907
66.5907
66.5907
66.5907
66.5907
66.5907
66.5907
66.5907
66.5907
66.5907
66.5907
66.5907
66.5907
66.5907
66.5907
66.5907
66.5907
66.5907
66.5907
66.5907
66.5907
66.5907
66.5907
66.5907
66.5907
66.5907
66.5907
66.5907
66.5907
66.5907
66.5907
66.5907
66.5907
66.5907
66.5907
66.5907
66.5907
66.5907
66.5907
66.5907
66.5907
66.5907
66.5907
66.5907
66.5907
66.5907
66.5907
66.5907
66.5907
66.5907
66.5907
66.5907
66.5907
66.5907
66.5907
66.5907
66.5907
66.5907
66.5907
66.5907
66.5907
66.5907
66.5907
66.5907
66.5907
66.5907
66.5907
66.5907
66.5907
66.5907
66.5907
66.5907
66.5907
66.5907
66.5907
66.5907
66.5907
66.5907
66.5907
66.5907
66.5907
66.5907
66.5907
66.5907
66.5907
66.5907
66.5907
66.5907
66.5907
66.5907
66.5907
66.5907
66.5907
66.5907
66.5907
66.5907
66.5907
66.5907
66.5907
66.5907
66.5907
66.5907
66.5907
66.5907
66.5907
66.5907
66.5907
66.5907
66.5907
66.5907
66.5907
66.5907
66.5907
66.5907
66.5907
66.5907
66.5907
66.5907
66.5907
66.5907
66.5907
66.5907
66.5907
66.5907
66.5907
66.5907
66.5907
66.5907
66.5907
66.5907
66.5907
66.5907
66.5907
66.5907
66.5907
66.5907
66.5907
66.5907
66.5907
66.5907
66.5907
66.5907
66.5907
66.5907
66.5907
66.5907
66.5907
66.5907
66.5907
66.5907
66.5907
66.5907
66.5907
66.5907
66.5907
66.5907
66.5907
66.5907
66.5907
66.5907
66.5907
66.5907
66.5907
66.5907
66.5907
66.5907
66.5907
66.5907
66.5907
66.5907
66.5907
66.5907
66.5907
66.5907
66.5907
66.5907
66.5907
66.5907
66.5907
66.5907
66.5907
66.5907
66.5907
66.5907
66.5907
66.5907
66.5907
66.5907
66.5907
66.5907
66.5907
66.5907
66.5907
66.5907
66.5907
66.5907
66.5907
66.5907
66.5907
66.5907
66.5907
66.5907
66.5907
66.5907
66.5907
66.5907
66.5907
66.5907
66.5907
66.5907
66.5907
66.5907
66.5907
66.5907
66.5907
66.5907
66.5907
66.5907
66.5907
66.5907
66.5907
66.5907
66.5907
66.5907
66.5907
66.5907
66.5907
66.5907
66.5907
66.5907
66.5907
66.5907
66.5907
66.5907
66.5907
66.5907
66.5907
66.5907
66.5907
66.5907
66.5907
66.5907
66.5907
66.5907
66.5907
66.5907
66.5907
66.5907
66.5907
66.5907
66.5907
66.5907
66.5907
66.5907
66.5907
66.5907
66.5907
66.5907
66.5907
66.5907
66.5907
66.5907
66.5907
66.5907
66.5907
66.5907
66.5907
66.5907
66.5907
66.5907
66.5907
66.5907
66.5907
66.5907
66.5907
66.5907
66.5907
66.5907
66.5907
66.5907
66.5907
66.5907
66.5907
66.5907
66.5907
66.5907
66.5907
66.5907
66.5907
66.5907
66.5907
66.5907
66.5907
66.5907
66.5907
66.5907
66.5907
66.5907
66.5907
66.5907
66.5907
66.5907
66.5907
66.5907
66.5907
66.5907
66.5907
66.5907
66.5907
66.5907
66.5907
66.5907
66.5907
66.5907
66.5907
66.5907
66.5907
66.5907
66.5907
66.5907
66.5907
66.5907
66.5907
66.5907
66.5907
66.5907
66.5907
66.5907
66.5907
66.5907
66.5907
66.5907
66.5907
66.5907
66.5907
66.5907
66.5907
66.5907
66.5907
66.5907
66.5907
66.5907
66.5907
66.5907
66.5907
66.5907
66.5907
66.5907
66.5907
66.5907
66.5907
66.5907
66.5907
66.5907
66.5907
66.5907
66.5907
66.5907
66.5907
66.5907
66.5907
66.5907
66.5907
66.5907
66.5907
66.5907
66.5907
66.5907
66.5907
66.5907
66.5907
66.5907
66.5907
66.5907
66.5907
66.5907
66.5907
66.5907
66.5907
66.5907
66.5907
66.5907
66.5907
66.5907
66.5907
66.5907
66.5907
66.5907
66.5907
66.5907
66.5907
66.5907
66.5907
66.5907
66.5907
66.5907
66.5907
66.5907
66.5907
66.5907
66.5907
66.5907
66.5907
66.5907
66.5907
66.5907
66.5907
66.5907
66.5907
66.5907
66.5907
66.5907
66.5907
66.5907
66.5907
66.5907
66.5907
66.5907
66.5907
66.5907
66.5907
66.5907
66.5907
66.5907
66.5907
66.5907
66.5907
66.5907
66.5907
66.5907
66.5907
66.5907
66.5907
66.5907
66.5907
66.5907
66.5907
66.5907
66.5907
66.5907
66.5907
66.5907
66.5907
66.5907
66.5907
66.5907
66.5907
66.5907
66.5907
66.5907
66.5907
66.5907
66.5907
66.5907
66.5907
66.5907
66.5907
66.5907
66.5907
66.5907
66.5907
66.5907
66.5907
66.5907
66.5907
66.5907
66.5907
66.5907
66.5907
66.5907
66.5907
66.5907
66.5907
66.5907
66.5907
66.5907
66.5907
66.5907
66.5907
66.5907
66.5907
66.5907
66.5907
66.5907
66.5907
66.5907
66.5907
66.5907
66.5907
66.5907
66.5907
66.5907
66.5907
66.5907
66.5907
66.5907
66.5907
66.5907
66.5907
66.5907
66.5907
66.5907
66.5907
66.5907
66.5907
66.5907
66.5907
66.5907
66.5907
66.5907
66.5907
66.5907
66.5907
66.5907
66.5907
66.5907
66.5907
66.5907
66.5907
66.5907
66.5907
66.5907
66.5907
66.5907
66.5907
66.5907
66.5907
66.5907
66.5907
66.5907
66.5907
66.5907
66.5907
66.5907
66.5907
66.5907
66.5907
66.5907
66.5907
66.5907
66.5907
66.5907
66.5907
66.5907
66.5907
66.5907
66.5907
66.5907
66.5907
66.5907
66.5907
66.5907
66.5907
66.5907
66.5907
66.5907
66.5907
66.5907
66.445
66.445
66.445
66.445
66.445
66.445
66.445
66.445
66.445
66.445
66.445
66.445
66.445
66.445
66.445
66.445
66.445
66.445
66.445
66.445
66.445
66.445
66.445
66.445
66.445
66.445
66.445
66.445
66.445
66.445
66.445
66.445
66.445
66.445
66.445
66.445
66.445
66.445
66.445
66.445
66.445
66.445
66.445
66.445
66.445
66.445
66.445
66.445
66.445
66.445
66.445
66.445
66.445
66.445
66.445
66.445
66.445
66.445
66.445
66.445
66.445
66.445
66.445
66.445
66.445
66.445
66.445
66.445
66.445
66.445
66.445
66.445
66.445
66.445
66.445
66.445
66.445
66.445
66.445
66.445
66.445
66.445
66.445
66.445
66.445
66.445
66.445
66.445
66.445
66.445
66.445
66.445
66.445
66.445
66.445
66.445
66.445
66.445
66.445
66.445
66.445
66.445
66.445
66.445
66.445
66.445
66.445
66.445
66.445
66.445
66.445
66.445
66.445
66.445
66.445
66.445
66.445
66.445
66.445
66.445
66.445
66.445
66.445
66.445
66.445
66.445
66.445
66.445
66.445
66.445
66.445
66.445
66.445
66.445
66.445
66.445
66.445
66.445
66.445
66.445
66.445
66.445
66.445
66.445
66.445
66.445
66.445
66.445
66.445
66.445
66.445
66.445
66.445
66.445
66.445
66.445
66.445
66.445
66.445
66.445
66.445
66.445
66.445
66.445
66.445
66.445
66.445
66.445
66.445
66.445
66.445
66.445
66.445
66.445
66.445
66.445
66.445
66.445
66.445
66.445
66.445
66.445
66.445
66.445
66.445
66.445
66.445
66.445
66.445
66.445
66.445
66.445
66.445
66.445
66.445
66.445
66.445
66.445
66.445
66.445
66.445
66.445
66.445
66.445
66.445
66.445
66.445
66.445
66.445
66.445
66.445
66.445
66.445
66.445
66.445
66.445
66.445
66.445
66.445
66.445
66.445
66.445
66.445
66.445
66.445
66.445
66.445
66.445
66.445
66.445
66.445
66.445
66.445
66.445
66.445
66.445
66.445
66.445
66.445
66.445
66.445
66.445
66.445
66.445
66.445
66.445
66.445
66.445
66.445
66.445
66.445
66.445
66.445
66.445
66.445
66.445
66.445
66.445
66.445
66.445
66.445
66.445
66.445
66.445
66.445
66.445
66.445
66.445
66.445
66.445
66.445
66.445
66.445
66.445
66.445
66.445
66.445
66.445
66.445
66.445
66.445
66.445
66.445
66.445
66.445
66.445
66.445
66.445
66.445
66.445
66.445
66.445
66.445
66.445
66.445
66.445
66.445
66.445
66.445
66.445
66.445
66.445
66.445
66.445
66.445
66.445
66.445
66.445
66.445
66.445
66.445
66.445
66.445
66.445
66.445
66.445
66.445
66.445
66.445
66.445
66.445
66.445
66.445
66.445
66.445
66.445
66.445
66.445
66.445
66.445
66.445
66.445
66.445
66.445
66.445
66.445
66.445
66.445
66.445
66.445
66.445
66.445
66.445
66.445
66.445
66.445
66.445
66.445
66.445
66.445
66.445
66.445
66.445
66.445
66.445
66.445
66.445
66.445
66.445
66.445
66.445
66.445
66.445
66.445
66.445
66.445
66.445
66.445
66.445
66.445
66.445
66.445
66.445
66.445
66.445
66.445
66.445
66.445
66.445
66.445
66.445
66.445
66.445
66.445
66.445
66.445
66.445
66.445
66.445
66.445
66.445
66.445
66.445
66.445
66.445
66.445
66.445
66.445
66.445
66.445
66.445
66.445
66.445
66.445
66.445
66.445
66.445
66.445
66.445
66.445
66.445
66.445
66.445
66.445
66.445
66.445
66.445
66.445
66.445
66.445
66.445
66.445
66.445
66.445
66.445
66.445
66.445
66.445
66.445
66.445
66.445
66.445
66.445
66.445
66.445
66.445
66.445
66.445
66.445
66.445
66.445
66.445
66.445
66.445
66.445
66.445
66.445
66.445
66.445
66.445
66.445
66.445
66.445
66.445
66.445
66.445
66.445
66.445
66.445
66.445
66.445
66.445
66.445
66.445
66.445
66.445
66.445
66.445
66.445
66.445
66.445
66.445
66.445
66.445
66.445
66.445
66.445
66.445
66.445
66.445
66.445
66.445
66.445
66.445
66.445
66.445
66.445
66.445
66.445
66.445
66.445
66.445
66.445
66.445
66.445
66.445
66.445
66.445
66.445
66.445
66.445
66.445
66.445
66.445
66.445
66.445
66.445
66.445
66.445
66.445
66.445
66.445
66.445
66.445
66.445
66.445
66.445
66.445
66.445
66.445
66.445
66.445
66.445
66.445
66.445
66.445
66.445
66.445
66.445
66.445
66.445
66.445
66.445
66.445
66.445
66.445
66.445
66.445
66.445
66.445
66.445
66.445
66.445
66.445
66.445
66.445
66.445
66.445
66.445
66.445
66.445
66.445
66.445
66.445
66.445
66.445
66.445
66.445
66.445
66.445
66.445
66.445
66.445
66.445
66.445
66.445
66.445
66.445
66.445
66.445
66.445
66.445
66.445
66.445
66.445
66.445
66.445
66.445
66.445
66.445
66.445
66.445
66.445
66.445
66.445
66.445
66.445
66.445
66.445
66.445
66.445
66.445
66.445
66.445
66.445
66.445
66.445
66.445
66.445
66.445
66.445
66.445
66.445
66.445
66.445
66.445
66.445
66.445
66.445
66.445
66.445
66.445
66.445
66.445
66.445
66.445
66.445
66.445
66.445
66.445
66.445
66.445
66.445
66.445
66.445
66.445
66.445
66.445
66.445
66.445
66.445
66.445
66.445
66.445
66.445
66.445
66.445
66.445
66.445
66.445
66.445
66.445
66.445
66.445
66.445
66.445
66.445
66.445
66.445
66.445
66.445
66.445
66.445
66.445
66.445
66.445
66.445
66.445
66.445
66.445
66.3743
66.3743
66.3743
66.3743
66.3743
66.3743
66.3743
66.3743
66.3743
66.3743
66.3743
66.3743
66.3743
66.3743
66.3743
66.3743
66.3743
66.3743
66.3743
66.3743
66.3743
66.3743
66.3743
66.3743
66.3743
66.3743
66.3743
66.3743
66.3743
66.3743
66.3743
66.3743
66.3743
66.3743
66.3743
66.3743
66.3743
66.3743
66.3743
66.3743
66.3743
66.3743
66.3743
66.3743
66.3743
66.3743
66.3743
66.3743
66.3743
66.3743
66.3743
66.3743
66.3743
66.3743
66.3743
66.3743
66.3743
66.3743
66.3743
66.3743
66.3743
66.3743
66.3743
66.3743
66.3743
66.3743
66.3743
66.3743
66.3743
66.3743
66.3743
66.3743
66.3743
66.3743
66.3743
66.3743
66.3743
66.3743
66.3743
66.3743
66.3743
66.3743
66.3743
66.3743
66.3743
66.3743
66.3743
66.3743
66.3743
66.3743
66.3743
66.3743
66.3743
66.3743
66.3743
66.3743
66.3743
66.3743
66.3743
66.3743
66.3743
66.3743
66.3743
66.3743
66.3743
66.3743
66.3743
66.3743
66.3743
66.3743
66.3743
66.3743
66.3743
66.3743
66.3743
66.3743
66.3743
66.3743
66.3743
66.3743
66.3743
66.3743
66.3743
66.3743
66.3743
66.3743
66.3743
66.3743
66.3743
66.3743
66.3743
66.3743
66.3743
66.3743
66.3743
66.3743
66.3743
66.3743
66.3743
66.3743
66.3743
66.3743
66.3743
66.3743
66.3743
66.3743
66.3743
66.3743
66.3743
66.3743
66.3743
66.3743
66.3743
66.3743
66.3743
66.3743
66.3743
66.3743
66.3743
66.3743
66.3743
66.3743
66.3743
66.3743
66.3743
66.3743
66.3743
66.3743
66.3743
66.3743
66.3743
66.3743
66.3743
66.3743
66.3743
66.3743
66.3743
66.3743
66.3743
66.3743
66.3743
66.3743
66.3743
66.3743
66.3743
66.3743
66.3743
66.3743
66.3743
66.3743
66.3743
66.3743
66.3743
66.3743
66.3743
66.3743
66.3743
66.3743
66.3743
66.3743
66.3743
66.3743
66.3743
66.3743
66.3743
66.3743
66.3743
66.3743
66.3743
66.3743
66.3743
66.3743
66.3743
66.3743
66.3743
66.3743
66.3743
66.3743
66.3743
66.3743
66.3743
66.3743
66.3743
66.3743
66.3743
66.3743
66.3743
66.3743
66.3743
66.3743
66.3743
66.3743
66.3743
66.3743
66.3743
66.3743
66.3743
66.3743
66.3743
66.3743
66.3743
66.3743
66.3743
66.3743
66.3743
66.3743
66.3743
66.3743
66.3743
66.3743
66.3743
66.3743
66.3743
66.3743
66.3743
66.3743
66.3743
66.3743
66.3743
66.3743
66.3743
66.3743
66.3743
66.3743
66.3743
66.3743
66.3743
66.3743
66.3743
66.3743
66.3743
66.3743
66.3743
66.3743
66.3743
66.3743
66.3743
66.3743
66.3743
66.3743
66.3743
66.3743
66.3743
66.3743
66.3743
66.3743
66.3743
66.3743
66.3743
66.3743
66.3743
66.3743
66.3743
66.3743
66.3743
66.3743
66.3743
66.3743
66.3743
66.3743
66.3743
66.3743
66.3743
66.3743
66.3743
66.3743
66.3743
66.3743
66.3743
66.3743
66.3743
66.3743
66.3743
66.3743
66.3743
66.3743
66.3743
66.3743
66.3743
66.3743
66.3743
66.3743
66.3743
66.3743
66.3743
66.3743
66.3743
66.3743
66.3743
66.3743
66.3743
66.3743
66.3743
66.3743
66.3743
66.3743
66.3743
66.3743
66.3743
66.3743
66.3743
66.3743
66.3743
66.3743
66.3743
66.3743
66.3743
66.3743
66.3743
66.3743
66.3743
66.3743
66.3743
66.3743
66.3743
66.3743
66.3743
66.3743
66.3743
66.3743
66.3743
66.3743
66.3743
66.3743
66.3743
66.3743
66.3743
66.3743
66.3743
66.3743
66.3743
66.3743
66.3743
66.3743
66.3743
66.3743
66.3743
66.3743
66.3743
66.3743
66.3743
66.3743
66.3743
66.3743
66.3743
66.3743
66.3743
66.3743
66.3743
66.3743
66.3743
66.3743
66.3743
66.3743
66.3743
66.3743
66.3743
66.3743
66.3743
66.3743
66.3743
66.3743
66.3743
66.3743
66.3743
66.3743
66.3743
66.3743
66.3743
66.3743
66.3743
66.3743
66.3743
66.3743
66.3743
66.3743
66.3743
66.3743
66.3743
66.3743
66.3743
66.3743
66.3743
66.3743
66.3743
66.3743
66.3743
66.3743
66.3743
66.3743
66.3743
66.3743
66.3743
66.3743
66.3743
66.3743
66.3743
66.3743
66.3743
66.3743
66.3743
66.3743
66.3743
66.3743
66.3743
66.3743
66.3743
66.3743
66.3743
66.3743
66.3743
66.3743
66.3743
66.3743
66.3743
66.3743
66.3743
66.3743
66.3743
66.3743
66.3743
66.3743
66.3743
66.3743
66.3743
66.3743
66.3743
66.3743
66.3743
66.3743
66.3743
66.3743
66.3743
66.3743
66.3743
66.3743
66.3743
66.3743
66.3743
66.3743
66.3743
66.3743
66.3743
66.3743
66.3743
66.3743
66.3743
66.3743
66.3743
66.3743
66.3743
66.3743
66.3743
66.3743
66.3743
66.3743
66.3743
66.3743
66.3743
66.3743
66.3743
66.3743
66.3743
66.3743
66.3743
66.3743
66.3743
66.3743
66.3743
66.3743
66.3743
66.3743
66.3743
66.3743
66.3743
66.3743
66.3743
66.3743
66.3743
66.3743
66.3743
66.3743
66.3743
66.3743
66.3743
66.3743
66.3743
66.3743
66.3743
66.3743
66.3743
66.3743
66.3743
66.3743
66.3743
66.3743
66.3743
66.3743
66.3743
66.3743
66.3743
66.3743
66.3743
66.3743
66.3743
66.3743
66.3743
66.3743
66.3743
66.3743
66.3743
66.3743
66.3743
66.3743
66.3743
66.3743
66.3743
66.3743
66.3743
66.3743
66.3743
66.3743
66.3743
66.3743
66.3743
66.3743
66.3743
66.3743
66.3743
66.3743
66.3743
66.3743
66.3743
66.3743
66.3743
66.3743
66.3743
66.3743
66.3743
66.3743
66.3743
66.3743
66.3743
66.3743
66.3743
66.3743
66.3743
66.3743
66.3743
66.3743
66.3743
66.3743
66.3743
66.3743
66.3743
66.3743
66.3743
66.3743
66.3743
66.3743
66.3743
66.3743
66.3743
66.3743
66.3743
66.3743
66.3743
66.3743
66.3743
66.3743
66.3743
66.3743
66.3743
66.3743
66.3743
66.3743
66.3743
66.3743
66.3743
66.3743
66.3743
66.3743
66.3743
66.3743
66.3743
66.3743
66.3743
66.3743
66.3743
66.3743
66.3743
66.3743
66.3743
66.3743
66.3743
66.3743
66.3743
66.3743
66.3743
66.3743
66.3743
66.3743
66.3743
66.3743
66.3743
66.3743
66.3743
66.3743
66.3743
66.3743
66.3743
66.3743
66.3743
66.3743
66.3743
66.3743
66.3743
66.3743
66.3743
66.3743
66.3743
66.3743
66.3743
66.3743
66.3743
66.3743
66.3743
66.3743
66.3743
66.3743
66.3743
66.3743
66.3743
66.3743
66.3743
66.3743
66.3743
66.3743
66.3743
66.3743
66.3743
66.3743
66.3743
66.3743
66.3743
66.3743
66.3743
66.3743
66.3743
66.3743
66.3743
66.3743
66.3743
66.3743
66.3743
66.3743
66.3743
66.3743
66.3743
66.3743
66.3743
66.3743
66.3743
66.3743
66.3743
66.3743
66.3743
66.3743
66.3743
66.3743
66.3743
66.3743
66.3743
66.3743
66.3743
66.3743
66.3743
66.3743
66.3743
66.3743
66.3743
66.3743
66.3743
66.3743
66.3743
66.3743
66.3743
66.3743
66.3743
66.3743
66.3743
66.3743
66.3743
66.3743
66.3743
66.3743
66.3743
66.3743
66.3743
66.3743
66.3743
66.3743
66.3743
66.3743
66.3743
66.3743
66.3743
66.3743
66.3743
66.3743
66.3743
66.3743
66.3743
66.3743
66.3743
66.3743
66.3743
66.3743
66.3743
66.3743
66.3743
66.3743
66.3743
66.3743
66.3743
66.3743
66.3743
66.3743
66.3743
66.3743
66.3743
66.3743
66.3743
66.3743
66.3743
66.3743
66.3743
66.3743
66.3743
66.3743
66.3743
66.3743
66.3743
66.3743
66.3743
66.3743
66.3743
66.3743
66.3743
66.3743
66.3743
66.3743
66.3743
66.3743
66.3743
66.3743
66.3743
66.3743
66.3743
66.3743
66.3743
66.3743
66.3743
66.3743
66.3743
66.3743
66.3743
66.3743
66.3743
66.3743
66.3743
66.3743
66.3743
66.3743
66.3743
66.3743
66.3743
66.3743
66.3743
66.3743
66.3743
66.3743
66.3743
66.3743
66.3743
66.3743
66.3743
66.3743
66.3743
66.3743
66.3743
66.3743
66.3743
66.3743
66.3743
66.3743
66.3743
66.3743
66.3743
66.3743
66.3743
66.3743
66.3743
66.3743
66.3743
66.3743
66.3743
66.3743
66.3743
66.3743
66.3743
66.3743
66.3743
66.3743
66.3743
66.3743
66.3743
66.3743
66.3743
66.3743
66.3743
66.3743
66.3743
66.3743
66.3743
66.3743
66.3743
66.3743
66.3743
66.3743
66.3743
66.3743
66.3743
66.3743
66.3743
66.3743
66.3743
66.3743
66.3743
66.3743
66.3743
66.3743
66.3743
66.3743
66.3743
66.3743
66.3743
66.3743
66.3743
66.3743
66.3743
66.3743
66.3743
66.3743
66.3743
66.3743
66.3743
66.3743
66.3743
66.3743
66.3743
66.3743
66.3743
66.3743
66.3743
66.3743
66.3743
66.3743
66.3743
66.3743
66.3743
66.3743
66.3743
66.3743
66.3743
66.3743
66.3743
66.3743
66.3743
66.3743
66.3743
66.3743
66.3743
66.3743
66.3743
66.3743
66.3743
66.3743
66.3743
66.3743
66.3743
66.3743
66.3743
66.3743
66.3743
66.3743
66.3743
66.3743
66.3743
66.3743
66.3743
66.3743
66.3743
66.3743
66.3743
66.3743
66.3743
66.3743
66.3743
66.3743
66.3743
66.3743
66.3743
66.3743
66.3743
66.3743
66.3743
66.3743
66.3743
66.3743
66.3743
66.3743
66.3743
66.3743
66.3743
66.3743
66.3743
66.3743
66.3743
66.3743
66.3743
66.3743
66.3743
66.3743
66.3743
66.3743
66.3743
66.3743
66.3743
66.3743
66.3743
66.3743
66.3743
66.3743
66.3743
66.3743
66.3743
66.3743
66.3743
66.3743
66.3743
66.3743
66.3743
66.3743
66.3743
66.3743
66.3743
66.3743
66.3743
66.3743
66.3743
66.3743
66.3743
66.3743
66.3743
66.3743
66.3743
66.3743
66.3743
66.3743
66.3743
66.3743
66.3743
66.3743
66.3743
66.3743
66.3743
66.3743
66.3743
66.3743
66.3743
66.3743
66.3743
66.3743
66.3743
66.3743
66.3743
66.3743
66.3743
66.3743
66.3743
66.3743
66.3743
66.3743
66.3743
66.3743
66.3743
66.3743
66.3743
66.3743
66.3743
66.3743
66.3743
66.3743
66.3743
66.3743
66.3743
66.3743
66.3743
66.3743
66.3743
66.3743
66.3743
66.3743
66.3743
66.3743
66.3743
66.3743
66.3743
66.3743
66.3743
66.3743
66.3743
66.3743
66.3743
66.3743
66.3743
66.3743
66.3743
66.3743
66.3743
66.3743
66.3743
66.3743
66.3743
66.3743
66.3743
66.3743
66.3743
66.3743
66.3743
66.3743
66.3743
66.3743
66.3743
66.3743
66.3743
66.3743
66.3743
66.3743
66.3743
66.3743
66.3743
66.3743
66.3743
66.3743
66.3743
66.3743
66.3743
66.3743
66.3743
66.3743
66.3743
66.3743
66.3743
66.3743
66.3743
66.3743
66.3743
66.3743
66.3743
66.3743
66.3743
66.3743
66.3743
66.3741
66.3741
66.3741
66.3741
66.3741
66.3741
66.3741
66.3741
66.3741
66.3741
66.3741
66.3741
66.3741
66.3741
66.3741
66.3741
66.3741
66.3741
66.3741
66.3741
66.3741
66.3741
66.3741
66.3741
66.3741
66.3741
66.3741
66.3741
66.3741
66.3741
66.3741
66.3741
66.3741
66.3741
66.3741
66.3741
66.3741
66.3741
66.3741
66.3741
66.3741
66.3741
66.3741
66.3741
66.3741
66.3741
66.3741
66.3741
66.3741
66.3741
66.3741
66.3741
66.3741
66.3741
66.3741
66.3741
66.3741
66.3741
66.3741
66.3741
66.3741
66.3741
66.3741
66.3741
66.3741
66.3741
66.3741
66.3741
66.3741
66.3741
66.3741
66.3741
66.3741
66.3741
66.3741
66.3741
66.3741
66.3741
66.3741
66.3741
66.3741
66.3741
66.3741
66.3741
66.3741
66.3741
66.3741
66.3741
66.3741
66.3741
66.3741
66.3741
66.3741
66.3741
66.3741
66.3741
66.3741
66.3741
66.3741
66.3741
66.3741
66.3741
66.3741
66.3741
66.3741
66.3741
66.3741
66.3741
66.3741
66.3741
66.3741
66.3741
66.3741
66.3741
66.3741
66.3741
66.3741
66.2107
66.2107
66.2107
66.2107
66.2107
66.2107
66.2107
66.2107
66.2107
66.2107
66.2107
66.2107
66.2107
66.2107
66.2107
66.2107
66.2107
66.2107
66.2107
66.2107
66.2107
66.2107
66.2107
66.2107
66.2107
66.2107
66.2107
66.2107
66.2107
66.2107
66.2107
66.2107
66.2107
66.2107
66.2107
66.2107
66.2107
66.2107
66.2107
66.2107
66.2107
66.2107
66.2107
66.2107
66.2107
66.2107
66.2107
66.2107
66.2107
66.2107
66.2107
66.2107
66.2107
66.2107
66.2107
66.2107
66.2107
66.2107
66.2107
66.2107
66.2107
66.2107
66.2107
66.2107
66.2107
66.2107
66.2107
66.2107
66.2107
66.2107
66.2107
66.2107
66.2107
66.2107
66.2107
66.2107
66.2107
66.2107
66.2107
66.2107
66.2107
66.2107
66.2107
66.2107
66.2107
66.2107
66.2107
66.2107
66.2107
66.2107
66.2107
66.2107
66.2107
66.2107
66.2107
66.2107
66.2107
66.2107
66.2107
66.2107
66.2107
66.2107
66.2107
66.2107
66.2107
66.2107
66.2107
66.2107
66.2107
66.2107
66.2107
66.2107
66.2107
66.2107
66.2107
66.2107
66.2107
66.2107
66.2107
66.2107
66.2107
66.2107
66.2107
66.2107
66.2107
66.2107
66.2107
66.2107
66.2107
66.2107
66.2107
66.2107
66.2107
66.2107
66.2107
66.2107
66.2107
66.2107
66.2107
66.2107
66.2107
66.2107
66.2107
66.2107
66.2107
66.2107
66.2107
66.2107
66.2107
66.2107
66.2107
66.2107
66.2107
66.2107
66.2107
66.2107
66.2107
66.2107
66.2107
66.2107
66.2107
66.2107
66.2107
66.2107
66.2107
66.2107
66.2107
66.2107
66.2107
66.2107
66.2107
66.2107
66.2107
66.2107
66.2107
66.2107
66.2107
66.2107
66.2107
66.2107
66.2107
66.2107
66.2107
66.2107
66.2107
66.2107
66.2107
66.2107
66.2107
66.2107
66.2107
66.2107
66.2107
66.2107
66.2107
66.2107
66.2107
66.2107
66.2107
66.2107
66.2107
66.2107
66.2107
66.2107
66.2107
66.2107
66.2107
66.2107
66.2107
66.2107
66.2107
66.2107
66.2107
66.2107
66.2107
66.2107
66.2107
66.2107
66.2107
66.2107
66.2107
66.2107
66.2107
66.2107
66.2107
66.2107
66.2107
66.2107
66.2107
66.2107
66.2107
66.2107
66.2107
66.2107
66.2107
66.2107
66.2107
66.2107
66.2107
66.2107
66.2107
66.2107
66.2107
66.2107
66.2107
66.2107
66.2107
66.2107
66.2107
66.2107
66.2107
66.2107
66.2107
66.2107
66.2107
66.2107
66.2107
66.2107
66.2107
66.2107
66.2107
66.2107
66.2107
66.2107
66.2107
66.2107
66.2107
66.2107
66.2107
66.2107
66.2107
66.2107
66.2107
66.2107
66.2107
66.2107
66.2107
66.2107
66.2107
66.2107
66.2107
66.2107
66.2107
66.2107
66.2107
66.2107
66.2107
66.2107
66.2107
66.2107
66.2107
66.2107
66.2107
66.2107
66.2107
66.2107
66.2107
66.2107
66.2107
66.2107
66.2107
66.2107
66.2107
66.2107
66.2107
66.2107
66.2107
66.2107
66.2107
66.2107
66.2107
66.2107
66.2107
66.2107
66.2107
66.2107
66.2107
66.2107
66.2107
66.2107
66.2107
66.2107
66.2107
66.2107
66.2107
66.2107
66.2107
66.2107
66.2107
66.2107
66.2107
66.2107
66.2107
66.2107
66.2107
66.2107
66.2107
66.2107
66.2107
66.2107
66.2107
66.2107
66.2107
66.2107
66.2107
66.2107
66.2107
66.2107
66.2107
66.2107
66.2107
66.2107
66.2107
66.2107
66.2107
66.2107
66.2107
66.2107
66.2107
66.2107
66.2107
66.2107
66.2107
66.2107
66.2107
66.2107
66.2107
66.2107
66.2107
66.2107
66.2107
66.2107
66.2107
66.2107
66.2107
66.2107
66.2107
66.2107
66.2107
66.2107
66.2107
66.2107
66.2107
66.2107
66.2107
66.2107
66.2107
66.2107
66.2107
66.2107
66.2107
66.2107
66.2107
66.2107
66.2107
66.2107
66.2107
66.2107
66.2107
66.2107
66.2107
66.2107
66.2107
66.2107
66.2107
66.2107
66.2107
66.2107
66.2107
66.2107
66.2107
66.2107
66.2107
66.2107
66.2107
66.2107
66.2107
66.2107
66.2107
66.2107
66.2107
66.2107
66.2107
66.2107
66.2107
66.2107
66.2107
66.2107
66.2107
66.2107
66.2107
66.2107
66.2107
66.2107
66.2107
66.2107
66.2107
66.2107
66.2107
66.2107
66.2107
66.2107
66.2107
66.2107
66.2107
66.2107
66.2107
66.2107
66.2107
66.2107
66.2107
66.2107
66.2107
66.2107
66.2107
66.2107
66.2107
66.2107
66.2107
66.2107
66.2107
66.2107
66.2107
66.2107
66.2107
66.2107
66.2107
66.2107
66.2107
66.2107
66.2107
66.2107
66.2107
66.2107
66.2107
66.2107
66.2107
66.2107
66.2107
66.2107
66.2107
66.2107
66.2107
66.2107
66.2107
66.2107
66.2107
66.2107
66.2107
66.2107
66.2107
66.2107
66.2107
66.2107
66.2107
66.2107
66.2107
66.2107
66.2107
66.2107
66.2107
66.2107
66.2107
66.2107
66.2107
66.2107
66.2107
66.2107
66.2107
66.2107
66.2107
66.2107
66.2107
66.2107
66.2107
66.2107
66.2107
66.2107
66.2107
66.2107
66.2107
66.2107
66.2107
66.2107
66.2107
66.2107
66.2107
66.2107
66.2107
66.2107
66.2107
66.2107
66.2107
66.2107
66.2107
66.2107
66.2107
66.2107
66.2107
66.2107
66.2107
66.2107
66.2107
66.2107
66.2107
66.2107
66.2107
66.2107
66.2107
66.2107
66.2107
66.2107
66.2107
66.2107
66.2107
66.2107
66.2107
66.2107
66.2107
66.2107
66.2107
66.2107
66.2107
66.2107
66.2107
66.2107
66.2107
66.2107
66.2107
66.2107
66.2107
66.2107
66.2107
66.2107
66.2107
66.2107
66.2107
66.2107
66.2107
66.2107
66.2107
66.2107
66.2107
66.2107
66.2107
66.2107
66.2107
66.2107
66.2107
66.2107
66.2107
66.2107
66.2107
66.2107
66.2107
66.2107
66.2107
66.2107
66.2107
66.2107
66.2107
66.2107
66.2107
66.2107
66.2107
66.2107
66.2107
66.2107
66.2107
66.2107
66.2107
66.2107
66.2107
66.2107
66.2107
66.2107
66.2107
66.2107
66.2107
66.2107
66.2107
66.2107
66.2107
66.2107
66.2107
66.2107
66.2107
66.2107
66.2107
66.2107
66.2107
66.2107
66.2107
66.2107
66.2107
66.2107
66.2107
66.2107
66.2107
66.2107
66.2107
66.2107
66.2107
66.2107
66.2107
66.2107
66.2107
66.2107
66.2107
66.2107
66.2107
66.2107
66.2107
66.2107
66.2107
66.2107
66.2107
66.2107
66.2107
66.2107
66.2107
66.2107
66.2107
66.2107
66.2107
66.2107
66.2107
66.2107
66.2107
66.2107
66.2107
66.2107
66.2107
66.2107
66.2107
66.2107
66.2107
66.2107
66.2107
66.2107
66.2107
66.2107
66.2107
66.2107
66.2107
66.2107
66.2107
66.2107
66.2107
66.2107
66.2107
66.2107
66.2107
66.2107
66.2107
66.2107
66.2107
66.2107
66.2107
66.2107
66.2107
66.2107
66.2107
66.2107
66.2107
66.2107
66.2107
66.2107
66.2107
66.2107
66.2107
66.2107
66.2107
66.2107
66.2107
66.2107
66.2107
66.2107
66.2107
66.2107
66.2107
66.2107
66.2107
66.2107
66.2107
66.2107
66.2107
66.2107
66.2107
66.2107
66.2107
66.2107
66.2107
66.2107
66.2107
66.2107
66.2107
66.2107
66.2107
66.2107
66.2107
66.2107
66.2107
66.2107
66.2107
66.2107
66.2107
66.2107
66.2107
66.2107
66.2107
66.2107
66.2107
66.2107
66.2107
66.2107
66.2107
66.2107
66.2107
66.2107
66.2107
66.2107
66.2107
66.2107
66.2107
66.2107
66.2107
66.2107
66.2107
66.2107
66.2107
66.2107
66.2107
66.2107
66.2107
66.2107
66.2107
66.2107
66.2107
66.2107
66.2107
66.2107
66.2107
66.2107
66.2107
66.2107
66.2107
66.2107
66.2107
66.2107
66.2107
66.2107
66.2107
66.2107
66.2107
66.2107
66.2107
66.2107
66.2107
66.2107
66.2107
66.2107
66.2107
66.2107
66.2107
66.2107
66.2107
66.2107
66.2107
66.2107
66.2107
66.2107
66.2107
66.2107
66.2107
66.2107
66.2107
66.2107
66.2107
66.2107
66.2107
66.2107
66.2107
66.2107
66.2107
66.2107
66.2107
66.2107
66.2107
66.2107
66.2107
66.2107
66.2107
66.2107
66.2107
66.2107
66.2107
66.2107
66.2107
66.2107
66.2107
66.2107
66.2107
66.2107
66.2107
66.2107
66.2107
66.2107
66.2107
66.2107
66.2107
66.2107
66.2107
66.2107
66.2107
66.2107
66.2107
66.2107
66.2107
66.2107
66.2107
66.2107
66.2107
66.2107
66.2107
66.2107
66.2107
66.2107
66.2107
66.2107
66.2107
66.2107
66.2107
66.2107
66.2107
66.2107
66.2107
66.2107
66.2107
66.2107
66.2107
66.2107
66.2107
66.2107
66.2107
66.2107
66.2107
66.2107
66.2107
66.2107
66.2107
66.2107
66.2107
66.2107
66.2107
66.2107
66.2107
66.2107
66.2107
66.2107
66.2107
66.2107
66.2107
66.2107
66.2107
66.2107
66.2107
66.2107
66.2107
66.2107
66.2107
66.2107
66.2107
66.2107
66.2107
66.2107
66.2107
66.2107
66.2107
66.2107
66.2107
66.2107
66.2107
66.2107
66.2107
66.2107
66.2107
66.2107
66.2107
66.2107
66.2107
66.2107
66.2107
66.2107
66.2107
66.2107
66.2107
66.2107
66.2107
66.2107
66.2107
66.2107
66.2107
66.2107
66.2107
66.2107
66.2107
66.2107
66.2107
66.2107
66.2107
66.2107
66.2107
66.2107
66.2107
66.2107
66.2107
66.2107
66.2107
66.2107
66.2107
66.2107
66.2107
66.2107
66.2107
66.2107
66.2107
66.2107
66.2107
66.2107
66.2107
66.2107
66.2107
66.2107
66.2107
66.2107
66.2107
66.2107
66.2107
66.2107
66.2107
66.2107
66.2107
66.2107
66.2107
66.2107
66.2107
66.2107
66.2107
66.2107
66.2107
66.2107
66.2107
66.2107
66.2107
66.2107
66.2107
66.2107
66.2107
66.2107
66.2107
66.2107
66.2107
66.2107
66.2107
66.2107
66.2107
66.2107
66.2107
66.2107
66.2107
66.2107
66.2107
66.2107
66.2107
66.2107
66.2107
66.2107
66.2107
66.2107
66.2107
66.2107
66.2107
66.2107
66.2107
66.2107
66.2107
66.2107
66.2107
66.2107
66.2107
66.2107
66.2107
66.2107
66.2107
66.2107
66.2107
66.2107
66.2107
66.2107
66.2107
66.2107
66.2107
66.2107
66.2107
66.2107
66.2107
66.2107
66.2107
66.2107
66.2107
66.2107
66.2107
66.2107
66.2107
66.2107
66.2107
66.2107
66.2107
66.2107
66.2107
66.2107
66.2107
66.2107
66.2107
66.2107
66.2107
66.2107
66.2107
66.2107
66.2107
66.2107
66.2107
66.2107
66.2107
66.2107
66.2107
66.2107
66.2107
66.2107
66.2107
66.2107
66.2107
66.2107
66.2107
66.2107
66.2107
66.2107
66.2107
66.2107
66.2107
66.2107
66.2107
66.2107
66.2107
66.2107
66.2107
66.2107
66.2107
66.2107
66.2107
66.2107
66.2107
66.2107
66.2107
66.2107
66.2107
66.2107
66.2107
66.2107
66.2107
66.2107
66.2107
66.2107
66.2107
66.2107
66.2107
66.2107
66.2107
66.2107
66.2107
66.2107
66.2107
66.2107
66.2107
66.2107
66.2107
66.2107
66.2107
66.2107
66.2107
66.2107
66.2107
66.2107
66.2107
66.2107
66.2107
66.2107
66.2107
66.2107
66.2107
66.2107
66.2107
66.2107
66.2107
66.2107
66.2107
66.2107
66.2107
66.2107
66.2107
66.2107
66.2107
66.2107
66.2107
66.2107
66.2107
66.2107
66.2107
66.2107
66.2107
66.2107
66.2107
66.2107
66.2107
66.2107
66.2107
66.2107
66.2107
66.2107
66.2107
66.2107
66.2107
66.2107
66.2107
66.2107
66.2107
66.2107
66.2107
66.2107
66.2107
66.2107
66.2107
66.2107
66.2107
66.2107
66.2107
66.2107
66.2107
66.2107
66.2107
66.2107
66.2107
66.2107
66.2107
66.2107
66.2107
66.2107
66.2107
66.2107
66.2107
66.2107
66.2107
66.2107
66.2107
66.2107
66.2107
66.2107
66.2107
66.2107
66.2107
66.2107
66.2107
66.2107
66.2107
66.2107
66.2107
66.2107
66.2107
66.2107
66.2107
66.2107
66.2107
66.2107
66.2107
66.2107
66.2107
66.2107
66.2107
66.2107
66.2107
66.2107
66.2107
66.2107
66.2107
66.2107
66.2107
66.2107
66.2107
66.2107
66.2107
66.2107
66.2107
66.2107
66.2107
66.2107
66.2107
66.2107
66.2107
66.2107
66.2107
66.2107
66.2107
66.2107
66.2107
66.2107
66.2107
66.2107
66.2107
66.2107
66.2107
66.2107
66.2107
66.2107
66.2107
66.2107
66.2107
66.2107
66.2107
66.2107
66.2107
66.2107
66.2107
66.2107
66.2107
66.2107
66.2107
66.2107
66.2107
66.2107
66.2107
66.2107
66.2107
66.2107
66.2107
66.2107
66.2107
66.2107
66.2107
66.2107
66.2107
66.2107
66.2107
66.2107
66.2107
66.2107
66.2107
66.2107
66.2107
66.2107
66.2107
66.2107
66.2107
66.2107
66.2107
66.2107
66.2107
66.2107
66.2107
66.2107
66.2107
66.2107
66.2107
66.2107
66.2107
66.2107
66.2107
66.2107
66.2107
66.2107
66.2107
66.2107
66.2107
66.2107
66.2107
66.2107
66.2107
66.2107
66.2107
66.2107
66.2107
66.2107
66.2107
66.2107
66.2107
66.2107
66.2107
66.2107
66.2107
66.2107
66.2107
66.2107
66.2107
66.2107
66.2107
66.2107
66.2107
66.2107
66.2107
66.2107
66.2107
66.2107
66.2107
66.2107
66.2107
66.2107
66.2107
66.2107
66.2107
66.2107
66.2107
66.2107
66.2107
66.2107
66.2107
66.2107
66.2107
66.2107
66.2107
66.2107
66.2107
66.2107
66.2107
66.2107
66.2107
66.2107
66.2107
66.2107
66.2107
66.2107
66.2107
66.2107
66.2107
66.2107
66.2107
66.2107
66.2107
66.2107
66.2107
66.2107
66.2107
66.2107
66.2107
66.2107
66.2107
66.2107
66.2107
66.2107
66.2107
66.2107
66.2107
66.2107
66.2107
66.2107
66.2107
66.2107
66.2107
66.2107
66.2107
66.2107
66.2107
66.2107
66.2107
66.2107
66.2107
66.2107
66.2107
66.2107
66.2107
66.2107
66.2107
66.2107
66.2107
66.2107
66.2107
66.2107
66.2107
66.2107
66.2107
66.2107
66.2107
66.2107
66.2107
66.2107
66.2107
66.2107
66.2107
66.2107
66.2107
66.2107
66.2107
66.2107
66.2107
66.2107
66.2107
66.2107
66.2107
66.2107
66.2107
66.2107
66.2107
66.2107
66.2107
66.2107
66.2107
66.2107
66.2107
66.2107
66.2107
66.2107
66.2107
66.2107
66.2107
66.2107
66.2107
66.2107
66.2107
66.2107
66.2107
66.2107
66.2107
66.2107
66.2107
66.2107
66.2107
66.2107
66.2107
66.2107
66.2107
66.2107
66.2107
66.2107
66.2107
66.2107
66.2107
66.2107
66.2107
66.2107
66.2107
66.2107
66.2107
66.2107
66.2107
66.2107
66.2107
66.2107
66.2107
66.2107
66.2107
66.2107
66.2107
66.2107
66.2107
66.2107
66.2107
66.2107
66.2107
66.2107
66.2107
66.2107
66.2107
66.2107
66.2107
66.2107
66.2107
66.2107
66.2107
66.2107
66.2107
66.2107
66.2107
66.2107
66.2107
66.2107
66.2107
66.2107
66.1503
66.1503
66.1503
66.1503
66.1503
66.1503
66.1503
66.1503
66.1503
66.1503
66.1503
66.1503
66.1503
66.1503
66.1503
66.1503
66.1503
66.1503
66.1503
66.1503
66.1503
66.1503
66.1503
66.1503
66.1503
66.1503
66.1503
66.1503
66.1503
66.1503
66.1503
66.1503
66.1503
66.1503
66.1503
66.1503
66.1503
66.1503
66.1503
66.1503
66.1503
66.1503
66.1503
66.1503
66.1503
66.1503
66.1503
66.1503
66.1503
66.1503
66.1503
66.1503
66.1503
66.1503
66.1503
66.1503
66.1503
66.1503
66.1503
66.1503
66.1503
66.1503
66.1503
66.1503
66.1503
66.1503
66.1503
66.1503
66.1503
66.1503
66.1503
66.1503
66.1503
66.1503
66.1503
66.1503
66.1503
66.1503
66.1503
66.1503
66.1503
66.1503
66.1503
66.1503
66.1503
66.1503
66.1503
66.1503
66.1503
66.1503
66.1503
66.1503
66.1503
66.1503
66.1503
66.1503
66.1503
66.1503
66.1503
66.1503
66.1503
66.1503
66.1503
66.1503
66.1503
66.1503
66.1503
66.1503
66.1503
66.1503
66.1503
66.1503
66.1503
66.1503
66.1503
66.1503
66.1503
66.1503
66.1503
66.1503
66.1503
66.1503
66.1503
66.1503
66.1503
66.1503
66.1503
66.1503
66.1503
66.1503
66.1503
66.1503
66.1503
66.1503
66.1503
66.1503
66.1503
66.1503
66.1503
66.1503
66.1503
66.1503
66.1503
66.1503
66.1503
66.1503
66.1503
66.1503
66.1503
66.1503
66.1503
66.1503
66.1503
66.1503
66.1503
66.1503
66.1503
66.1503
66.1503
66.1503
66.1503
66.1503
66.1503
66.1503
66.1503
66.1503
66.1503
66.1503
66.1503
66.1503
66.1503
66.1503
66.1503
66.1503
66.1503
66.1503
66.1503
66.1503
66.1503
66.1503
66.1503
66.1503
66.1503
66.1503
66.1503
66.1503
66.1503
66.1503
66.1503
66.1503
66.1503
66.1503
66.1503
66.1503
66.1503
66.1503
66.1503
66.1503
66.1503
66.1503
66.1503
66.1503
66.1503
66.1503
66.1503
66.1503
66.1503
66.1503
66.1503
66.1503
66.1503
66.1503
66.1503
66.1503
66.1503
66.1503
66.1503
66.1503
66.1503
66.1503
66.1503
66.1503
66.1503
66.1503
66.1503
66.1503
66.1503
66.1503
66.1503
66.1503
66.1503
66.1503
66.1503
66.1503
66.1503
66.1503
66.1503
66.1503
66.1503
66.1503
66.1503
66.1503
66.1503
66.1503
66.1503
66.1503
66.1503
66.1503
66.1503
66.1503
66.1503
66.1503
66.1503
66.1503
66.1503
66.1503
66.1503
66.1503
66.1503
66.1503
66.1503
66.1503
66.1503
66.1503
66.1503
66.1503
66.1503
66.1503
66.1503
66.1503
66.1503
66.1503
66.1503
66.1503
66.1503
66.1503
66.1503
66.1503
66.1503
66.1503
66.1503
66.1503
66.1503
66.1503
66.1503
66.1503
66.1503
66.1503
66.1503
66.1503
66.1503
66.1503
66.1503
66.1503
66.1503
66.1503
66.1503
66.1503
66.1503
66.1503
66.1503
66.1503
66.1503
66.1503
66.1503
66.1503
66.1503
66.1503
66.1503
66.1503
66.1503
66.1503
66.1503
66.1503
66.1503
66.1503
66.1503
66.1503
66.1503
66.1503
66.1503
66.1503
66.1503
66.1503
66.1503
66.1503
66.1503
66.1503
66.1503
66.1503
66.1503
66.1503
66.1503
66.1503
66.1503
66.1503
66.1503
66.1503
66.1503
66.1503
66.1503
66.1503
66.1503
66.1503
66.1503
66.1503
66.1503
66.1503
66.1503
66.1503
66.1503
66.1503
66.1503
66.1503
66.1503
66.1503
66.1503
66.1503
66.1503
66.1503
66.1503
66.1503
66.1503
66.1503
66.1503
66.1503
66.1503
66.1503
66.1503
66.1503
66.1503
66.1503
66.1503
66.1503
66.1503
66.1503
66.1503
66.1503
66.1503
66.1503
66.1503
66.1503
66.1503
66.1503
66.1503
66.1503
66.1503
66.1503
66.1503
66.1503
66.1503
66.1503
66.1503
66.1503
66.1503
66.1503
66.1503
66.1503
66.1503
66.1503
66.1503
66.1503
66.1503
66.1503
66.1503
66.1503
66.1503
66.1503
66.1503
66.1503
66.1503
66.1503
66.1503
66.1503
66.1503
66.1503
66.1503
66.1503
66.1503
66.1503
66.1503
66.1503
66.1503
66.1503
66.1503
66.1503
66.1503
66.1503
66.1503
66.1503
66.1503
66.1503
66.1503
66.1503
66.1503
66.1503
66.1503
66.1503
66.1503
66.1503
66.1503
66.1503
66.1503
66.1503
66.1503
66.1503
66.1503
66.1503
66.1503
66.1503
66.1503
66.1503
66.1503
66.1503
66.1503
66.1503
66.1503
66.1503
66.1503
66.1503
66.1503
66.1503
66.1503
66.1503
66.1503
66.1503
66.1503
66.1503
66.1503
66.1503
66.1503
66.1503
66.1503
66.1503
66.1503
66.1503
66.1503
66.1503
66.1503
66.1503
66.1503
66.1503
66.1503
66.1503
66.1503
66.1503
66.1503
66.1503
66.1503
66.1503
66.1503
66.1503
66.1503
66.1503
66.1503
66.1503
66.1503
66.1503
66.1503
66.1503
66.1503
66.1503
66.1503
66.1503
66.1503
66.1503
66.1503
66.1503
66.1503
66.1503
66.1503
66.1503
66.1503
66.1503
66.1503
66.1503
66.1503
66.1503
66.1503
66.1503
66.1503
66.1503
66.1503
66.1503
66.1503
66.1503
66.1503
66.1503
66.1503
66.1503
66.1503
66.1503
66.1503
66.1503
66.1503
66.1503
66.1503
66.1503
66.1503
66.1503
66.1503
66.1503
66.1503
66.1503
66.1503
66.1503
66.1503
66.1503
66.1503
66.1503
66.1503
66.1503
66.1503
66.1503
66.1503
66.1503
66.1503
66.1503
66.1503
66.1503
66.1503
66.1503
66.1503
66.1503
66.1503
66.1503
66.1503
66.1503
66.1503
66.1503
66.1503
66.1503
66.1503
66.1503
66.1503
66.1503
66.1503
66.1503
66.1503
66.1503
66.1503
66.1503
66.1503
66.1503
66.1503
66.1503
66.1503
66.1503
66.1503
66.1503
66.1503
66.1503
66.1503
66.1503
66.1503
66.1503
66.1503
66.1503
66.1503
66.1503
66.1503
66.1503
66.1503
66.1503
66.1503
66.1503
66.1503
66.1503
66.1503
66.1503
66.1503
66.1503
66.1503
66.1503
66.1503
66.1503
66.1503
66.1503
66.1503
66.1503
66.1503
66.1503
66.1503
66.1503
66.1503
66.1503
66.1503
66.1503
66.1503
66.1503
66.1503
66.1503
66.1503
66.1503
66.1503
66.1503
66.1503
66.1503
66.1503
66.1503
66.1503
66.1503
66.1503
66.1503
66.1503
66.1503
66.1503
66.1503
66.1503
66.1503
66.1503
66.1503
66.1503
66.1503
66.1503
66.1503
66.1503
66.1503
66.1503
66.1503
66.1503
66.1503
66.1503
66.1503
66.1503
66.1503
66.1503
66.1503
66.1503
66.1503
66.1503
66.1503
66.1503
66.1503
66.1503
66.1503
66.1503
66.1503
66.1503
66.1503
66.1503
66.1503
66.1503
66.1503
66.1503
66.1503
66.1503
66.1503
66.1503
66.1503
66.1503
66.1503
66.1503
66.1503
66.1503
66.1503
66.1503
66.1503
66.1503
66.1503
66.1503
66.1503
66.1503
66.1503
66.1503
66.1503
66.1503
66.1503
66.1503
66.1503
66.1503
66.1503
66.1503
66.1503
66.1503
66.1503
66.1503
66.1503
66.1503
66.1503
66.1503
66.1503
66.1503
66.1503
66.1503
66.1503
66.1503
66.1503
66.1503
66.1503
66.1503
66.1503
66.1503
66.1503
66.1503
66.1503
66.1503
66.1503
66.1503
66.1503
66.1503
66.1503
66.1503
66.1503
66.1503
66.1503
66.1503
66.1503
66.1503
66.1503
66.1503
66.1503
66.1503
66.1503
66.1503
66.1503
66.1503
66.1503
66.1503
66.1503
66.1503
66.1503
66.1503
66.1503
66.1503
66.1503
66.1503
66.1503
66.1503
66.1503
66.1503
66.1503
66.1503
66.1503
66.1503
66.1503
66.1503
66.1503
66.1503
66.1503
66.1503
66.1503
66.1503
66.1503
66.1503
66.1503
66.1503
66.1503
66.1503
66.1503
66.1503
66.1503
66.1503
66.1503
66.1503
66.1503
66.1503
66.1503
66.1503
66.1503
66.1503
66.1503
66.1503
66.1503
66.1503
66.1503
66.1503
66.1503
66.1503
66.1503
66.1503
66.1503
66.1503
66.1503
66.1503
66.1503
66.1503
66.1503
66.1503
66.1503
66.1503
66.1503
66.1503
66.1503
66.1503
66.1503
66.1503
66.1503
66.1503
66.1503
66.1503
66.1503
66.1503
66.1503
66.1503
66.1503
66.1503
66.1503
66.1503
66.1503
66.1503
66.1503
66.1503
66.1503
66.1503
66.1503
66.1503
66.1503
66.1503
66.1503
66.1503
66.1503
66.1503
66.1503
66.1503
66.1503
66.1503
66.1503
66.1503
66.1503
66.1503
66.1503
66.1503
66.1503
66.1503
66.1503
66.1503
66.1503
66.1503
66.1503
66.1503
66.1503
66.1503
66.1503
66.1503
66.1503
66.1503
66.1503
66.1503
66.1503
66.1503
66.1503
66.1503
66.1503
66.1503
66.1503
66.1503
66.1503
66.1503
66.1503
66.1503
66.1503
66.1503
66.1503
66.1503
66.1503
66.1503
66.1503
66.1503
66.1503
66.1503
66.1503
66.1503
66.1503
66.1503
66.1503
66.1503
66.1503
66.1503
66.1503
66.1503
66.1503
66.1503
66.1503
66.1503
66.1503
66.1503
66.1503
66.1503
66.1503
66.1503
66.1503
66.1503
66.1503
66.1503
66.1503
66.1503
66.1503
66.1503
66.1503
66.1503
66.1503
66.1503
66.1503
66.1503
66.1503
66.1503
66.1503
66.1503
66.1503
66.1503
66.1503
66.1503
66.1503
66.1503
66.1503
66.1503
66.1503
66.1503
66.1503
66.1503
66.1503
66.1503
66.1503
66.1503
66.1503
66.1503
66.1503
66.1503
66.1503
66.1503
66.1503
66.1503
66.1503
66.1503
66.1503
66.1503
66.1503
66.1503
66.1503
66.1503
66.1503
66.1503
66.1503
66.1503
66.1503
66.1503
66.1503
66.1503
66.1503
66.1503
66.1503
66.1503
66.1503
66.1503
66.1503
66.1503
66.1503
66.1503
66.1503
66.1503
66.1503
66.1503
66.1503
66.1503
66.1503
66.1503
66.1503
66.1503
66.1503
66.1503
66.1503
66.1503
66.1503
66.1503
66.1503
66.1503
66.1503
66.1503
66.1503
66.1503
66.1503
66.1503
66.1503
66.1503
66.1503
66.1503
66.1503
66.1503
66.1503
66.1503
66.1503
66.1503
66.1503
66.1503
66.1503
66.1503
66.1503
66.1503
66.1503
66.1503
66.1503
66.1503
66.1503
66.1503
66.1503
66.1503
66.1503
66.1503
66.1503
66.1503
66.1503
66.1503
66.1503
66.1503
66.1503
66.1503
66.1503
66.1503
66.1503
66.1503
66.1503
66.1503
66.1503
66.1503
66.1503
66.1503
66.1503
66.1503
66.1503
66.1503
66.1503
66.1503
66.1503
66.1503
66.1503
66.1503
66.1503
66.1503
66.1503
66.1503
66.1503
66.1503
66.1503
66.1503
66.1503
66.1503
66.1503
66.1503
66.1503
66.1503
66.1503
66.1503
66.1503
66.1503
66.1503
66.1503
66.1503
66.1503
66.1503
66.1503
66.1503
66.1503
66.1503
66.1503
66.1503
66.1503
66.1503
66.1503
66.1503
66.1503
66.1503
66.1503
66.1503
66.1503
66.1503
66.1503
66.1503
66.1503
66.1503
66.1503
66.1503
66.1503
66.1503
66.1503
66.1503
66.1503
66.1503
66.1503
66.1503
66.1503
66.1503
66.1503
66.1503
66.1503
66.1503
66.1503
66.1503
66.1503
66.1503
66.1503
66.1503
66.1503
66.1503
66.1503
66.1503
66.1503
66.1503
66.1503
66.1503
66.1503
66.1503
66.1503
66.1503
66.1503
66.1503
66.1503
66.1503
66.1503
66.1503
66.1503
66.1503
66.1503
66.1503
66.1503
66.1503
66.1503
66.1503
66.1503
66.1503
66.1503
66.1503
66.1503
66.1503
66.1503
66.1503
66.1503
66.1503
66.1503
66.1503
66.1503
66.1503
66.1503
66.1503
66.1503
66.1503
66.1503
66.1503
66.1503
66.1503
66.1503
66.1503
66.1503
66.1503
66.1503
66.1503
66.1503
66.1503
66.1503
66.1503
66.1503
66.1503
66.1503
66.1503
66.1503
66.1503
66.1503
66.1503
66.1503
66.1503
66.1503
66.1503
66.1503
66.1503
66.1503
66.1503
66.1503
66.1503
66.1503
66.1503
66.1503
66.1503
66.1503
66.1503
66.1503
66.1503
66.1503
66.1503
66.1503
66.1503
66.1503
66.1503
66.1503
66.1503
66.1503
66.1503
66.1503
66.1503
66.1503
66.1503
66.1503
66.1503
66.1503
66.1503
66.1503
66.1503
66.1503
66.1503
66.1503
66.1503
66.1503
66.1503
66.1503
66.1503
66.1503
66.1503
66.1503
66.1503
66.1503
66.1503
66.1503
66.1503
66.1503
66.1503
66.1503
66.1503
66.1503
66.1503
66.1503
66.1503
66.1503
66.1503
66.1503
66.1503
66.1503
66.1503
66.1503
66.1503
66.1503
66.1503
66.1503
66.1503
66.1503
66.1503
66.1503
66.1503
66.1503
66.1503
66.1503
66.1503
66.1503
66.1503
66.1503
66.1503
66.1503
66.1503
66.1503
66.1503
66.1503
66.1503
66.1503
66.1503
66.1503
66.1503
66.1503
66.1503
66.1503
66.1503
66.1503
66.1503
66.1503
66.1503
66.1503
66.1503
66.1503
66.1503
66.1503
66.1503
66.1503
66.1503
66.1503
66.1503
66.1503
66.1503
66.1503
66.1503
66.1503
66.1503
66.1503
66.1503
66.1503
66.1503
66.1503
66.1503
66.1503
66.1503
66.1503
66.1503
66.1503
66.1503
66.1503
66.1503
66.1503
66.1503
66.1503
66.1503
66.1503
66.1503
66.1503
66.1503
66.1503
66.1503
66.1503
66.1503
66.1503
66.1503
66.1503
66.1503
66.1503
66.1503
66.1503
66.1503
66.1503
66.1503
66.1503
66.1503
66.1503
66.1503
66.1503
66.1503
66.1503
66.1503
66.1503
66.1503
66.1503
66.1503
66.1503
66.1503
66.1503
66.1503
66.1503
66.1503
66.1503
66.1503
66.1503
66.1503
66.1503
66.1503
66.1503
66.1503
66.1503
66.1503
66.1503
66.1503
66.1503
66.1503
66.1503
66.1503
66.1503
66.1503
66.1503
66.1503
66.1503
66.1503
66.1503
66.1503
66.1503
66.1503
66.1503
66.1503
66.1503
66.1503
66.1503
66.1503
66.1503
66.1503
66.1503
66.1503
66.1503
66.1503
66.1503
66.1503
66.1503
66.1503
66.1503
66.1503
66.1503
66.1503
66.1503
66.1503
66.1503
66.1503
66.1503
66.1503
66.1503
66.1503
66.1503
66.1503
66.1503
66.1503
66.1503
66.1503
66.1503
66.1503
66.1503
66.1503
66.1503
66.1503
66.1503
66.1503
66.1503
66.1503
66.1503
66.1503
66.1503
66.1503
66.1503
66.1503
66.1503
66.1503
66.1503
66.1503
66.1503
66.1503
66.1503
66.1503
66.1503
66.1503
66.1503
66.1503
66.1503
66.1503
66.1503
66.1503
66.1503
66.1503
66.1503
66.1503
66.1503
66.1503
66.1503
66.1503
66.1503
66.1503
66.1503
66.1503
66.1503
66.1503
66.1503
66.1503
66.1503
66.1503
66.1503
66.1503
66.1503
66.1503
66.1503
66.1503
66.1503
66.1503
66.1503
66.1503
66.1503
66.1503
66.1503
66.1503
66.1503
66.1503
66.1503
66.1503
66.1503
66.1503
66.1503
66.1503
66.1503
66.1503
66.1503
66.1503
66.1503
66.1503
66.1503
66.1503
66.1503
66.1503
66.1503
66.1503
66.1503
66.1503
66.1503
66.1503
66.1503
66.1503
66.1503
66.1503
66.1503
66.1503
66.1503
66.1503
66.1503
66.1503
66.1503
66.1503
66.1503
66.1503
66.1503
66.1503
66.1503
66.1503
66.1503
66.1503
66.1503
66.1503
66.1503
66.1503
66.1503
66.1503
66.1503
66.1503
66.1503
66.1503
66.1503
66.1503
66.1503
66.1503
66.1503
66.1503
66.1503
66.1503
66.1503
66.1503
66.1503
66.1503
66.1503
66.1503
66.1503
66.1503
66.1503
66.1503
66.1503
66.1503
66.1503
66.1503
66.1503
66.1503
66.1503
66.1503
66.1503
66.1503
66.1503
66.1503
66.1503
66.1503
66.1503
66.1503
66.1503
66.1503
66.1503
66.1503
66.1503
66.1503
66.1503
66.1503
66.1503
66.1503
66.1503
66.1503
66.1503
66.1503
66.1503
66.1503
66.1503
66.1503
66.1503
66.1503
66.1503
66.1503
66.1503
66.1503
66.1503
66.1503
66.1503
66.1503
66.1503
66.1503
66.1503
66.1503
66.1503
66.1503
66.1503
66.1503
66.1503
66.1503
66.1503
66.1503
66.1503
66.1503
66.1503
66.1503
66.1503
66.1503
66.1503
66.1503
66.1503
66.1503
66.1503
66.1503
66.1503
66.1503
66.1503
66.1503
66.1503
66.1503
66.1503
66.1503
66.1503
66.1503
66.1503
66.1503
66.1503
66.1503
66.1503
66.1503
66.1503
66.1503
66.1503
66.1503
66.1503
66.1503
66.1503
66.1503
66.1503
66.1503
66.1503
66.1503
66.1503
66.1503
66.1503
66.1503
66.1503
66.1503
66.1503
66.1503
66.1503
66.1503
66.1503
66.1503
66.1503
66.1503
66.1503
66.1503
66.1503
66.1503
66.1503
66.1503
66.1503
66.1503
66.1503
66.1503
66.1503
66.1503
66.1503
66.1503
66.1503
66.1503
66.1503
66.1503
66.1503
66.1503
66.1503
66.1503
66.1503
66.1503
66.1503
66.1503
66.1503
66.1503
66.1503
66.1503
66.1503
66.1503
66.1503
66.1503
66.1503
66.1503
66.1503
66.1503
66.1503
66.1503
66.1503
66.1503
66.1503
66.1503
66.1503
66.1503
66.1503
66.1503
66.1503
66.1503
66.1503
66.1503
66.1503
66.1503
66.1503
66.1503
66.1503
66.1503
66.1503
66.1503
66.1503
66.1503
66.1503
66.1503
66.1503
66.1503
