447.827
438.988
411.334
407.906
400.494
393.826
392.516
385.884
384.724
379.516
378.186
376.794
374.741
372.39
365.988
358.866
352.611
349.046
345.693
340.323
340.323
337.303
337.303
331.137
331.137
330.083
330.083
323.525
323.214
321.698
317.612
317.106
316.105
308.879
305.984
305.984
305.473
298.29
296.639
296.639
296.639
286.656
286.656
276.672
269.918
269.918
269.918
269.831
269.831
268.953
267.767
267.421
266.075
266.075
266.073
264.004
264.004
264.004
264.004
260.79
260.79
257.237
257.237
253.493
253.493
253.493
253.493
250.884
250.884
246.008
246.008
245.036
243.276
240.905
240.905
234.836
234.836
234.836
234.836
234.691
229.746
227.426
226.807
226.554
226.554
224.928
224.928
224.928
224.214
223.674
223.473
223.473
223.344
223.344
222.315
221.976
221.084
220.169
220.169
219.711
219.711
215.981
215.663
212.501
212.501
212.501
212.501
210.625
210.625
210.625
209.054
207.587
207.587
207.587
206.659
206.659
203.324
203.324
203.324
198.875
198.875
198.875
198.875
198.668
198.668
198.668
198.668
196.803
196.803
196.803
194.975
194.975
194.975
194.975
194.975
194.975
194.975
194.975
194.975
194.239
194.239
191.721
191.721
191.721
189.4
188.476
188.476
188.476
185.494
185.494
185.494
185.494
182.911
182.911
181.762
181.535
181.535
180.771
180.771
180.771
177.322
177.322
177.322
177.322
176.772
176.772
175.657
174.587
173.694
169.712
169.712
169.712
169.712
167.819
167.819
165.172
163.204
163.204
162.238
162.238
162.238
162.238
162.061
160.735
160.735
160.735
160.346
160.346
160.346
159.02
158.833
158.038
158.038
157.352
155.594
155.594
155.111
154.742
153.848
153.848
153.219
153.219
153.219
153.219
153.219
152.897
152.897
152.897
152.897
152.897
151.811
151.811
151.588
151.588
149.651
149.651
149.651
149.651
149.55
148.293
148.293
148.293
148.293
148.096
148.096
147.248
147.248
146.355
146.355
146.353
146.353
146.353
146.353
146.353
146.353
144.927
144.927
144.87
144.87
144.87
144.86
144.86
144.86
144.86
144.86
144.86
144.86
144.276
143.787
143.787
143.787
143.055
143.055
143.055
143.055
143.055
143.055
143.055
143.055
142.922
142.352
142.352
141.553
141.553
141.553
139.482
139.482
139.482
139.482
139.482
138.682
138.682
138.133
137.759
137.759
137.759
137.642
137.153
137.153
137.153
136.534
136.534
136.534
136.534
135.607
135.607
135.607
135.607
135.607
135.607
135.35
133.535
133.462
133.462
133.462
133.462
133.462
133.462
133.462
133.462
133.462
132.974
132.974
132.574
132.574
132.574
132.574
132.246
132.246
131.039
131.039
131.039
131.039
129.946
129.946
129.896
129.126
129.126
128.056
128.056
128.056
128.056
128.056
128.056
128.056
127.844
127.844
127.792
127.792
127.792
127.497
127.166
127.166
127.166
127.166
127.098
127.098
127.049
126.304
126.304
126.304
126.304
126.259
125.69
125.69
125.69
125.69
125.69
125.69
125.172
125.172
124.253
124.253
124.253
124.253
123.766
122.364
122.364
122.364
122.364
122.364
122.364
122.364
122.364
122.364
122.364
122.364
122.364
122.364
122.364
122.364
122.364
122.364
122.144
121.702
121.702
121.702
121.595
121.482
121.085
121.085
121.085
120.887
120.887
120.887
120.723
120.723
120.723
120.723
120.667
120.667
120.667
120.667
120.667
120.667
120.513
120.513
119.813
119.813
119.813
119.813
119.813
119.813
119.813
119.813
119.813
119.813
119.813
119.085
119.085
119.085
119.085
119.085
119.085
118.555
118.555
118.555
118.555
118.555
118.555
118.4
118.4
118.4
118.4
118.236
118.027
118.027
118.027
116.801
116.801
116.629
116.629
116.629
116.629
116.629
116.629
115.679
115.679
114.965
114.965
114.779
114.779
114.779
114.779
114.779
114.779
114.492
114.088
114.088
113.209
113.209
113.209
113.209
113.209
113.099
113.099
112.932
112.451
112.451
112.451
112.451
112.451
112.451
112.451
112.156
112.156
112.156
111.752
111.752
111.457
111.457
111.428
111.428
111.428
111.055
111.055
111.055
111.055
111.055
111.055
111.055
110.778
110.778
110.778
110.778
110.778
110.778
110.311
110.311
110.311
110.311
110.021
110.021
109.519
109.519
109.519
108.763
108.753
108.753
108.51
108.51
108.51
108.51
108.51
108.51
108.457
108.416
108.37
108.275
108.275
108.275
108.129
108.129
108.02
108.02
107.739
107.739
107.259
107.259
106.532
106.532
106.532
106.532
106.532
106.532
106.532
106.246
106.246
106.246
106.246
106.246
106.246
106.246
106.246
106.246
106.246
106.246
106.191
106.191
105.856
105.856
105.856
105.856
105.801
105.801
105.801
105.801
105.685
105.685
105.685
105.685
105.685
105.685
105.685
105.204
105.204
105.204
105.204
105.204
105.204
104.118
104.118
104.118
104.118
104.118
104.118
104.118
104.118
104.118
104.118
104.118
104.118
104.118
104.118
104.118
104.118
104.118
104.118
104.118
104.118
104.118
104.118
104.118
104.118
104.118
104.118
104.118
104.118
104.118
104.053
104.053
104.053
104.053
104.053
103.762
103.762
103.762
103.762
102.094
102.094
102.094
102.094
102.094
102.094
102.094
102.094
102.094
102.094
102.094
102.084
102.084
102.084
102.084
102.084
102.084
102.084
102.084
102.084
102.084
102.084
102.084
102.07
102.07
101.694
101.522
101.396
101.396
101.396
101.396
101.396
101.396
101.396
101.396
101.396
101.396
101.396
101.396
101.396
101.396
101.396
101.396
101.396
101.396
101.396
100.952
100.952
100.883
100.883
100.883
100.883
100.883
100.883
100.883
100.883
100.883
100.559
100.559
100.559
100.559
100.559
100.559
100.559
100.559
100.074
100.074
99.756
99.756
99.756
99.756
99.756
99.756
99.756
99.6442
99.6442
99.6442
99.6442
99.6442
99.6442
99.6442
99.3868
99.3868
99.3868
99.3868
99.3868
99.3868
99.3868
98.5217
98.5217
98.5217
98.5217
98.5217
98.5217
98.5217
98.5217
98.5217
98.5217
98.5217
98.5217
98.5217
98.5217
98.5217
98.5217
98.5217
98.5217
98.5217
98.5189
98.5189
98.5189
98.5189
97.5824
97.5824
97.5824
97.5824
97.5824
97.2575
97.2575
97.2575
97.2575
97.2575
97.2575
97.2575
97.2575
97.2575
97.2575
97.2575
97.2575
97.1765
97.1765
97.1299
97.1299
97.1299
97.1299
97.1299
97.1299
97.1299
97.1299
97.1299
97.1299
97.1299
97.1299
97.0813
97.0813
97.0813
96.2596
95.8796
95.8796
95.8796
95.8796
95.8796
95.8796
95.8796
95.8796
95.6846
95.6846
95.6842
95.6842
95.204
95.204
95.204
95.204
95.204
94.5643
94.5643
94.5643
94.5643
94.5643
94.5643
94.5643
94.5643
94.5643
94.5643
94.2818
94.2818
94.2818
94.2818
94.2753
94.2753
94.2753
94.2753
94.2753
94.2753
94.2753
94.2753
94.2753
94.2753
94.2753
93.6816
93.6816
93.6816
93.6816
93.6816
93.6816
93.6816
93.6816
93.6816
93.6816
93.6816
93.6816
93.6006
93.6006
93.6006
93.6006
93.6006
93.6006
93.6006
93.6006
93.6006
92.8449
92.8449
92.8449
92.8449
92.8449
92.8449
92.8449
92.8449
92.8449
92.8449
92.8449
92.8449
92.8449
92.8449
92.8449
92.8449
92.8449
92.2491
92.2491
92.2491
92.2491
92.2491
92.2491
92.2491
91.3481
91.3481
91.3481
91.3481
91.3481
91.3481
91.3481
91.3481
91.3481
91.3481
91.3481
91.3481
91.3481
91.3481
91.3481
91.3481
91.3481
91.3481
91.3481
91.3481
91.3481
91.3481
91.3481
89.9797
89.9797
89.9797
89.9797
89.9797
89.9797
89.9797
89.728
89.728
89.728
89.728
89.728
89.728
89.728
89.728
89.728
89.728
89.728
89.728
89.728
89.728
89.728
89.728
89.728
89.728
88.8888
88.8888
88.8888
88.8888
88.8888
88.8888
88.8888
88.8888
88.8888
88.8888
88.8888
88.8888
88.6324
88.6324
88.6324
88.6324
88.6324
88.6324
88.6324
88.6324
88.6324
88.6324
88.5328
88.5328
88.5328
88.5328
88.5328
88.5328
88.5328
88.5328
88.5328
88.5328
88.5328
88.5328
88.5328
88.5328
88.5328
88.5328
88.5328
88.5328
88.5328
88.5328
88.5328
88.5328
88.5328
88.5328
88.5328
88.5328
88.5328
88.5328
88.5328
88.5328
88.5328
88.5328
88.5328
88.5328
88.5328
88.5328
88.5328
88.5328
88.5328
88.5328
88.5328
88.5328
88.4658
88.4658
88.4658
88.4658
88.4658
88.4658
88.3227
88.3227
88.3227
88.3227
88.3227
88.3227
88.3227
88.1587
88.1587
88.1587
88.1587
88.1587
88.1587
87.9339
87.9339
87.9339
87.9339
87.9339
87.4517
87.4517
87.4517
87.4517
87.4517
87.4517
87.4517
87.4517
87.4517
87.4517
87.4517
87.4517
87.4517
87.4517
87.3977
87.3977
87.3977
87.3977
87.3977
87.3977
87.3977
87.3977
87.3977
86.4476
86.4476
86.4476
86.4476
86.4476
86.4476
86.4476
86.4476
86.4476
86.4476
86.4476
86.4476
86.2389
86.2389
86.2389
86.2389
86.2389
86.2389
85.7313
85.7313
85.7313
85.7313
85.5226
85.5226
85.5226
85.5226
85.5226
85.5226
85.5226
85.5226
85.5226
85.5226
85.1877
85.1877
85.1877
85.1877
85.1877
85.1877
85.1877
85.1877
85.1877
85.1877
84.606
84.606
84.606
84.606
84.606
84.606
84.606
84.606
84.606
84.606
84.4732
84.4732
84.366
84.366
84.366
84.366
84.366
84.366
84.366
84.366
84.366
84.366
84.366
84.366
84.366
84.366
84.366
84.366
84.366
84.366
84.366
84.366
84.366
84.366
84.366
84.366
84.366
84.366
84.366
84.366
84.366
84.2332
84.2332
84.2332
84.2332
84.2332
84.2332
84.2332
84.2332
84.2332
84.2332
84.2332
84.2332
84.2332
84.2332
84.2332
84.1596
84.1596
84.1596
83.6945
83.6945
83.6945
83.6945
83.6945
83.6945
83.6945
83.6945
83.6945
83.6945
83.6945
83.6945
83.6945
83.6945
83.6945
83.6945
83.6945
83.2856
83.2856
83.2856
83.2856
83.2856
83.2856
83.2856
83.2856
83.2856
83.2856
83.2856
83.2856
83.2856
83.2856
83.2856
83.2856
83.2856
83.2856
83.2856
83.2856
83.2856
83.2856
83.2856
83.2856
83.2856
83.2856
83.244
83.244
83.244
83.244
83.0404
83.0404
83.0404
83.0404
83.0404
83.0404
83.0404
83.0404
83.0404
83.0404
83.0404
83.0404
83.0404
83.0404
83.0404
83.0404
83.0404
83.0404
83.0404
83.0404
83.0404
83.0404
83.0404
83.0404
83.0404
83.0404
83.0404
83.0404
83.0404
83.0404
83.0404
83.0404
83.0404
83.0404
83.0404
83.0404
83.0404
83.0404
83.0404
83.0404
83.0404
83.0404
83.0404
83.0404
83.0404
83.0404
83.0404
83.0404
83.0404
83.0404
83.0404
83.0404
83.0404
82.9818
82.9818
82.9818
82.9818
82.9818
82.9818
82.9818
82.9818
82.9818
82.9818
82.9818
82.9818
82.9818
82.9818
82.9818
82.9818
82.9818
82.9818
82.9818
82.9818
82.9818
82.9818
82.9818
82.9818
82.9818
82.9818
82.9818
82.9818
82.9818
82.9818
82.9818
82.9818
82.9818
82.9818
82.9818
82.9818
82.9818
82.9818
82.9818
82.9818
82.9818
82.9818
82.9818
82.9818
82.9818
82.9818
82.9818
82.9818
82.9818
82.9818
82.9818
82.9818
82.9818
82.9818
82.8238
82.8238
82.8238
82.8238
82.8238
82.8238
82.8238
82.8238
82.8238
82.8238
82.8238
82.8238
82.7781
82.7781
82.7781
82.7781
82.7781
82.7781
82.7781
82.7781
82.7781
82.7781
82.7781
82.7781
82.7781
82.7781
82.7781
82.7781
82.7781
82.7781
82.4271
82.4271
82.4271
82.4271
82.4271
82.4271
82.4271
82.4271
82.4158
82.4158
82.4158
82.4158
82.3629
82.3629
82.2069
82.2069
82.2069
82.2069
82.2069
82.2069
82.2069
82.2069
82.2069
82.2069
82.2069
82.2069
82.2069
82.2069
81.8735
81.8735
81.8735
81.8735
81.8735
81.8735
81.8735
81.8735
81.579
81.579
81.579
81.579
81.579
81.579
81.579
81.579
81.579
81.579
81.579
81.579
81.579
81.579
81.579
81.579
81.579
81.579
81.579
81.579
81.5073
81.5073
81.5073
81.5073
81.5073
81.5073
81.5073
81.5073
81.5073
81.2555
81.2555
81.2555
81.2555
81.2555
81.2555
81.2555
81.2555
80.6623
80.6623
80.6623
80.6623
80.6623
80.6623
80.6623
80.6623
80.6623
80.6623
80.6623
80.6623
80.6623
80.6623
80.6623
80.6623
80.6623
80.6623
80.6623
80.2678
80.2678
80.2678
80.2678
80.2678
80.2678
80.2678
80.2678
79.7873
79.7873
79.7873
79.7873
79.7873
79.7873
79.7873
79.7873
79.7873
79.7873
79.7873
79.7873
79.7873
79.7873
79.7873
79.7873
79.7873
79.4176
79.4176
79.4176
79.4176
79.4176
79.4176
79.4176
79.4176
79.4176
79.4176
79.4176
79.4176
79.4176
79.4176
78.9261
78.9261
78.9261
78.9261
78.9261
78.9261
78.9261
78.9261
78.9261
78.9261
78.9261
78.9261
78.5792
78.5792
78.5792
78.5792
78.5792
78.5792
78.5792
78.5792
78.5792
78.5792
78.5792
78.5792
78.5792
78.5792
78.5792
78.5792
77.977
77.977
77.977
77.977
77.977
77.977
77.7366
77.7366
77.7366
77.7366
77.7366
77.7366
77.7366
77.7366
77.7366
77.7366
77.7366
77.7366
77.7366
77.7366
77.7366
77.7366
77.7366
77.7366
77.7366
77.7366
77.7366
77.7366
77.7366
77.7366
77.7366
77.7366
77.7366
77.7366
77.7366
77.7366
77.7366
77.7366
77.7366
77.7366
77.7366
77.7366
77.7366
77.7366
77.7366
77.7366
77.7366
77.7366
77.7366
77.7366
77.7366
77.7366
77.7366
77.7366
77.7366
77.7366
77.7366
77.7366
77.7366
77.7366
77.7366
77.7366
77.7366
77.6298
77.6298
77.6298
77.6298
77.6298
77.6298
77.6298
77.6298
77.6298
77.6298
77.6298
77.6298
77.6298
77.6298
77.6298
77.6298
77.6298
77.6298
77.6298
77.6298
77.6298
77.6298
77.6298
77.6298
77.6298
77.6298
77.6298
77.6298
77.6298
77.6298
77.6298
77.6298
77.6298
77.6298
77.6298
77.6298
77.6298
77.6298
77.6298
77.6298
77.6298
77.6298
77.6298
77.6298
77.6298
77.6298
77.6298
77.6298
77.6298
77.6298
77.6298
77.6298
77.6298
77.6298
77.6298
77.6298
77.6298
77.6298
77.6298
77.6298
77.6298
77.6298
77.6298
77.6298
77.6298
77.6298
77.6298
77.6298
77.6298
77.6298
77.6298
77.6298
77.5196
77.5196
77.5196
77.5196
77.5196
77.5196
77.5196
77.5196
77.5196
77.5196
77.5196
76.9699
76.9699
76.9699
76.9699
76.9699
76.9699
76.9699
76.9699
76.9699
76.9699
76.9699
76.9699
76.9699
76.9699
76.9699
76.9699
76.9699
76.9699
76.9699
76.9699
76.9699
76.9699
76.9699
76.9699
76.9699
76.9699
76.9699
76.9699
76.9699
76.9699
76.9699
76.9699
76.9699
76.9699
76.9699
76.9699
76.9699
76.9699
76.9699
76.9699
76.9699
76.9699
76.9699
76.9699
76.9699
76.9699
76.9699
76.9699
76.9699
76.9699
76.9699
76.9699
76.9699
76.9699
76.9699
76.9699
76.9699
76.9699
76.9699
76.9699
76.9699
76.9699
76.9699
76.9699
76.9699
76.9699
76.9699
76.9699
76.9699
76.9699
76.9699
76.9699
76.9699
76.9699
76.9699
76.9699
76.9699
76.9699
76.9699
76.9699
76.9699
76.9699
76.9699
76.9699
76.9699
76.9699
76.9699
76.9699
76.9699
76.9699
76.9699
76.9699
76.9699
76.9699
76.9699
76.9699
76.9699
76.9699
76.9699
76.9699
76.9699
76.9699
76.9699
76.9699
76.9699
76.9699
76.9699
76.1997
76.1997
76.1997
76.1997
76.1997
76.1997
76.1997
76.1997
76.1997
76.1997
76.1997
76.1997
76.1997
76.1997
76.1997
76.1997
76.1997
75.7185
75.7185
75.7185
75.7185
75.7185
75.7185
75.7185
75.7185
75.7185
75.7185
75.7185
75.7185
75.7185
75.7185
75.7185
75.7185
75.7185
75.7185
75.7185
75.7185
75.7185
75.7185
75.7185
75.7185
75.7185
75.7185
75.7185
75.7185
75.7185
75.7185
75.7185
75.7185
75.7185
75.7185
75.7185
75.7185
75.7185
75.7185
75.7185
75.7185
75.7185
75.7185
75.7185
75.7185
75.7185
75.7185
75.7185
75.7185
75.7185
75.7185
75.7185
75.7185
75.7185
75.7185
75.7185
75.7185
75.7185
75.7185
75.7185
75.7185
75.7185
75.7185
75.7185
75.7185
75.7185
75.7185
75.7185
75.7185
75.7185
75.6977
75.6977
75.6977
75.6977
75.6977
75.6977
75.6977
75.6977
75.6977
75.6977
75.6977
75.6977
75.6977
75.6977
75.6977
75.6977
75.6977
75.6977
75.6977
75.6977
75.6977
75.6977
75.6977
75.6977
75.6977
75.6977
75.6977
75.6977
75.6977
75.6977
75.6977
75.6977
75.6977
75.6977
75.6977
75.6977
75.6977
75.6977
75.6977
75.6977
75.6977
75.6977
75.6977
75.6977
75.6977
75.6977
75.6977
75.6977
75.6977
75.6977
75.6977
75.6977
75.6977
75.6977
75.6977
75.6977
75.6977
75.6977
75.6977
75.6977
75.6977
75.6977
75.6977
75.6977
75.6977
75.6977
75.6977
75.6977
75.6977
75.6977
75.6977
75.6977
75.6977
75.6977
75.6977
75.6977
75.6977
75.6977
75.6977
75.6977
75.6977
75.6977
75.6977
75.6977
75.6977
75.6977
75.6977
75.6977
75.6977
75.6977
75.6977
75.6977
75.6977
75.6977
75.6977
75.6977
75.6977
75.6977
75.6977
75.6977
75.6977
75.6977
75.6977
75.6977
75.6977
75.6977
75.6977
75.6977
75.6977
75.6977
75.6977
75.6977
75.6977
75.6977
75.6977
75.6977
75.6977
75.6977
75.6977
75.6977
75.6977
75.6842
75.6842
75.6842
75.6842
75.6842
75.6842
75.6842
75.6842
75.6842
75.6842
75.6842
75.6842
75.6842
75.6842
75.6842
75.6842
75.6842
75.6842
75.6842
75.6842
75.6842
75.6842
75.6842
75.6842
75.6842
75.6842
75.433
75.433
75.433
75.433
75.433
75.433
75.433
74.8711
74.8711
74.8711
74.8711
74.8711
74.8711
74.8711
74.8711
74.8711
74.8711
74.8711
74.8711
74.8711
74.8711
74.8711
74.8711
74.8711
74.8711
74.8711
74.8711
74.8711
74.8711
74.8711
74.8711
74.8711
74.8711
74.8711
74.8711
74.8711
74.8711
74.8711
74.8711
74.8711
74.8711
74.8711
74.8711
74.8711
74.8711
74.8711
74.8711
74.8711
74.8711
74.8711
74.8711
74.8711
74.8711
74.8711
74.8711
74.8711
74.8711
74.8711
74.8711
74.8711
74.8711
74.8711
74.8711
74.8711
74.8711
74.8711
74.8711
74.8584
74.8584
74.8584
74.8584
74.8584
74.8584
74.8584
74.8584
74.8584
74.8584
74.8584
74.8584
74.8584
74.8584
74.8584
74.8584
74.8584
74.8584
74.8584
74.8584
74.8584
74.8584
74.8584
74.8584
74.8584
74.8584
74.8584
74.8584
74.8249
74.8249
74.8249
74.8249
74.8249
74.8249
74.8249
74.8249
74.8249
74.7948
74.7948
74.7948
74.7948
74.7948
74.7948
74.7948
74.7948
74.7948
74.7948
74.7948
74.7948
74.7948
74.7948
74.7948
74.7948
74.7948
74.7948
74.7948
74.7948
74.7948
74.7948
74.7948
74.7948
74.7948
74.7948
74.7948
74.7948
74.7948
74.7948
74.7948
74.7948
74.7948
74.7948
74.7948
74.7948
74.7948
74.7948
74.7948
74.7948
74.7948
74.7948
74.7948
74.7948
74.7948
74.7948
74.7948
74.7948
74.7948
74.7948
74.7948
74.7948
74.7948
74.7948
74.7948
74.7948
74.7948
74.7948
74.7948
74.7948
74.7948
74.7948
74.7948
74.7948
74.7948
74.7948
74.7948
74.7948
74.7948
74.7948
74.7948
74.7948
74.7948
74.7948
74.7948
74.7948
74.7948
74.7948
74.7948
74.7948
74.7948
74.7948
74.7948
74.7948
74.7948
74.7948
74.7948
74.7948
74.7948
74.7948
74.7948
74.7948
74.7948
74.7948
74.7948
74.7948
74.7948
74.7948
74.7948
74.7948
74.7948
74.7948
74.7948
74.7948
74.7948
74.7948
74.7948
74.7948
74.7948
74.7948
74.7948
74.7948
74.7948
74.7948
74.7948
74.7948
74.7948
74.7948
74.7948
74.7948
74.7948
74.7948
74.6646
74.6646
74.6646
74.6646
74.6646
74.6646
74.6646
74.6646
74.6646
74.6646
74.6646
74.6646
74.6646
74.6646
74.6646
74.6646
74.6646
74.6646
74.6646
74.6646
74.6646
74.6646
74.6646
74.6646
74.6646
74.6646
74.6646
74.6646
74.6646
74.6646
74.6646
74.6646
74.6646
74.6646
74.6646
74.6646
74.6646
74.6646
74.6646
74.6646
74.6646
74.6646
74.6646
74.6646
74.6646
74.6646
74.6646
74.6646
74.6646
74.6646
74.6646
74.6646
74.6646
74.6646
74.6646
74.6646
74.6646
74.6646
74.6646
74.6646
74.6646
74.6646
74.6646
74.6646
74.6646
74.6646
74.6646
74.6646
74.6646
74.6646
74.6646
74.6646
74.6646
74.6646
74.6646
74.6646
74.6646
74.6646
74.6646
74.6646
74.6646
74.6646
74.6646
74.6646
74.6646
74.6646
74.6646
74.6646
74.6646
74.6646
74.6646
74.6646
74.6646
74.6646
74.6646
74.6646
74.6646
74.6646
74.6646
74.6646
74.6646
74.6646
74.6646
74.6646
74.6646
74.6646
74.6646
74.6646
74.6646
74.6646
74.6646
74.6646
74.6646
74.6646
74.6646
74.6646
74.6646
74.6646
74.6646
74.6646
74.6646
74.6646
74.6646
74.6646
74.6646
74.6646
74.6646
74.6646
74.6646
74.6646
74.6646
74.6646
74.6646
74.6646
74.6646
74.6646
74.6646
74.6646
74.6646
74.6646
74.6646
74.6646
74.6646
74.6646
74.6646
74.6646
74.6646
74.6646
74.6646
74.6646
74.6646
74.6646
74.6646
74.6646
74.6646
74.6646
74.6646
74.6646
74.6646
74.6646
74.6646
74.6646
74.6646
74.6646
74.6646
74.6646
74.6646
74.6646
74.6646
74.6646
74.6646
74.6646
74.6646
74.6646
74.6646
74.6646
74.6646
74.6646
74.6646
74.6646
74.6646
74.5581
74.5581
74.5581
74.5581
74.5581
74.5581
74.5581
74.5581
74.5581
74.5581
74.5581
74.5581
74.5581
74.5581
74.5581
74.5581
74.5581
74.5581
74.5581
74.5581
74.5581
74.5581
74.5581
74.5581
74.5581
74.5581
74.5581
74.5581
74.5581
74.5581
74.5581
74.5581
74.5581
74.5581
74.5581
74.5581
74.5581
74.5581
74.5581
74.5581
74.5581
74.5581
74.5581
74.3945
74.3945
74.3945
74.3945
74.3945
74.3945
74.3945
74.3945
74.3945
74.3945
74.3945
74.3945
74.3945
74.3945
74.3945
74.3945
74.3945
74.3945
74.3945
74.3945
74.3945
74.3945
74.3945
74.3945
74.3945
74.3945
74.3945
74.3945
74.3945
74.3945
74.3945
74.3945
74.3945
74.3945
74.3945
74.3945
74.3945
74.3945
74.3945
74.181
74.181
74.181
74.181
74.181
74.181
74.181
74.181
74.181
74.181
74.181
74.181
74.181
74.181
74.181
74.181
74.181
74.181
74.181
74.181
74.181
74.181
74.181
74.181
74.181
74.181
74.181
74.181
74.181
74.181
74.181
74.181
74.181
74.181
74.181
74.181
74.181
74.181
74.181
74.181
74.181
74.181
74.181
74.181
74.181
74.181
74.181
74.181
74.181
74.181
74.181
74.181
74.181
74.181
74.181
74.181
74.181
74.181
74.181
74.181
74.181
74.181
74.181
74.181
74.181
74.181
74.181
74.181
74.181
74.181
74.181
74.181
74.181
74.181
74.181
74.181
74.181
74.181
74.181
74.181
74.181
74.181
74.181
74.181
74.181
74.181
74.181
74.181
74.181
74.181
74.181
74.181
74.181
74.181
74.181
74.181
74.181
74.181
74.181
74.181
74.181
74.181
74.181
74.181
74.181
74.181
74.181
74.181
74.181
74.181
74.181
74.181
74.181
74.181
74.181
74.181
74.181
74.181
74.181
74.181
74.181
74.181
74.181
74.181
74.181
74.181
74.181
74.181
74.181
74.181
74.181
74.181
74.181
74.181
74.181
74.181
74.181
74.181
73.1015
73.1015
73.1015
73.1015
73.1015
73.1015
73.1015
73.1015
73.1015
73.1015
73.1015
73.1015
73.1015
73.1015
73.1015
73.1015
73.1015
73.1015
73.1015
73.1015
73.1015
73.1015
73.1015
73.1015
73.1015
73.1015
73.1015
73.1015
73.1015
73.1015
73.1015
73.1015
73.1015
73.1015
73.1015
73.1015
73.1015
73.1015
72.8778
72.8778
72.8778
72.8778
72.8778
72.8778
72.8778
72.8778
72.8778
72.8778
72.8778
72.8778
72.8778
72.8778
72.8778
72.8778
72.8778
72.8778
72.8778
72.8778
72.7434
72.7434
72.7434
72.7434
72.7434
72.7434
72.7434
72.7434
72.7434
72.7434
72.7434
72.7434
72.7434
72.7434
72.7434
72.7434
72.7434
72.7434
72.7434
72.7434
72.7434
72.7434
72.7434
72.7434
72.7434
72.7434
72.7434
72.7434
72.7434
72.7434
72.7434
72.7434
72.7434
72.7434
72.7434
72.7434
72.7434
72.7434
72.7434
72.7434
72.7434
72.7434
72.7434
72.7434
72.7434
72.7434
72.7434
72.7434
72.7434
72.7434
72.7434
72.7434
72.7434
72.7434
72.7434
72.7434
72.7434
72.7434
72.7434
72.7434
72.7434
72.7434
72.7434
72.7434
72.7434
72.7434
72.7434
72.7434
72.7434
72.7434
72.7434
72.7434
72.7434
72.7434
72.7434
72.7434
72.7434
72.7434
72.7434
72.7434
72.7434
72.7434
72.7434
72.7434
72.7434
72.7434
72.7434
72.7434
72.7434
72.7434
72.7434
72.7434
72.7434
72.7434
72.7434
72.7434
72.7434
72.7434
72.7434
72.7434
72.7434
72.7434
72.7434
72.7434
72.7434
72.7434
72.7434
72.7434
72.7434
72.7434
72.7434
72.7434
72.7434
72.7434
72.7434
72.7434
72.7434
72.7434
72.7434
72.7434
72.7434
72.7434
72.7434
72.7434
72.7434
72.7434
72.7434
72.7434
72.7434
72.7434
72.7434
72.7434
72.7434
72.7434
72.7434
72.7434
72.7434
72.7434
72.7434
72.7434
72.7434
72.7434
72.7434
72.7434
72.7434
72.7434
72.7434
72.7434
72.7434
72.7434
72.7434
72.7434
72.7434
72.7434
72.7434
72.7434
72.7434
72.7434
72.7434
72.7434
72.7434
72.7434
72.7434
72.7434
72.7434
72.7434
72.7434
72.7434
72.7434
72.7434
72.7434
72.7434
72.7434
72.7434
72.7434
72.7434
72.7434
72.7434
72.7434
72.7434
72.7434
72.7434
72.7434
72.7434
72.7434
72.7434
72.7434
72.7434
72.7434
72.7434
72.7434
72.7434
72.7434
72.7434
72.7434
72.7434
72.7434
72.7434
72.7434
72.7434
72.7434
72.6747
72.6747
72.6747
72.6747
72.6747
72.6747
72.6747
72.6747
72.6747
72.5559
72.5559
72.5559
72.5559
72.5559
72.5559
72.1642
72.1642
72.1642
72.1642
72.1642
72.1642
72.1642
72.1642
72.1642
72.1642
72.1642
72.1642
72.1642
72.1642
72.1642
72.1642
72.1642
72.1642
72.1642
72.1642
72.1642
72.1642
72.1642
72.1642
72.1642
72.1642
72.1642
72.1642
72.1642
72.1642
72.1642
72.1642
72.1642
72.1642
72.1642
72.1642
72.1642
72.1642
72.1642
72.1642
72.1642
72.1642
72.1642
72.1642
72.1642
72.1642
72.1642
72.1642
72.1642
72.1642
72.1642
72.1642
72.1642
72.1642
72.1642
72.1642
72.1642
72.1642
72.1642
72.1642
72.1642
72.1642
72.1642
72.1642
72.1642
72.1642
72.1642
72.1642
72.1642
72.1642
72.1642
72.1642
72.1642
72.1642
72.1642
72.1642
72.1642
72.1642
72.1642
72.1069
72.1069
72.1069
72.1069
72.1069
72.1069
72.1069
72.1069
72.1069
72.1069
72.1069
72.1069
72.1069
72.1069
72.1069
72.1069
72.1069
72.1069
72.1069
72.1069
72.1069
72.1069
72.1069
72.1069
72.1069
72.1069
72.1069
72.1069
72.1069
72.1069
72.1069
72.1069
72.1069
72.1069
72.1069
72.1069
72.1069
72.1069
72.1069
72.1069
72.1069
72.1069
72.1069
71.977
71.977
71.977
71.977
71.977
71.977
71.977
71.977
71.977
71.977
71.977
71.977
71.977
71.977
71.977
71.977
71.977
71.977
71.977
71.977
71.977
71.977
71.977
71.977
71.977
71.977
71.977
71.977
71.977
71.977
71.977
71.977
71.977
71.977
71.977
71.977
71.977
71.977
71.977
71.977
71.977
71.977
71.977
71.977
71.977
71.977
71.977
71.977
71.977
71.977
71.977
71.977
71.977
71.977
71.977
71.977
71.977
71.977
71.977
71.977
71.977
71.977
71.977
71.977
71.977
71.977
71.977
71.977
71.977
71.977
71.977
71.977
71.977
71.977
71.977
71.977
71.977
71.977
71.977
71.977
71.977
71.977
71.977
71.977
71.977
71.977
71.977
71.977
71.977
71.977
71.977
71.977
71.977
71.977
71.977
71.977
71.977
71.977
71.977
71.977
71.977
71.977
71.977
71.977
71.977
71.977
71.977
71.977
71.977
71.977
71.977
71.977
71.977
71.977
71.977
71.977
71.977
71.977
71.977
71.977
71.977
71.977
71.977
71.977
71.977
71.977
71.977
71.977
71.977
71.977
71.977
71.977
71.977
71.977
71.977
71.977
71.977
71.977
71.977
71.977
71.977
71.977
71.977
71.977
71.977
71.977
71.977
71.977
71.977
71.977
71.977
71.977
71.977
71.977
71.977
71.977
71.977
71.977
71.977
71.977
71.977
71.977
71.977
71.977
71.977
71.977
71.977
71.977
71.977
71.977
71.977
71.977
71.977
71.977
71.977
71.977
71.977
71.977
71.977
71.977
71.977
71.977
71.977
71.977
71.977
71.977
71.977
71.977
71.977
71.977
71.977
71.977
71.977
71.977
71.977
71.977
71.977
71.977
71.977
71.977
71.977
71.977
71.977
71.977
71.977
71.977
71.977
71.977
71.977
71.977
71.977
71.977
71.977
71.977
71.977
71.977
71.977
71.977
71.977
71.977
71.977
71.977
71.977
71.977
71.977
71.977
71.977
71.977
71.977
71.977
71.977
71.977
71.977
71.977
71.977
71.977
71.977
71.977
71.977
71.977
71.977
71.977
71.977
71.977
71.977
71.977
71.977
71.977
71.977
71.977
71.977
71.977
71.977
71.977
71.977
71.977
71.977
71.977
71.977
71.977
71.977
71.977
71.977
71.977
71.977
71.977
71.977
71.977
71.977
71.977
71.977
71.977
71.977
71.977
71.977
71.977
71.977
71.977
71.977
71.977
71.977
71.977
71.977
71.977
71.977
71.977
71.977
71.977
71.977
71.977
71.977
71.977
71.977
71.977
71.977
71.977
71.977
71.977
71.977
71.977
71.977
71.977
71.977
71.977
71.977
71.977
71.977
71.977
71.977
71.977
71.977
71.977
71.977
71.977
71.977
71.977
71.977
71.977
71.977
71.977
71.977
71.977
71.977
71.977
71.977
71.977
71.977
71.977
71.977
71.977
71.977
71.977
71.977
71.977
71.977
71.977
71.977
71.977
71.977
71.977
71.977
71.977
71.977
71.977
71.977
71.977
71.977
71.977
71.977
71.977
71.977
71.977
71.977
71.977
71.977
71.977
71.977
71.977
71.977
71.977
71.977
71.9549
71.9549
71.9549
71.9549
71.9549
71.9549
71.9549
71.9549
71.9549
71.9549
71.9549
71.9549
71.9549
71.9549
71.9549
71.9549
71.9549
71.9549
71.9549
71.9549
71.9549
71.9549
71.9549
71.9549
71.9549
71.9549
71.9549
71.9549
71.9549
71.9549
71.9549
71.9549
71.9549
71.9549
71.9549
71.9549
71.9549
71.9549
71.9549
71.9549
71.9549
71.9549
71.9118
71.9118
71.9118
71.9118
71.9118
71.9118
71.9118
71.9118
71.9118
71.9118
71.9118
71.9118
71.9118
71.9118
71.9118
71.9118
71.9118
71.9118
71.9118
71.9118
71.9118
71.9118
71.9118
71.9118
71.9118
71.9118
71.9118
71.9118
71.9118
71.9118
71.9118
71.9118
71.9118
71.9118
71.9118
71.9118
71.9118
71.9118
71.9118
71.9118
71.9118
71.9118
71.9118
71.9118
71.9118
71.9118
71.9118
71.9118
71.9118
71.9118
71.9118
71.9118
71.9118
71.9118
71.9118
71.9118
71.9118
71.9118
71.9118
71.9118
71.9118
71.9118
71.9118
71.9118
71.9118
71.9118
71.9118
71.9118
71.9118
71.9118
71.9118
71.9118
71.9118
71.9118
71.9118
71.9118
71.9118
71.9118
71.9118
71.9118
71.9118
71.9118
71.9118
71.9118
71.9118
71.9118
71.9118
71.9118
71.9118
71.9118
71.9118
71.9118
71.9118
71.9118
71.9118
71.9118
71.9118
71.9118
71.9118
71.9118
71.9118
71.9118
71.9118
71.9118
71.9118
71.9118
71.9118
71.9118
71.9118
71.9118
71.9118
71.9118
71.9118
71.9118
71.9118
71.9118
71.9118
71.9118
71.9118
71.9118
71.9118
71.9118
71.9118
71.9118
71.9118
71.9118
71.9118
71.9118
71.9118
71.9118
71.9118
71.9118
71.9118
71.9118
71.9118
71.9118
71.9118
71.9118
71.9118
71.9118
71.9118
71.9118
71.9118
71.9118
71.9118
71.9118
71.9118
71.9118
71.9118
71.9118
71.9118
71.9118
71.9118
71.9118
71.9118
71.9118
71.9118
71.9118
71.9118
71.9118
71.9118
71.9118
71.9118
71.9118
71.9118
71.9118
71.9118
71.9118
71.9118
71.9118
71.9118
71.9118
71.9118
71.9118
71.9118
71.9118
71.9118
71.9118
71.9118
71.9118
71.9118
71.9118
71.9118
71.9118
71.9118
71.9118
71.9118
71.9118
71.9118
71.9118
71.9118
71.9118
71.9118
71.9118
71.9118
71.9118
71.9118
71.9118
71.9118
71.9118
71.9118
71.9118
71.9118
71.9118
71.9118
71.9118
71.9118
71.9118
71.9118
71.9118
71.9118
71.9118
71.9118
71.9118
71.9118
71.9118
71.9118
71.9118
71.9118
71.9118
71.9118
71.9118
71.9118
71.9118
71.9118
71.9118
71.9118
71.9118
71.9118
71.9118
71.9118
71.9118
71.9118
71.9118
71.9118
71.9118
71.9118
71.9118
71.9118
71.9118
71.9118
71.9118
71.9118
71.9118
71.9118
71.9118
71.9118
71.9118
71.9118
71.9118
71.9118
71.9118
71.9118
71.9118
71.9118
71.9118
71.9118
71.9118
71.9118
71.9118
71.9118
71.9118
71.9118
71.9118
71.9118
71.9118
71.9118
71.9118
71.9118
71.9118
71.9118
71.9118
71.9118
71.9118
71.9118
71.9118
71.9118
71.9118
71.9118
71.9118
71.9118
71.9118
71.9118
71.9118
71.9118
71.9118
71.9118
71.9118
71.9118
71.9118
71.9118
71.9118
71.9118
71.9118
71.9118
71.9118
71.9118
71.9118
71.9118
71.9118
71.9118
71.9118
71.9118
71.9118
71.9118
71.9118
71.9118
71.9118
71.9118
71.9118
71.9118
71.9118
71.9118
71.9118
71.9118
71.9118
71.9118
71.9118
71.9118
71.9118
71.9118
71.9118
71.9118
71.9118
71.9118
71.9118
71.9118
71.9118
71.9118
71.9118
71.9118
71.9118
71.9118
71.9118
71.9118
71.9118
71.9118
71.9118
71.9118
71.9118
71.9118
71.9118
71.9118
71.9118
71.9118
71.9118
71.9118
71.9118
71.9118
71.9118
71.9118
71.9118
71.9118
71.9118
71.9118
71.9118
71.9118
71.9118
71.9118
71.9118
71.9118
71.9118
71.9118
71.9118
71.9118
71.9118
71.9118
71.9118
71.9118
71.9118
71.9118
71.9118
71.9118
71.9118
71.9118
71.9118
71.9118
71.9118
71.9118
71.9118
71.9118
71.9118
71.9118
71.9118
71.9118
71.9118
71.9118
71.9118
71.9118
71.9118
71.9118
71.9118
71.9118
71.9118
71.9118
71.9118
71.9118
71.9118
71.9118
71.9118
71.9118
71.9118
71.9118
71.9118
71.9118
71.9118
71.9118
71.9118
71.9118
71.9118
71.9118
71.9118
71.9118
71.9118
71.9118
71.9118
71.9118
71.9118
71.9118
71.9118
71.9118
71.9118
71.9118
71.9118
71.9118
71.9118
71.9118
71.9118
71.9118
71.9118
71.9118
71.9118
71.9118
71.9118
71.9118
71.9118
71.9118
71.9118
71.9118
71.9118
71.9118
71.9118
71.9118
71.9118
71.9118
71.9118
71.9118
71.9118
71.9118
71.9118
71.9118
71.9118
71.9118
71.9118
71.9118
71.9118
71.9118
71.9118
71.9118
71.9118
71.9118
71.9118
71.9118
71.9118
71.9118
71.9118
71.9118
71.9118
71.9118
71.9118
71.9118
71.9118
71.9118
71.9118
71.9118
71.9118
71.9118
71.9118
71.9118
71.9118
71.9118
71.9118
71.9118
71.9118
71.9118
71.9118
71.9118
71.9118
71.9118
71.9118
71.9118
71.9118
71.9118
71.9118
71.9118
71.9118
71.9118
71.9118
71.9118
71.9118
71.9118
71.9118
71.9118
71.9118
71.9118
71.9118
71.9118
71.9118
71.9118
71.9118
71.9118
71.9118
71.9118
71.9118
71.9118
71.9118
71.9118
71.9118
71.9118
71.9118
71.9118
71.9118
71.9118
71.9118
71.9118
71.9118
71.9118
71.9118
71.9118
71.9118
71.9118
71.9118
71.9118
71.9118
71.9118
71.9118
71.9118
71.9118
71.9118
71.9118
71.9118
71.9118
71.9118
71.9118
71.9118
71.9118
71.9118
71.9118
71.9118
71.9118
71.9118
71.9118
71.9118
71.9118
71.9118
71.9118
71.9118
71.9118
71.9118
71.9118
71.9118
71.9118
71.9118
71.9118
71.9118
71.9118
71.9118
71.9118
71.9118
71.9118
71.9118
71.9118
71.9118
71.9118
71.9118
71.9118
71.9118
71.9118
71.9118
71.9118
71.9118
71.9118
71.9118
71.9118
71.9118
71.9118
71.9118
71.9118
71.9118
71.9118
71.9118
71.9118
71.9118
71.9118
71.9118
71.9118
71.9118
71.9118
71.9118
71.9118
71.9118
71.9118
71.9118
71.9118
71.9118
71.9118
71.9118
71.9118
71.9118
71.9118
71.9118
71.9118
71.9118
71.9118
71.9118
71.9118
71.9118
71.9118
71.9118
71.9118
71.9118
71.9118
71.9118
71.9118
71.9118
71.9118
71.9118
71.9118
71.9118
71.9118
71.9118
71.9118
71.9118
71.9118
71.9118
71.9118
71.9118
71.9118
71.9118
71.9118
71.9118
71.9118
71.9118
71.9118
71.9118
71.9118
71.9118
71.9118
71.9118
71.9118
71.9118
71.9118
71.9118
71.9118
71.9118
71.9118
71.9118
71.9118
71.9118
71.9118
71.9118
71.9118
71.9118
71.9118
71.9118
71.9118
71.9118
71.9118
71.9118
71.9118
71.9118
71.9118
71.9118
71.9118
71.9118
71.9118
71.9118
71.9118
71.9118
71.9118
71.9118
71.9118
71.9118
71.9118
71.9118
71.9118
71.9118
71.9118
71.9118
71.9118
71.9118
71.9118
71.9118
71.9118
71.9118
71.9118
71.9118
71.9118
71.9118
71.9118
71.9118
71.9118
71.9118
71.9118
71.9118
71.9118
71.9118
71.9118
71.9118
71.9118
71.9118
71.9118
71.9118
71.9118
71.9118
71.9118
71.9118
71.9118
71.9118
71.9118
71.9118
71.9118
71.9118
71.9118
71.9118
71.9118
71.9118
71.9118
71.9118
71.9118
71.9118
71.9118
71.9118
71.9118
71.9118
71.9118
71.9118
71.9118
71.9118
71.9118
71.9118
71.9118
71.9118
71.9118
71.9118
71.9118
71.9118
71.9118
71.9118
71.9118
71.9118
71.9118
71.9118
71.9118
71.9118
71.9118
71.9118
71.9118
71.9118
71.9118
71.9118
71.9118
71.9118
71.9118
71.9118
71.9118
71.9118
71.9118
71.9118
71.9118
71.9118
71.9118
71.9118
71.9118
71.9118
71.9118
71.9118
71.9118
71.9118
71.9118
71.9118
71.9118
71.9118
71.9118
71.9118
71.9118
71.9118
71.9118
71.9118
71.9118
71.9118
71.9118
71.9118
71.9118
71.9118
71.9118
71.9118
71.9118
71.9118
71.9118
71.9118
71.9118
71.9118
71.9118
71.9118
71.9118
71.9118
71.9118
71.9118
71.9118
71.9118
71.9118
71.9118
71.9118
71.9118
71.9118
71.9118
71.9118
71.9118
71.9118
71.9118
71.9118
71.9118
71.9118
71.9118
71.9118
71.9118
71.9118
71.9118
71.9118
71.9118
71.9118
71.9118
71.9118
71.9118
71.9118
71.9118
71.9118
71.9118
71.9118
71.9118
71.9118
71.9118
71.9118
71.9118
71.9118
71.9118
71.9118
71.9118
71.9118
71.9118
71.9118
71.9118
71.9118
71.9118
71.9118
71.9118
71.9118
71.9118
71.9118
71.9118
71.9118
71.9118
71.9118
71.9118
71.9118
71.9118
71.9118
71.9118
71.9118
71.9118
71.9118
71.9118
71.9118
71.9118
71.9118
71.9118
71.9118
71.9118
71.9118
71.9118
71.9118
71.9118
71.9118
71.9118
71.9118
71.9118
71.9118
71.9118
71.9118
71.9118
71.9118
71.9118
71.9118
71.9118
71.9118
71.9118
71.9118
71.9118
71.9118
71.9118
71.9118
71.9118
71.9118
71.9118
71.9118
71.9118
71.9118
71.9118
71.9118
71.9118
71.9118
71.9118
71.9118
71.9118
71.9118
71.9118
71.9118
71.9118
71.9118
71.9118
71.9118
71.9118
71.9118
71.9118
71.9118
71.9118
71.9118
71.9118
71.9118
71.9118
71.9118
71.9118
71.9118
71.9118
71.9118
71.9118
71.9118
71.9118
71.9118
71.9118
71.9118
71.9118
71.9118
71.9118
71.9118
71.9118
71.9118
71.9118
71.9118
71.9118
71.9118
71.9118
71.9118
71.9118
71.9118
71.9118
71.9118
71.9118
71.9118
71.9118
71.9118
71.9118
71.9118
71.9118
71.9118
71.9118
71.9118
71.9118
71.9118
71.9118
71.9118
71.9118
71.9118
71.9118
71.9118
71.9118
71.9118
71.9118
71.9118
71.9118
71.9118
71.9118
71.9118
71.9118
71.9118
71.9118
71.9118
71.9118
71.9118
71.9118
71.9118
71.9118
71.9118
71.9118
71.9118
71.9118
71.9118
71.9118
71.9118
71.9118
71.9118
71.9118
71.9118
71.9118
71.9118
71.9118
71.9118
71.9118
71.9118
71.9118
71.9118
71.9118
71.9118
71.9118
71.9118
71.9118
71.9118
71.9118
71.9118
71.9118
71.9118
71.9118
71.9118
71.9118
71.9118
71.9118
71.9118
71.9118
71.9118
71.9118
71.9118
71.9118
71.9118
71.9118
71.9118
71.9118
71.9118
71.9118
71.9118
71.9118
71.9118
71.9118
71.9118
71.9118
71.9118
71.9118
71.9118
71.9118
71.9118
71.9118
71.9118
71.9118
71.9118
71.9118
71.9118
71.9118
71.9118
71.9118
71.9118
71.9118
71.9118
71.9118
71.9118
71.9118
71.9118
71.9118
71.9118
71.9118
71.9118
71.9118
71.9118
71.9118
71.9118
71.9118
71.9118
71.9118
71.9118
71.9118
71.9118
71.9118
71.9118
71.9118
71.9118
71.9118
71.9118
71.9118
71.9118
71.9118
71.9118
71.9118
71.9118
71.9118
71.9118
71.9118
71.9118
71.9118
71.9118
71.9118
71.9118
71.9118
71.9118
71.9118
71.9118
71.9118
71.9118
71.9118
71.9118
71.8324
71.8324
71.8324
71.8324
71.8324
71.8324
71.8324
71.8324
71.8324
71.8324
71.8324
71.8324
71.8324
71.8324
71.8324
71.8324
71.8324
71.8324
71.8324
71.8324
71.8324
71.8324
71.8324
71.8324
71.8324
71.8324
71.8324
71.8324
71.8324
71.8324
71.8324
71.8324
71.8324
71.8324
71.8324
71.8324
71.8324
71.8324
71.8324
71.8324
71.8324
71.8324
71.8324
71.8324
71.8324
71.8324
71.8324
71.8324
71.8324
71.8324
71.8324
71.8324
71.8324
71.8324
71.8324
71.8324
71.8324
71.8324
71.8324
71.8324
71.8324
71.8324
71.8324
71.8324
71.8324
71.8324
71.8324
71.8324
71.8324
71.8324
71.8324
71.8324
71.8324
71.8324
71.8324
71.8324
71.8324
71.8324
71.8324
71.8324
71.8324
71.8324
71.8324
71.8324
71.8324
71.8324
71.8324
71.8324
71.8324
71.8324
71.8324
71.8324
71.8324
71.8324
71.8324
71.8324
71.8324
71.8324
71.8324
71.8324
71.8324
71.8324
71.8324
71.8324
71.8324
71.8324
71.8324
71.8324
71.8324
71.8324
71.8324
71.8324
71.8324
71.8324
71.8324
71.8324
71.8324
71.8324
71.8324
71.8324
71.8324
71.8324
71.8324
71.8324
71.8324
71.8324
71.8324
71.8324
71.8324
71.8324
71.8324
71.8324
71.8324
71.8324
71.8324
71.8324
71.8324
71.8324
71.8324
71.8324
71.8324
71.8324
71.8324
71.8324
71.8324
71.8324
71.8324
71.8324
71.8324
71.8324
71.8324
71.8324
71.8324
71.8324
71.8324
71.8324
71.8324
71.8324
71.8324
71.8324
71.8324
71.8324
71.8324
71.8324
71.8324
71.8324
71.8324
71.8324
71.8324
71.8324
71.8324
71.8324
71.8324
71.8324
71.8324
71.8324
71.8324
71.8324
71.8324
71.8324
71.8324
71.8324
71.8324
71.8324
71.8324
71.8324
71.8324
71.8324
71.8324
71.8324
71.8324
71.8324
71.8324
71.8324
71.8324
71.8324
71.8324
71.8324
71.8324
71.8324
71.8324
71.8324
71.8324
71.8324
71.8324
71.8324
71.8324
71.8324
71.8324
71.8324
71.8324
71.8324
71.8324
71.8324
71.8324
71.8324
71.8324
71.8324
71.8324
71.8324
71.8324
71.8324
71.8324
71.8324
71.8324
71.8324
71.8324
71.8324
71.8324
71.8324
71.8324
71.8324
71.8324
71.8324
71.8324
71.8324
71.8324
71.8324
71.8324
71.8324
71.8324
71.8324
71.8324
71.8324
71.8324
71.8324
71.8324
71.8324
71.8324
71.8324
71.8324
71.8324
71.8324
71.8324
71.8324
71.8324
71.8324
71.8324
71.8324
71.8324
71.8324
71.8324
71.8324
71.8324
71.8324
71.8324
71.8324
71.8324
71.8324
71.8324
71.8324
71.8324
71.8324
71.8324
71.8324
71.8324
71.8324
71.8324
71.8324
71.8324
71.8324
71.8324
71.8324
71.8324
71.8324
71.8324
71.8324
71.8324
71.8324
71.8324
71.8324
71.8324
71.8324
71.8324
71.8324
71.8324
71.8324
71.8324
71.8324
71.8324
71.8324
71.8324
71.8324
71.3454
71.3454
71.3454
71.3454
71.3454
71.3454
71.3454
71.3454
71.3454
71.3454
71.3454
71.3454
71.3454
71.3454
71.3454
71.3454
71.3454
71.3454
71.3454
71.3454
71.3454
71.3454
71.3454
71.3454
71.3454
71.3454
71.3454
71.3454
71.3454
71.3454
71.3454
71.3454
71.3454
71.3454
71.3454
71.3454
71.3454
71.3454
71.3454
71.3454
71.3454
71.3454
71.3454
71.3454
71.3454
71.3454
71.3454
71.3454
71.3454
71.3454
71.3454
71.3454
71.3454
71.3454
71.3454
71.3454
71.3454
71.3454
71.3412
71.3412
71.3412
71.3412
71.3412
71.3412
71.3412
71.3412
71.3412
71.3412
71.3412
71.3412
71.3412
71.3412
71.3412
71.3412
71.3412
71.3412
71.3412
71.3412
71.3412
71.3412
71.3412
71.3412
71.3412
71.3412
71.3412
71.3412
71.3412
71.3412
71.3412
71.3412
71.3412
71.3412
71.3412
71.3412
71.3412
71.3412
71.3412
71.3412
71.3412
71.3412
71.3412
71.3412
71.3412
71.3412
71.3412
71.3412
71.3412
71.3412
71.3412
71.3412
71.3412
71.3412
71.3412
71.3412
71.3412
71.3412
71.3412
71.3412
71.3412
71.3412
71.3412
71.3412
71.3412
71.3412
71.3412
71.3412
71.3412
71.3412
71.3412
71.3412
71.3412
71.3412
71.3412
71.3412
71.3412
71.3412
71.3412
71.3412
71.3412
71.3412
71.3412
71.3412
71.3412
71.3412
71.3412
71.3412
71.3412
71.3412
71.3412
71.3412
71.3412
71.3412
71.3412
71.3412
71.3412
71.3412
71.3412
71.3412
71.3412
71.3412
71.3412
71.3412
71.3412
71.3412
71.3412
71.3412
71.3412
71.3412
71.3412
71.3412
71.3412
71.3412
71.3412
71.3412
71.3412
71.3412
71.3412
71.3412
71.3412
71.3412
71.3412
71.3412
71.3412
71.3412
71.3412
71.3412
71.3412
71.3412
71.3412
71.3412
71.3412
71.3412
71.3412
71.3412
71.3412
71.3412
71.3412
71.3412
71.3412
71.3412
71.3412
71.3412
71.3412
71.3412
71.3412
71.3412
71.3412
71.3412
71.3412
71.3412
71.3412
71.3412
71.3412
71.3412
71.3412
71.3412
71.3412
71.3412
71.3412
71.3412
71.3412
71.3412
71.3412
71.3412
71.3412
71.3412
71.3412
71.3412
71.3412
71.3412
71.3412
71.3412
71.3412
71.3412
71.3412
71.3412
71.3412
71.3412
71.3412
71.3412
71.3412
71.3412
71.3412
71.3412
71.3412
71.3412
71.3412
71.3412
71.3412
71.3412
71.3412
71.3412
71.3412
71.3412
71.3412
71.3412
71.3412
71.3412
71.3412
71.3412
71.3412
71.3412
71.3412
71.3412
71.3412
71.3412
71.3412
71.3412
71.3412
71.3412
71.3412
71.3412
71.3412
71.3412
71.3412
71.3412
71.3412
71.3412
71.3412
71.3412
71.3412
71.3412
71.3412
71.3412
71.3412
71.3412
71.3412
71.3412
71.3412
71.3412
71.3412
71.3412
71.3412
71.3412
71.3412
71.3412
71.3412
71.3412
71.3412
71.3412
71.3412
71.3412
71.3412
71.3412
71.3412
71.3412
71.3412
71.3412
71.3412
71.3412
71.3412
71.3412
71.3412
71.3412
71.3412
71.3412
71.3412
71.3412
71.3412
71.3412
71.3412
71.3412
71.3412
71.3412
71.3412
71.3412
71.3412
71.3412
71.3412
71.3412
71.3412
71.3412
71.3412
71.3412
71.3412
71.3412
71.3412
71.3412
71.3412
71.3412
71.3412
71.3412
71.3412
71.3412
71.3412
71.3412
71.3412
71.3412
71.3412
71.3412
71.3412
71.3412
71.3412
71.3412
71.3412
71.3412
71.3412
71.3412
71.3412
71.3412
71.3412
71.3412
71.3412
71.3412
71.3412
71.3412
71.3412
71.3412
71.3412
71.3412
71.3412
71.3412
71.3412
71.3412
71.3412
71.3412
71.3412
71.3412
71.3412
71.3412
71.3412
71.3412
71.3412
71.3412
71.3412
71.3412
71.3412
71.3412
71.3412
71.3412
71.3412
71.3412
71.3412
71.3412
71.3412
71.3412
71.3412
71.3412
71.3412
71.3412
71.3412
71.3412
71.3412
71.3412
71.3412
71.3412
71.3412
71.3412
71.3412
71.3412
71.3412
71.3412
71.3412
71.3412
71.3412
71.3412
71.3412
71.3412
71.3412
71.3412
71.3412
71.3412
71.3412
71.3412
71.3412
71.3412
71.3412
71.3412
71.3412
71.3412
71.3412
71.3412
71.3412
71.3412
71.3412
71.3412
71.3412
71.3412
71.3412
71.3412
71.3412
71.3412
71.3412
71.3412
71.3412
71.3412
71.3412
71.3412
71.3412
71.3412
71.3412
71.3412
71.3412
71.3412
71.3412
71.3412
71.3412
71.3412
71.3412
71.3412
71.3412
71.3412
71.3412
71.3412
71.3412
71.3412
71.3412
71.3412
71.3412
71.3412
71.3412
71.3412
71.3412
71.3412
71.3412
71.3412
71.3412
71.3412
71.3412
71.3412
71.3412
71.3412
71.3412
71.3412
71.3412
71.3412
71.3412
71.3412
71.3412
71.3412
71.3412
71.3412
71.3412
71.3412
71.3412
71.3412
71.3412
71.3412
71.3412
71.3412
71.3412
71.3412
71.3412
71.3412
71.3412
71.3412
71.3412
71.3412
71.3412
71.3412
71.3412
71.3412
71.3412
71.3412
71.3412
71.3412
71.3412
71.3412
71.3412
71.3412
71.3412
71.3412
71.3412
71.3412
71.3412
71.3412
71.3412
71.3412
71.3412
71.3412
71.3412
71.3412
71.3412
71.3412
71.3412
71.3412
71.3412
71.3412
71.3412
71.3412
71.3412
71.3412
71.3412
71.3412
71.3412
71.3412
71.3412
71.3412
71.3412
71.3412
71.3412
71.3412
71.3412
71.3412
71.3412
71.3412
71.3412
71.3412
71.3412
71.3412
71.3412
71.3412
71.3412
71.3412
71.3412
71.3412
71.3412
71.3412
71.3412
71.3412
71.3412
71.3412
71.3412
71.3412
71.3412
71.3412
71.3412
71.3412
71.3412
71.3412
71.3412
71.3412
71.3412
71.3412
71.3412
71.3412
71.3412
71.3412
71.3412
71.3412
71.3412
71.3412
71.3412
71.3412
71.3412
71.3412
71.3412
71.3412
71.3412
71.3412
71.3412
71.3412
71.3412
71.3412
71.3412
71.3412
71.3412
71.3412
71.3412
71.3412
71.3412
71.3412
71.3412
71.3412
71.3412
71.3412
71.3412
71.3412
71.3412
71.3412
71.3412
71.3412
71.3412
71.3412
71.3412
71.3412
71.3412
71.3412
71.3412
71.3412
71.3412
71.3412
71.3412
71.3412
71.3412
71.3412
71.3412
71.3412
71.3412
71.3412
71.3412
71.3412
71.3412
71.3412
71.3412
71.3412
71.3412
71.3412
71.3412
71.3412
71.3412
71.3412
71.3412
71.3412
71.3412
71.3412
71.3412
71.3412
71.3412
71.3412
71.3412
71.3412
71.3412
71.3412
71.3412
71.3412
71.3412
71.3412
71.3412
71.3412
71.3412
71.3412
71.3412
71.3412
71.3412
71.3412
71.3412
71.3412
71.3412
71.3412
71.3412
71.3412
71.3412
71.3412
71.3412
71.3412
71.3412
71.3412
71.3412
71.3412
71.3412
71.3412
71.3412
71.3412
71.3412
71.3412
71.3412
71.3412
71.3412
71.3412
71.3412
71.3412
71.3412
71.3412
71.3412
71.3412
71.3412
71.3412
71.3412
71.3412
71.3412
71.3412
71.3412
71.3412
71.3412
71.3412
71.3412
71.3412
71.3412
71.3412
71.3412
71.3412
71.3412
71.3412
71.3412
71.3412
71.3412
71.3412
71.3412
71.3412
71.3126
71.3126
71.3126
71.3126
71.3126
71.3126
71.3126
71.3126
71.3126
71.3126
71.3126
71.3126
71.3126
71.3126
71.3126
71.3126
71.3126
71.3126
71.3126
71.3126
71.3126
71.3126
71.3126
71.3126
71.3126
71.3126
71.3126
71.3126
71.3126
71.3126
71.3126
71.3126
71.3126
71.3126
71.3126
71.3126
71.3126
71.3126
71.3126
71.3126
71.3126
71.3126
71.3126
71.3126
71.3126
71.3126
71.3126
71.3126
71.3126
71.3126
71.3126
71.3126
71.3126
71.3126
71.3126
71.3126
71.3126
71.3126
71.3126
71.3126
71.3126
71.3126
71.3126
71.3126
71.3126
71.3126
71.3126
71.3126
71.3126
71.3126
71.3126
71.3126
71.3126
71.3126
71.3126
71.3126
71.3126
71.3126
71.3126
71.3126
71.3126
71.3126
71.3126
71.3126
71.3126
71.3126
71.3126
71.3126
71.3126
71.3126
71.3126
71.3126
71.3126
71.3126
71.3126
71.3126
71.3126
71.3126
71.3126
71.3126
71.3126
71.3126
71.3126
71.3126
71.3126
71.3126
71.3126
71.3126
71.3126
71.3126
71.3126
71.3126
71.3126
71.3126
71.3126
71.3126
71.3126
71.3126
71.3126
71.3126
71.3126
71.3126
71.3126
71.3126
71.3126
71.3126
71.3126
71.3126
71.3126
71.3126
71.3126
71.3126
71.3126
71.3126
71.3126
71.3126
71.3126
71.3126
71.3126
71.3126
71.3126
71.3126
71.3126
71.3126
71.3126
71.3126
71.3126
71.3126
71.3126
71.3126
71.3126
71.3126
71.3126
71.3126
71.3126
71.3126
71.3126
71.3126
71.3126
71.3126
71.3126
71.3126
71.3126
71.3126
71.3126
71.3126
71.3126
71.3126
71.3126
71.3126
71.3126
71.3126
71.3126
71.3126
71.3126
71.3126
71.3126
71.3126
71.3126
71.3126
71.3126
71.3126
71.3126
71.3126
71.3126
71.3126
71.3126
71.3126
71.3126
71.3126
71.3126
71.3126
71.3126
71.3126
71.3126
71.3126
71.3126
71.3126
71.3126
71.3126
71.3126
71.3126
71.3126
71.3126
71.3126
71.3126
71.3126
71.3126
71.3126
71.3126
71.3126
71.3126
71.3126
71.3126
71.3126
71.3126
71.3126
71.3126
71.3126
71.3126
71.3126
71.3126
71.3126
71.3126
71.3126
71.3126
71.3126
71.3126
71.3126
71.3126
71.3126
71.3126
71.3126
71.3126
71.3126
71.3126
71.3126
71.3126
71.3126
71.3126
71.3126
71.3126
71.3126
71.3126
71.3126
71.3126
71.3126
71.3126
71.3126
71.3126
71.3126
71.3126
71.3126
71.3126
71.3126
71.3126
71.3126
71.3126
71.3126
71.3126
71.3126
71.3126
71.3126
71.3126
71.3126
71.3126
71.3126
71.3126
71.3126
71.3126
71.3126
71.3126
71.3126
71.3126
71.3126
71.3126
71.3126
71.3126
71.3126
71.3126
71.3126
71.3126
71.3126
71.3126
71.3126
71.3126
71.3126
71.3126
71.3126
71.3126
71.3126
71.3126
71.3126
71.3126
71.3126
71.3126
71.3126
71.3126
71.3126
71.3126
71.3126
71.3126
71.3126
71.3126
71.3126
71.3126
71.3126
71.3126
71.3126
71.3126
71.3126
71.3126
71.3126
71.3126
71.3126
71.3126
71.3126
71.3126
71.3126
71.3126
71.3126
71.3126
71.3126
71.3126
71.3126
71.3126
71.3126
71.3126
71.3126
71.3126
71.3126
71.3126
71.3126
71.3126
71.3126
71.3126
71.3126
71.3126
71.3126
71.3126
71.3126
71.3126
71.3126
71.3126
71.3126
71.3126
71.3126
71.3126
71.3126
71.3126
70.9206
70.9206
70.9206
70.9206
70.9206
70.9206
70.9206
70.9206
70.9206
70.9206
70.9206
70.9206
70.9206
70.9206
70.9206
70.9206
70.9206
70.9206
70.9206
70.9206
70.9206
70.9206
70.9206
70.9206
70.9206
70.9206
70.9206
70.9206
70.9206
70.9206
70.9206
70.9206
70.9206
70.9206
70.9206
70.9206
70.9206
70.9206
70.9206
70.9206
70.9206
70.9206
70.9206
70.9206
70.9206
70.9206
70.9206
70.9206
70.9206
70.9206
70.9206
70.9206
70.9206
70.9206
70.9206
70.9206
70.9206
70.9206
70.9206
70.9206
70.9206
70.9206
70.9206
70.9206
70.9206
70.9206
70.9206
70.9206
70.9206
70.9206
70.9206
70.9206
70.9206
70.9206
70.9206
70.9206
70.9206
70.9206
70.9206
70.9206
70.9206
70.9206
70.9206
70.9206
70.9206
70.9206
70.9206
70.9206
70.9206
70.9206
70.9206
70.9206
70.9206
70.9206
70.9206
70.9206
70.9206
70.9206
70.9206
70.9206
70.9206
70.9206
70.9206
70.9206
70.9206
70.9206
70.9206
70.9206
70.9206
70.9206
70.9206
70.9206
70.9206
70.9206
70.9206
70.9206
70.9206
70.9206
70.9206
70.9206
70.9206
70.9206
70.9206
70.9206
70.9206
70.9206
70.9206
70.9206
70.9206
70.9206
70.9206
70.9206
70.9206
70.9206
70.9206
70.9206
70.9206
70.9206
70.9206
70.9206
70.9206
70.9206
70.9206
70.9206
70.9206
70.9206
70.9206
70.9206
70.9206
70.9206
70.9206
70.9206
70.9206
70.9206
70.9206
70.9206
70.9206
70.9206
70.9206
70.9206
70.9206
70.9206
70.9206
70.9206
70.9206
70.9206
70.9206
70.9206
70.9206
70.9206
70.9206
70.9206
70.9206
70.9206
70.9206
70.9206
70.9206
70.9206
70.9206
70.9206
70.9206
70.9206
70.9206
70.9206
70.9206
70.9206
70.9206
70.9206
70.9206
70.9206
70.9206
70.9206
70.9206
70.9206
70.9206
70.9206
70.9206
70.9206
70.9206
70.9206
70.9206
70.9206
70.9206
70.9206
70.9206
70.9206
70.9206
70.9206
70.9206
70.9206
70.9206
70.9206
70.9206
70.9206
70.9206
70.9206
70.9206
70.9206
70.9206
70.9206
70.9206
70.9206
70.9206
70.9206
70.9206
70.9206
70.9206
70.9206
70.9206
70.9206
70.9206
70.9206
70.9206
70.9206
70.9206
70.9206
70.9206
70.9206
70.9206
70.9206
70.9206
70.9206
70.9206
70.9206
70.9206
70.9206
70.9206
70.9206
70.9206
70.9206
70.9206
70.9206
70.9206
70.9206
70.9206
70.9206
70.9206
70.9206
70.9206
70.9206
70.9206
70.9206
70.9206
70.9206
70.9206
70.9206
70.9206
70.9206
70.9206
70.9206
70.9206
70.9206
70.9206
70.9206
70.9206
70.9206
70.9206
70.9206
70.9206
70.9206
70.9206
70.9206
70.9206
70.9206
70.9206
70.9206
70.9206
70.9206
70.9206
70.9206
70.9206
70.9206
70.9206
70.9206
70.9206
70.9206
70.9206
70.9206
70.9206
70.9206
70.9206
70.9206
70.9206
70.9206
70.9206
70.9206
70.9206
70.9206
70.9206
70.9206
70.9206
70.9206
70.9206
70.9206
70.9206
70.9206
70.9206
70.9206
70.9206
70.9206
70.9206
70.9206
70.9206
70.9206
70.9206
70.9206
70.9206
70.9206
70.9206
70.9206
70.9206
70.9206
70.9206
70.9206
70.9206
70.9206
70.9206
70.9206
70.9206
70.9206
70.9206
70.9206
70.9206
70.9206
70.9206
70.9206
70.9206
70.9206
70.9206
70.9206
70.9206
70.9206
70.9206
70.9206
70.9206
70.9206
70.9206
70.9206
70.9206
70.9206
70.9206
70.9206
70.9206
70.9206
70.9206
70.9206
70.9206
70.9206
70.9206
70.9206
70.9206
70.9206
70.9206
70.9206
70.9206
70.9206
70.9206
70.9206
70.9206
70.9206
70.9206
70.9206
70.9206
70.9206
70.9206
70.9206
70.9206
70.9206
70.9206
70.9206
70.9206
70.9206
70.9206
70.9206
70.9206
70.9206
70.9206
70.9206
70.9206
70.9206
70.9206
70.9206
70.9206
70.9206
70.9206
70.9206
70.9206
70.9206
70.9206
70.9206
70.9206
70.9206
70.9206
70.9206
70.9206
70.9206
70.9206
70.9206
70.9206
70.9206
70.9206
70.9206
70.9206
70.9206
70.9206
70.9206
70.9206
70.9206
70.9206
70.9206
70.9206
70.9206
70.9206
70.9206
70.9206
70.9206
70.9206
70.9206
70.9206
70.9206
70.9206
70.9206
70.9206
70.9206
70.9206
70.9206
70.9206
70.9206
70.9206
70.9206
70.9206
70.9206
70.9206
70.9206
70.9206
70.9206
70.9206
70.9206
70.9206
70.9206
70.9206
70.9206
70.9206
70.9206
70.9206
70.9206
70.9206
70.9206
70.9206
70.9206
70.9206
70.9206
70.9206
70.9206
70.9206
70.9206
70.9206
70.9206
70.9206
70.9206
70.9206
70.9206
70.9206
70.9206
70.9206
70.9206
70.9206
70.9206
70.9206
70.9206
70.9206
70.9206
70.9206
70.9206
70.9206
70.9206
70.9206
70.9206
70.9206
70.9206
70.9206
70.9206
70.9206
70.9206
70.9206
70.9206
70.9206
70.9206
70.9206
70.9206
70.9206
70.9206
70.9206
70.9206
70.9206
70.9206
70.9206
70.9206
70.9206
70.9206
70.9206
70.9206
70.9206
70.9206
70.9206
70.9206
70.9206
70.9206
70.9206
70.9206
70.9206
70.9206
70.9206
70.9206
70.9206
70.9206
70.9206
70.9206
70.9206
70.9206
70.9206
70.9206
70.9206
70.9206
70.9206
70.9206
70.9206
70.9206
70.9206
70.9206
70.9206
70.9206
70.9206
70.9206
70.9206
70.9206
70.9206
70.9206
70.9206
70.9206
70.9206
70.9206
70.9206
70.9206
70.9206
70.9206
70.9206
70.9206
70.9206
70.9206
70.9206
70.9206
70.9206
70.9206
70.9206
70.9206
70.9206
70.9206
70.9206
70.9206
70.9206
70.9206
70.9206
70.9206
70.9206
70.9206
70.9206
70.9206
70.9206
70.9206
70.9206
70.9206
70.9206
70.9206
70.9206
70.9206
70.9206
70.9206
70.9206
70.9206
70.9206
70.9206
70.9206
70.9206
70.9206
70.9206
70.9206
70.9206
70.9206
70.9206
70.9206
70.9206
70.9206
70.9206
70.9206
70.9206
70.9206
70.9206
70.9206
70.9206
70.9206
70.9206
70.9206
70.9206
70.9206
70.9206
70.9206
70.9206
70.9206
70.9206
70.9206
70.9206
70.9206
70.9206
70.9206
70.9206
70.9206
70.9206
70.9206
70.9206
70.9206
70.9206
70.9206
70.9206
70.9206
70.9206
70.9206
70.9206
70.9206
70.9206
70.9206
70.9206
70.9206
70.9206
70.9206
70.9206
70.9206
70.9206
70.9206
70.9206
70.9206
70.9206
70.9206
70.9206
70.9206
70.9206
70.9206
70.9206
70.9206
70.9206
70.9206
70.9206
70.9206
70.9206
70.9206
70.9206
70.9206
70.9206
70.9206
70.9206
70.9206
70.9206
70.9206
70.9206
70.9206
70.9206
70.9206
70.9206
70.9206
70.9206
70.9206
70.9206
70.9206
70.9206
70.9206
70.9206
70.9206
70.9206
70.9206
70.9206
70.9206
70.9206
70.9206
70.9206
70.9206
70.9206
70.9206
70.9206
70.9206
70.9206
70.9206
70.9206
70.9206
70.9206
70.9206
70.9206
70.9206
70.8037
70.8037
70.8037
70.8037
70.8037
70.8037
70.8037
70.8037
70.8037
70.8037
70.8037
70.8037
70.8037
70.8037
70.8037
70.8037
70.8037
70.8037
70.8037
70.8037
70.8037
70.8037
70.8037
70.8037
70.8037
70.8037
70.8037
70.8037
70.8037
70.8037
70.8037
70.8037
70.8037
70.8037
70.8037
70.8037
70.8037
70.8037
70.8037
70.8037
70.8037
70.8037
70.8037
70.8037
70.8037
70.8037
70.8037
70.8037
70.8037
70.8037
70.8037
70.8037
70.8037
70.8037
70.8037
70.8037
70.8037
70.8037
70.8037
70.8037
70.8037
70.8037
70.8037
70.8037
70.8037
70.8037
70.8037
70.8037
70.8037
70.8037
70.8037
70.8037
70.8037
70.8037
70.8037
70.8037
70.8037
70.8037
70.8037
70.8037
70.8037
70.8037
70.8037
70.8037
70.8037
70.8037
70.8037
70.8037
70.8037
70.8037
70.8037
70.6419
70.6419
70.6419
70.6419
70.6419
70.6419
70.6419
70.6419
70.6419
70.6419
70.6419
70.6419
70.6419
70.6419
70.6419
70.6419
70.6419
70.6419
70.6419
70.6419
70.6419
70.6419
70.6419
70.6419
70.6419
70.6419
70.6419
70.6419
70.6419
70.6419
70.6419
70.6419
70.6419
70.6419
70.6419
70.6419
70.6419
70.6419
70.6419
70.6419
70.6419
70.6419
70.6419
70.6419
70.6419
70.6419
70.6419
70.6419
70.6419
70.6419
70.6419
70.6419
70.6419
70.6316
70.6316
70.6316
70.4044
70.4044
70.4044
70.4044
70.4044
70.4044
70.4044
70.4044
70.4044
70.4044
70.4044
70.4044
70.4044
70.4044
70.4044
70.4044
70.4044
70.4044
70.4044
70.4044
70.4044
70.4044
70.4044
70.4044
70.4044
70.4044
70.4044
70.4044
70.4044
70.4044
70.4044
70.4044
70.4044
70.4044
70.4044
70.4044
70.4044
70.4044
70.4044
70.4044
70.4044
70.4044
70.4044
70.4044
70.4044
70.4044
70.4044
70.4044
70.4044
70.4044
70.4044
70.4044
70.4044
70.4044
70.4044
70.4044
70.4044
70.4044
70.4044
70.4044
70.4044
70.4044
70.4044
70.4044
70.4044
70.4044
70.4044
70.4044
70.4044
70.4044
70.4044
70.4044
70.4044
70.4044
70.4044
70.4044
70.4044
70.4044
70.4044
70.4044
70.4044
70.4044
70.4044
70.4044
70.4044
70.4044
70.4044
70.4044
70.4044
70.4044
70.4044
70.4044
70.4044
70.4044
70.4044
70.4044
70.4044
70.4044
70.4044
70.4044
70.4044
70.4044
70.4044
70.4044
70.4044
70.4044
70.4044
70.4044
70.4044
70.4044
70.4044
70.4044
70.4044
70.4044
70.4044
70.4044
70.4044
70.4044
70.4044
70.4044
70.4044
70.4044
70.4044
70.4044
70.4044
70.4044
70.4044
70.4044
70.4044
70.4044
70.4044
70.4044
70.4044
70.4044
70.4044
70.4044
70.4044
70.4044
70.4044
70.4044
70.4044
70.4044
70.4044
70.4044
70.4044
70.4044
70.4044
70.4044
70.4044
70.4044
70.4044
70.4044
70.4044
70.4044
70.4044
70.4044
70.4044
70.4044
70.4044
70.4044
70.4044
70.4044
70.4044
70.4044
70.4044
70.4044
70.4044
70.4044
70.4044
70.4044
70.4044
70.4044
70.4044
70.4044
70.4044
70.4044
70.4044
70.4044
70.4044
70.4044
70.4044
70.4044
70.4044
70.4044
70.4044
70.4044
70.4044
70.4044
70.4044
70.3641
70.3641
70.3641
70.3641
70.3641
70.3641
70.3641
70.3641
70.3641
70.3641
70.3641
70.3641
70.3641
70.3641
70.3641
70.3641
70.3641
70.3641
70.3641
70.3641
70.3641
70.3641
70.3641
70.3641
70.3641
70.3641
70.3641
70.3641
70.3641
70.3641
70.3641
70.3641
70.3641
70.3641
70.3641
70.3641
70.0774
70.0774
70.0774
70.0774
70.0774
70.0774
70.0774
70.0774
70.0774
70.0774
70.0774
70.0774
70.0774
70.0774
70.0774
70.0774
70.0774
70.0774
70.0774
70.0774
70.0774
70.0774
70.0774
70.0774
70.0774
70.0774
70.0774
70.0774
70.0774
70.0774
70.0774
70.0774
70.0774
70.0774
70.0774
70.0774
70.0774
70.0774
70.0774
70.0774
70.0774
70.0774
70.0774
70.0774
70.0774
70.0774
70.0774
70.0774
70.0774
70.0774
70.0774
70.0774
70.0774
70.0774
70.0774
70.0774
70.0774
70.0774
70.0774
70.0774
70.0774
70.0774
70.0774
70.0774
70.0774
70.0774
70.0774
70.0774
70.0774
70.0774
70.0774
70.0774
70.0774
70.0774
70.0774
70.0774
70.0774
70.0774
70.0774
70.0774
70.0774
70.0774
70.0774
70.0774
70.0774
70.0774
70.0774
70.0774
70.0774
70.0774
70.0774
70.0774
70.0774
70.0774
70.0774
70.0774
70.0774
70.0774
70.0774
70.0774
70.0774
70.0774
70.0774
70.0774
70.0774
70.0774
70.0774
70.0774
70.0774
70.0774
70.0774
70.0774
70.0774
70.0774
70.0774
70.0774
70.0774
70.0774
70.0774
70.0774
70.0774
70.0774
70.0774
70.0774
70.0774
70.0774
70.0774
70.0774
70.0774
70.0774
70.0774
70.0774
70.0774
70.0774
70.0774
70.0774
70.0774
70.0774
70.0774
70.0774
70.0774
70.0774
70.0774
70.0774
70.0774
70.0774
70.0774
70.0774
70.0774
70.0774
70.0774
70.0774
70.0774
70.0774
70.0774
70.0774
70.0774
70.0774
70.0774
70.0774
70.0774
70.0774
70.0774
70.0774
70.0774
70.0774
70.0774
70.0774
70.0774
70.0774
70.0774
70.0774
70.0774
70.0774
70.0774
70.0774
70.0774
70.0774
70.0774
70.0774
70.0774
70.0774
70.0774
70.0774
70.0774
70.0774
70.0774
70.0774
70.0774
70.0774
70.0774
70.0774
70.0774
70.0774
70.0774
70.0774
70.0774
70.0774
70.0774
70.0774
70.0774
70.0774
70.0774
70.0774
70.0774
70.0774
70.0774
70.0774
70.0774
70.0774
70.0774
70.0774
70.0774
70.0774
70.0774
70.0774
70.0774
70.0774
70.0774
70.0774
70.0774
70.0774
70.0774
70.0774
70.0774
70.0774
70.0774
70.0774
70.0774
70.0774
70.0774
70.0774
70.0774
70.0774
70.0774
70.0774
70.0774
70.0774
70.0774
70.0774
70.0774
70.0774
70.0774
70.0774
70.0774
70.0774
70.0774
70.0774
70.0774
70.0774
70.0774
70.0774
70.0774
70.0774
70.0774
70.0774
70.0774
70.0774
70.0578
70.0578
70.0578
70.0578
70.0578
70.0578
70.0578
70.0578
70.0578
70.0578
70.0578
70.0578
70.0578
70.0578
70.0578
70.0578
70.0578
70.0578
70.0578
70.0578
70.0578
70.0578
70.0578
70.0578
70.0578
70.0578
70.0578
70.0578
70.0578
70.0578
70.0578
70.0578
70.0578
70.0578
70.0578
70.0578
70.0578
70.0578
70.0578
70.0578
70.0578
70.0578
70.0578
70.0578
70.0578
70.0578
70.0578
70.0578
70.0578
70.0578
70.0578
70.0578
70.0578
70.0578
70.0578
70.0578
70.0578
70.0578
70.0578
70.0578
70.0578
70.0578
70.0578
70.0578
70.0578
70.0578
70.0578
70.0578
70.0578
70.0578
70.0578
70.0578
70.0578
70.0578
70.0578
70.0578
70.0578
70.0578
70.0578
70.0578
70.0578
70.0578
70.0578
70.0578
70.0578
70.0578
70.0578
70.0578
70.0578
70.0578
70.0578
70.0578
70.0578
70.0578
70.0578
70.0578
70.0578
70.0578
70.0578
70.0578
70.0578
70.0578
70.0578
70.0578
70.0578
70.0578
70.0578
70.0578
70.0578
70.0578
70.0578
70.0578
70.0578
70.0578
70.0578
70.0578
70.0578
70.0578
70.0578
70.0578
70.0578
70.0578
70.0578
70.0578
70.0578
70.0578
70.0578
70.0578
70.0578
70.0578
70.0578
70.0578
70.0578
70.0066
70.0066
70.0066
70.0066
70.0066
70.0066
70.0066
70.0066
70.0066
70.0066
70.0066
70.0066
70.0066
70.0066
70.0066
70.0066
70.0066
70.0066
70.0066
70.0066
70.0066
70.0066
70.0066
70.0066
70.0066
70.0066
70.0066
70.0066
70.0066
70.0066
70.0066
70.0066
70.0066
70.0066
70.0066
70.0066
70.0066
70.0066
70.0066
70.0066
70.0066
70.0066
70.0066
70.0066
70.0066
70.0066
70.0066
70.0066
70.0066
70.0066
70.0066
70.0066
70.0066
70.0066
70.0066
70.0066
70.0066
70.0066
70.0066
70.0066
70.0066
70.0066
70.0066
70.0066
70.0066
70.0066
70.0066
70.0066
70.0066
70.0066
70.0066
70.0066
70.0066
70.0066
70.0066
70.0066
70.0066
70.0066
70.0066
70.0066
70.0066
70.0066
70.0066
70.0066
70.0066
70.0066
70.0066
70.0066
70.0066
70.0066
70.0066
70.0066
70.0066
70.0066
70.0066
70.0066
70.0066
70.0066
70.0066
70.0066
70.0066
70.0066
70.0066
70.0066
70.0066
70.0066
70.0066
70.0066
70.0066
70.0066
70.0066
70.0066
70.0066
70.0066
70.0066
70.0066
70.0066
70.0066
70.0066
70.0066
70.0066
70.0066
70.0066
70.0066
70.0066
70.0066
70.0066
70.0066
70.0066
70.0066
70.0066
70.0066
70.0066
70.0066
70.0066
70.0066
70.0066
70.0066
70.0066
70.0066
70.0066
70.0066
70.0066
70.0066
70.0066
70.0066
70.0066
70.0066
70.0066
70.0066
70.0066
70.0066
70.0066
70.0066
70.0066
70.0066
70.0066
70.0066
70.0066
70.0066
70.0066
70.0066
70.0066
70.0066
70.0066
70.0066
70.0066
70.0066
70.0066
70.0066
70.0066
70.0066
70.0066
70.0066
70.0066
70.0066
70.0066
70.0066
70.0066
70.0066
70.0066
70.0066
70.0066
70.0066
70.0066
70.0066
70.0066
70.0066
70.0066
70.0066
70.0066
70.0066
70.0066
70.0066
70.0066
70.0066
70.0066
70.0066
70.0066
70.0066
70.0066
70.0066
70.0066
70.0066
70.0066
70.0066
70.0066
70.0066
70.0066
70.0066
70.0066
70.0066
70.0066
70.0066
70.0066
70.0066
70.0066
70.0066
70.0066
70.0066
69.6923
69.6923
69.6923
69.6923
69.6923
69.6923
69.6923
69.6923
69.6923
69.6923
69.6923
69.6923
69.6923
69.6923
69.6923
69.6923
69.6923
69.6923
69.6923
69.6923
69.6923
69.6923
69.6923
69.6923
69.6923
69.6923
69.6923
69.6923
69.6923
69.6923
69.6923
69.6923
69.6923
69.6923
69.6923
69.6923
69.6923
69.6923
69.6923
69.6923
69.6923
69.6923
69.6923
69.6923
69.6923
69.6923
69.6923
69.6923
69.6923
69.6923
69.6923
69.6923
69.6923
69.6923
69.6923
69.6923
69.6923
69.6923
69.6923
69.6923
69.6923
69.6923
69.6923
69.6923
69.6923
69.6923
69.6923
69.6923
69.6923
69.6923
69.6923
69.6923
69.6923
69.6923
69.6923
69.6923
69.6923
69.6923
69.6923
69.6923
69.6923
69.6923
69.6923
69.6923
69.6923
69.6923
69.6923
69.6923
69.6923
69.6923
69.6923
69.6923
69.6923
69.6923
69.6923
69.6923
69.6923
69.6923
69.6923
69.6923
69.6923
69.6923
69.6923
69.6923
69.6923
69.6923
69.6923
69.6923
69.6923
69.6923
69.6923
69.6923
69.6923
69.6923
69.6923
69.6923
69.6923
69.6923
69.6923
69.6923
69.6923
69.6923
69.6923
69.6923
69.6923
69.6923
69.6923
69.6923
69.6923
69.6923
69.6923
69.6923
69.6923
69.6923
69.6923
69.6923
69.6923
69.6923
69.6923
69.6923
69.6923
69.6923
69.6923
69.6923
69.6923
69.6923
69.6923
69.6923
69.6923
69.6923
69.6923
69.6923
69.6923
69.6923
69.6923
69.6923
69.6923
69.6923
69.6923
69.6923
69.6923
69.6923
69.6923
69.6923
69.6923
69.6923
69.6923
69.6923
69.6923
69.6923
69.6923
69.6923
69.6923
69.6923
69.6923
69.6923
69.6923
69.6923
69.6923
69.6923
69.6923
69.6923
69.6923
69.6923
69.6923
69.6923
69.6923
69.6923
69.6923
69.6923
69.6923
69.6923
69.6923
69.6923
69.6923
69.6923
69.6923
69.6923
69.6923
69.6923
69.6923
69.6923
69.6923
69.6923
69.6923
69.6923
69.6923
69.6923
69.6923
69.6923
69.6923
69.6923
69.6923
69.6923
69.6923
69.6923
69.6923
69.6923
69.6923
69.6923
69.6923
69.6923
69.6923
69.6923
69.6923
69.6923
69.6923
69.6923
69.6923
69.6923
69.6923
69.6923
69.6923
69.6923
69.6923
69.6923
69.6923
69.6923
69.6923
69.6923
69.6923
69.6923
69.6923
69.6923
69.6923
69.6923
69.6923
69.6923
69.6923
69.6923
69.6923
69.6923
69.6923
69.6923
69.6923
69.6923
69.6923
69.6923
69.6923
69.6923
69.6923
69.6923
69.6923
69.6923
69.6923
69.6923
69.6923
69.6923
69.6923
69.6923
69.6923
69.6923
69.6923
69.6923
69.6923
69.6923
69.6923
69.6923
69.6923
69.6923
69.6923
69.6923
69.6923
69.6923
69.6923
69.6923
69.6923
69.6923
69.6923
69.6923
69.6923
69.6923
69.6923
69.6923
69.6923
69.6923
69.6923
69.6923
69.6923
69.6923
69.6923
69.6923
69.6923
69.6923
69.6923
69.6923
69.6923
69.6923
69.6923
69.6923
69.6923
69.6923
69.6923
69.6923
69.6923
69.6923
69.6923
69.6923
69.6923
69.6923
69.6923
69.6923
69.6923
69.6923
69.6923
69.6923
69.6923
69.6923
69.6923
69.6923
69.6923
69.6923
69.6923
69.6923
69.6923
69.6923
69.6923
69.6923
69.6923
69.6923
69.6923
69.6923
69.6923
69.6923
69.6923
69.6923
69.6923
69.6923
69.6923
69.6923
69.6923
69.6923
69.6923
69.6923
69.6923
69.6923
69.6923
69.6923
69.6923
69.6923
69.6923
69.6923
69.6923
69.6923
69.6923
69.6923
69.6923
69.6923
69.6923
69.6923
69.6923
69.6923
69.6923
69.6923
69.6923
69.6923
69.6923
69.6923
69.6923
69.6923
69.6923
69.6923
69.6923
69.6923
69.6923
69.6923
69.6923
69.6923
69.6923
69.6923
69.6923
69.6923
69.6923
69.6923
69.6923
69.6923
69.6923
69.6923
69.6923
69.6923
69.6923
69.6923
69.6923
69.6923
69.6923
69.6923
69.6923
69.6923
69.6923
69.6923
69.6923
69.6923
69.6923
69.6923
69.6923
69.6923
69.6923
69.6923
69.6923
69.6923
69.6923
69.6923
69.6923
69.6923
69.6923
69.6923
69.6923
69.6923
69.6923
69.6923
69.6923
69.6923
69.6923
69.6923
69.6923
69.6923
69.6923
69.6923
69.6923
69.6923
69.6923
69.6923
69.6923
69.6923
69.6923
69.6923
69.6923
69.6923
69.6923
69.6923
69.6923
69.6923
69.6923
69.6923
69.6923
69.6923
69.6923
69.6923
69.6923
69.6923
69.6923
69.6923
69.6923
69.6923
69.6923
69.6923
69.6923
69.6923
69.6923
69.6923
69.6923
69.6923
69.6923
69.6923
69.6923
69.6923
69.6923
69.6923
69.6923
69.6923
69.6923
69.6923
69.6923
69.6923
69.6923
69.6923
69.6923
69.6923
69.6923
69.6923
69.6923
69.6923
69.6923
69.6923
69.6923
69.6923
69.6923
69.6923
69.6923
69.6923
69.6923
69.6923
69.6923
69.6923
69.6923
69.6923
69.6923
69.6923
69.6923
69.6923
69.6923
69.6923
69.6923
69.6923
69.6923
69.6923
69.6923
69.6923
69.6923
69.6923
69.6923
69.6923
69.6923
69.6923
69.6923
69.6923
69.6923
69.6923
69.6923
69.6923
69.6923
69.6923
69.6923
69.6923
69.6923
69.6923
69.6923
69.6923
69.6923
69.6923
69.6923
69.6923
69.6923
69.6923
69.6923
69.6923
69.6923
69.6923
69.6923
69.6923
69.6923
69.6923
69.6923
69.6923
69.6923
69.6923
69.6923
69.6923
69.6923
69.6923
69.6923
69.6923
69.6923
69.6923
69.6923
69.6923
69.6923
69.6923
69.6923
69.6923
69.6923
69.6923
69.6923
69.6923
69.6923
69.6923
69.6923
69.6923
69.6923
69.6923
69.6923
69.6923
69.6923
69.6923
69.6923
69.6923
69.6923
69.6923
69.6923
69.6923
69.6923
69.6923
69.6923
69.6923
69.6923
69.6923
69.6923
69.6923
69.6923
69.6923
69.6923
69.6923
69.6923
69.6923
69.6923
69.6923
69.6923
69.6923
69.6923
69.6923
69.6923
69.6923
69.6923
69.6923
69.6923
69.6923
69.6923
69.6923
69.6923
69.6923
69.6923
69.6923
69.6923
69.6923
69.6923
69.6923
69.6923
69.6923
69.6923
69.6923
69.6923
69.6923
69.6923
69.6923
69.6923
69.6923
69.6923
69.6923
69.6923
69.6923
69.6923
69.6923
69.6923
69.6923
69.6923
69.6923
69.6923
69.6923
69.6923
69.6923
69.6923
69.6923
69.6923
69.6923
69.6923
69.6923
69.6923
69.6923
69.6923
69.6923
69.6923
69.6923
69.6923
69.6923
69.6923
69.6923
69.6923
69.6923
69.6923
69.6923
69.6923
69.6923
69.6923
69.6923
69.6923
69.6923
69.6923
69.6923
69.6923
69.6923
69.6923
69.6923
69.6923
69.6923
69.6923
69.6923
69.6923
69.6923
69.6923
69.6923
69.6923
69.6923
69.6923
69.6923
69.6923
69.6923
69.6923
69.6923
69.6923
69.6923
69.6923
69.6923
69.6923
69.6923
69.6923
69.6923
69.6923
69.6923
69.6923
69.6923
69.6923
69.6923
69.6923
69.6923
69.6923
69.6923
69.6923
69.6923
69.6923
69.6923
69.6923
69.6923
69.6923
69.6923
69.6923
69.6923
69.6923
69.6923
69.6923
69.6923
69.6923
69.6923
69.6923
69.6923
69.6923
69.6923
69.6923
69.6923
69.6923
69.6923
69.6923
69.6923
69.6923
69.6923
69.6923
69.6923
69.6923
69.6923
69.6923
69.6923
69.6923
69.6923
69.6923
69.6923
69.6923
69.6923
69.6923
69.6923
69.6923
69.6923
69.6923
69.6923
69.6923
69.6923
69.6923
69.6923
69.6923
69.6923
69.6923
69.6923
69.6923
69.6923
69.6923
69.6923
69.6923
69.6923
69.6923
69.6923
69.6923
69.6923
69.6923
69.6923
69.6923
69.6923
69.6923
69.6923
69.6923
69.6923
69.6923
69.6923
69.6923
69.6923
69.6923
69.6923
69.6923
69.6923
69.6923
69.6923
69.6923
69.6923
69.6923
69.6923
69.6923
69.6923
69.6923
69.6923
69.6923
69.6923
69.6923
69.6923
69.6923
69.6923
69.6923
69.6923
69.6923
69.6923
69.6923
69.6923
69.6923
69.6923
69.6923
69.6923
69.6923
69.6923
69.6923
69.6923
69.6923
69.6923
69.6923
69.6923
69.6923
69.6923
69.6923
69.6923
69.6923
69.6923
69.6923
69.6923
69.6923
69.6923
69.6923
69.6923
69.6923
69.6923
69.6923
69.6923
69.6923
69.6923
69.6923
69.6923
69.6923
69.6923
69.6923
69.6923
69.6923
69.6923
69.6923
69.6923
69.6923
69.6923
69.6923
69.6923
69.6923
69.6923
69.6923
69.6923
69.6923
69.6923
69.6923
69.6923
69.6923
69.6923
69.6923
69.6923
69.6923
69.6923
69.6923
69.6923
69.6923
69.6923
69.6923
69.6923
69.6923
69.6923
69.6923
69.6923
69.6923
69.6923
69.6923
69.6923
69.6923
69.6923
69.6923
69.6923
69.6923
69.6923
69.6923
69.6923
69.6923
69.6923
69.6923
69.6923
69.6923
69.6923
69.6923
69.6923
69.6923
69.6923
69.6923
69.6923
69.6923
69.6923
69.6923
69.6923
69.6923
69.6923
69.6923
69.6923
69.6923
69.6923
69.6923
69.6923
69.6923
69.6923
69.6923
69.6923
69.6923
69.6923
69.6923
69.6923
69.6923
69.6923
69.6923
69.6923
69.6923
69.6923
69.6923
69.6923
69.6923
69.6923
69.6923
69.6923
69.6923
69.6923
69.6923
69.6923
69.6923
69.6923
69.6923
69.6923
69.6923
69.6923
69.6923
69.6923
69.6923
69.6923
69.6923
69.6923
69.6923
69.6923
69.6923
69.6923
69.6923
69.6923
69.6923
69.6923
69.6923
69.6923
69.6923
69.6923
69.6923
69.6923
69.6923
69.6923
69.6923
69.6923
69.3849
69.3849
69.3849
69.3849
69.3849
69.3849
69.3849
69.3849
69.3849
69.3849
69.3849
69.3849
69.3849
69.3849
69.3849
69.3849
69.3849
69.3849
69.3849
69.3849
69.3849
69.3849
69.3849
69.3849
69.3849
69.2944
69.2944
69.2944
69.2944
69.2944
69.2944
69.2944
69.2944
69.2944
69.2944
69.2944
69.2944
69.2944
69.2944
69.2944
69.2944
69.2944
69.2944
69.2944
69.2944
69.2944
69.2944
69.2944
69.2944
69.2944
69.2944
69.2944
69.2944
69.2944
69.2944
69.2944
69.2944
69.2944
69.2944
69.2944
69.2944
69.2944
69.2944
69.2944
69.2944
69.2944
69.2944
69.2944
69.2944
69.2944
69.2944
69.2944
69.2944
69.2944
69.2944
69.2944
69.2944
69.2944
69.2944
69.2944
69.2944
69.2944
69.2944
69.2944
69.2944
69.2944
69.2944
69.2944
69.2944
69.2944
69.2944
69.2944
69.2944
69.2944
69.2944
69.2944
69.2944
69.2944
69.2944
69.2944
69.2944
69.2944
69.2944
69.2944
69.2944
69.2944
69.2944
69.2944
69.2944
69.2944
69.2944
69.2944
69.2944
69.2944
69.2944
69.2944
69.2944
69.2944
69.2944
69.2944
69.2944
69.2944
69.2944
69.2944
69.2944
69.2944
69.2944
69.2944
69.2944
69.2944
69.2944
69.2944
69.2944
69.2944
69.2944
69.2944
69.2944
69.2944
69.2944
69.2944
69.2944
69.2944
69.2944
69.2944
69.2944
69.2944
69.2944
69.2944
69.2944
69.2944
69.2944
69.2944
69.2944
69.2944
69.2944
69.2944
69.2944
69.2944
69.2944
69.2944
69.2944
69.2944
69.2944
69.2944
69.2944
69.2944
69.2944
69.2944
69.2944
69.2944
69.2944
69.2944
69.2944
69.2944
69.2944
69.2944
69.2944
69.2944
69.2944
69.2944
69.2944
69.2944
69.2944
69.2944
69.2944
69.2944
69.2944
69.2944
69.2944
69.2944
69.2944
69.2944
69.2944
69.2944
69.2944
69.2944
69.2944
69.2944
69.2944
69.2944
69.2944
69.2944
69.2944
69.2944
69.2944
69.2944
69.2944
69.2944
69.2944
69.2944
69.2944
69.2944
69.2944
69.2944
69.2944
69.2944
69.2944
69.2944
69.2944
69.2944
69.2944
69.2944
69.2944
69.2944
69.2944
69.2944
69.2944
69.2944
69.2944
69.2944
69.2944
69.2944
69.2944
69.2944
69.2944
69.2944
69.2944
69.2944
69.2944
69.2944
69.2944
69.2944
69.2944
69.2944
69.2944
69.2944
69.2944
69.2944
69.2944
69.2944
69.2944
69.2944
69.2944
69.2944
69.2944
69.2944
69.2944
69.2944
69.2944
69.2944
69.2944
69.2944
69.2944
69.2944
69.2944
69.2944
69.2944
69.2944
69.2944
69.2944
69.2944
69.2944
69.2944
69.2944
69.2944
69.2944
69.2944
69.2944
69.2944
69.2944
69.2944
69.2944
69.2944
69.2944
69.2944
69.2944
69.2944
69.2944
69.2944
69.2944
69.2944
69.2944
69.2944
69.2944
69.2944
69.2944
69.2944
69.2944
69.2944
69.2944
69.2944
69.2944
69.2944
69.2944
69.2944
69.2944
69.2944
69.2944
69.2944
69.2944
69.2944
69.2944
69.2944
69.2944
69.2944
69.2944
69.2944
69.2944
69.2944
69.2944
69.2944
69.2944
69.2944
69.2944
69.2944
69.2944
69.2944
69.2944
69.2944
69.2944
69.2944
69.2944
69.2944
69.2944
69.2944
69.2944
69.2944
69.2944
69.2944
69.2944
69.2944
69.2944
69.2944
69.2944
69.2944
69.2944
69.2944
69.2944
69.2944
69.2944
69.2944
69.2944
69.2944
69.2944
69.2944
69.2944
69.2944
69.2944
69.2944
69.2944
69.2944
69.2944
69.2944
69.2944
69.2944
69.2944
69.2944
69.2944
69.2944
69.2944
69.2944
69.2944
69.2944
69.2944
69.2944
69.2944
69.2944
69.2944
69.2944
69.2944
69.2944
69.2944
69.2944
69.2944
69.2944
69.2944
69.2944
69.2944
69.2944
69.2944
69.2944
69.2944
69.2944
69.2944
69.2944
69.2944
69.2944
69.2944
69.2944
69.2944
69.2944
69.2944
69.2944
69.2944
69.2944
69.2944
69.2944
69.2944
69.2944
69.2944
69.2944
69.2944
69.2944
69.2944
69.2944
69.2944
69.2944
69.2944
69.2944
69.2944
69.2944
69.2944
69.2944
69.2944
69.2944
69.2944
69.2944
69.2944
69.2944
69.2944
69.2944
69.2944
69.2944
69.2944
69.2944
69.2944
69.2944
69.2944
69.2944
69.2944
69.2944
69.2944
69.2944
69.2944
69.2944
69.2944
69.2944
69.2944
69.2944
69.2944
69.2944
69.2944
69.2944
69.2944
69.2944
69.2944
69.2944
69.2944
69.2944
69.2944
69.2944
69.2944
69.2944
69.2944
69.2944
69.2944
69.2944
69.2944
69.2944
69.2944
69.2944
69.2944
69.2944
69.2944
69.2944
69.2944
69.2944
69.2944
69.2944
69.2944
69.2944
69.2944
69.2944
69.2944
69.2944
69.2944
69.2944
69.2944
69.2944
69.2944
69.2944
69.2944
69.2944
69.2944
69.2944
69.2944
69.2944
69.2944
69.2944
69.2944
69.2944
69.2944
69.2944
69.2944
69.2944
69.2944
69.2944
69.2944
69.2944
69.2944
69.2944
69.2944
69.2944
69.2944
69.2944
69.2944
69.2944
69.2944
69.2944
69.2944
69.2944
69.2944
69.2944
69.2944
69.2944
69.2944
69.2944
69.2944
69.2944
69.2944
69.2944
69.2944
69.2944
69.2944
69.2944
69.2944
69.2944
69.2944
69.2944
69.2944
69.2944
69.2944
69.2944
69.2944
69.2944
69.2944
69.2944
69.2944
69.2944
69.2944
69.2944
69.2944
69.2944
69.2944
69.2944
69.2944
69.2944
69.2944
69.2944
69.2944
69.2944
69.2944
69.2944
69.2944
69.2944
69.2944
69.2944
69.2944
69.2944
69.2944
69.2944
69.2944
69.2944
69.2944
69.2944
69.2944
69.2944
69.2944
69.2944
69.2944
69.2944
69.2944
69.2944
69.2944
69.2944
69.2944
69.2944
69.2944
69.2944
69.2944
69.2944
69.2944
69.2944
69.2944
69.2944
69.2944
69.2944
69.2944
69.2944
69.2944
69.2944
69.2944
69.2944
69.2944
69.2944
69.2944
69.2944
69.2944
69.2944
69.2944
69.2944
69.2944
69.2944
69.2944
69.2944
69.2944
69.2944
69.2944
69.2944
69.2944
69.2944
69.2944
69.2944
69.2944
69.2944
69.2944
69.2944
69.2944
69.2944
69.2944
69.2944
69.2944
69.2944
69.2944
69.2944
69.2944
69.2944
69.2944
69.2944
69.2944
69.2944
69.2944
69.2944
69.2944
69.2944
69.2944
69.2944
69.2944
69.2944
69.2944
69.2944
69.2944
69.2944
69.2944
69.2944
69.2944
69.2944
69.2944
69.2944
69.2944
69.2944
69.2944
69.2944
69.2944
69.2944
69.2944
69.2944
69.2944
69.2944
69.2944
69.2944
69.2944
69.2944
69.2944
69.2944
69.2944
69.2944
69.2944
69.2944
69.2944
69.2944
69.2944
69.2944
69.2944
69.2944
69.2944
69.2944
69.2944
69.2944
69.2944
69.2944
69.2944
69.2944
69.2944
69.2944
69.2944
69.2944
69.2944
69.2944
69.2944
69.2944
69.2944
69.2944
69.2944
69.2944
69.2944
69.2944
69.2944
69.2944
69.2944
69.2944
69.2944
69.2944
69.2944
69.2944
69.2944
69.2944
69.2944
69.2944
69.2944
69.2944
69.2944
69.2944
69.2944
69.2944
69.2944
69.2944
69.2944
69.2944
69.2944
69.2944
69.2944
69.2944
69.2944
69.2944
69.2944
69.2944
69.2944
69.2944
69.2944
69.2944
69.2944
69.2944
69.2944
69.2944
69.2944
69.2944
69.2944
69.2944
69.2944
69.2944
69.2944
69.2944
69.2944
69.2944
69.2944
69.2944
69.2944
69.2944
69.2944
69.2944
69.2944
69.2944
69.2944
69.2944
69.2944
69.2944
69.2944
69.2944
69.2944
69.2944
69.2944
69.2944
69.2944
69.2944
69.2944
69.2944
69.2944
69.2944
69.2944
69.2944
69.2944
69.2944
69.2944
69.2944
69.2944
69.2944
69.2944
69.2944
69.2944
69.2944
69.2944
69.2944
69.2944
69.2944
69.2944
69.2944
69.2944
69.2944
69.2944
69.2944
69.2944
69.2944
69.2944
69.2944
69.2944
69.2944
69.2944
69.2944
69.2944
69.2944
69.2944
69.2944
69.2944
69.2944
69.2944
69.2944
69.2944
69.2944
69.2944
69.2944
69.2944
69.2944
69.2944
69.2944
69.2944
69.2944
69.2944
69.2944
69.2944
69.2944
69.2944
69.2944
69.2944
69.2944
69.2944
69.2944
69.2944
69.2944
69.2944
69.2944
69.2944
69.2944
69.2944
69.2944
69.2944
69.2944
69.2944
69.2944
69.2944
69.2944
69.2944
69.2944
69.2944
69.2944
69.2944
69.2944
69.2944
69.2944
69.2944
69.2944
69.2944
69.2944
69.2944
69.2944
69.2944
69.2944
69.2944
69.2944
69.2944
69.2944
69.2944
69.2944
69.2944
69.2944
69.2944
69.2944
69.2944
69.2944
69.2944
69.2944
69.2944
69.2944
69.2944
69.2944
69.2944
69.2944
69.2944
69.2944
69.2944
69.2944
69.2944
69.2944
69.2944
69.2944
69.2944
69.2944
69.2944
69.2944
69.2944
69.2944
69.2944
69.2944
69.2944
69.2944
69.2944
69.2944
69.2944
69.2944
69.2944
69.2944
69.2944
69.2944
69.2944
69.2944
69.2944
69.2944
69.2944
69.2944
69.2944
69.2944
69.2944
69.2944
69.2944
69.2944
69.2944
69.2944
69.2944
69.2944
69.2944
69.2944
69.2944
69.2944
69.2944
69.2944
69.2944
69.2944
69.2944
69.2944
69.2944
69.2944
69.2944
69.2944
69.2944
69.2944
69.2944
69.2048
69.2048
69.2048
69.2048
69.2048
69.2048
69.2048
69.2048
69.2048
69.2048
69.2048
69.2048
69.2048
69.2048
69.2048
69.2048
69.2048
69.2048
69.2048
69.2048
69.2048
69.2048
69.2048
69.2048
69.2048
69.2048
69.2048
69.2048
69.2048
69.2048
69.2048
69.2048
69.2048
69.2048
69.2048
69.2048
69.2048
69.2048
69.2048
69.2048
69.2048
69.2048
69.2048
69.2048
69.2048
69.2048
69.2048
69.2048
69.2048
69.2048
69.2048
69.2048
69.2048
69.2048
69.2048
69.2048
69.2048
69.2048
69.2048
69.2048
69.2048
69.2048
69.2048
69.2048
69.2048
69.2048
69.2048
69.2048
69.2048
69.2048
69.2048
69.2048
69.2048
69.2048
69.2048
69.2048
69.2048
69.2048
69.2048
69.2048
69.2048
69.2048
69.2048
69.2048
69.2048
69.2048
69.2048
69.2048
69.2048
69.2048
69.2048
69.2048
69.2048
69.2048
69.2048
69.2048
69.2048
69.2048
69.2048
69.2048
69.2048
69.2048
69.2048
69.2048
69.2048
69.2048
69.2048
69.2048
69.2048
69.2048
69.2048
69.2048
69.2048
69.2048
69.2048
69.2048
69.2048
69.2048
69.2048
69.2048
69.2048
69.2048
69.2048
69.2048
69.2048
69.2048
69.2048
69.2048
69.2048
69.2048
69.2048
69.2048
69.2048
69.2048
69.2048
69.2048
69.2048
69.2048
69.2048
69.2048
69.2048
69.2048
69.2048
69.2048
69.2048
69.2048
69.2048
69.2048
69.2048
69.2048
69.2048
69.2048
69.2048
69.2048
69.2048
69.2048
69.2048
69.2048
69.2048
69.2048
69.2048
69.2048
69.2048
69.2048
69.2048
69.2048
69.2048
69.2048
69.2048
69.2048
69.2048
69.2048
69.2048
69.2048
69.2048
69.2048
69.2048
69.2048
69.2048
69.2048
69.2048
69.2048
69.2048
69.2048
69.2048
69.2048
69.2048
69.2048
69.2048
69.2048
69.2048
69.2048
69.2048
69.2048
69.2048
69.2048
69.2048
69.2048
69.2048
69.2048
69.2048
69.2048
69.2048
69.2048
69.2048
69.2048
69.2048
69.2048
69.2048
69.2048
69.2048
69.2048
69.2048
69.2048
69.2048
69.2048
69.2048
69.2048
69.2048
69.2048
69.2048
69.2048
69.2048
69.2048
69.2048
69.2048
69.2048
69.2048
69.2048
69.2048
69.2048
69.2048
69.2048
69.2048
69.2048
69.2048
69.2048
69.2048
69.2048
69.2048
69.2048
69.2048
69.2048
69.2048
69.2048
69.2048
69.2048
69.2048
69.2048
69.2048
69.2048
69.2048
69.2048
69.2048
69.2048
69.2048
69.2048
69.2048
69.2048
69.2048
69.2048
69.2048
69.2048
69.2048
69.2048
69.2048
69.2048
69.2048
69.2048
69.2048
69.2048
69.2048
69.2048
69.2048
69.2048
69.2048
69.2048
69.2048
69.2048
69.2048
69.2048
69.2048
69.2048
69.2048
69.2048
69.2048
69.2048
69.2048
69.2048
69.2048
69.2048
69.2048
69.2048
69.2048
69.2048
69.2048
69.2048
69.2048
69.2048
69.2048
69.2048
69.2048
69.2048
69.2048
69.2048
69.2048
69.2048
69.2048
69.2048
69.2048
69.2048
69.2048
69.2048
69.2048
69.2048
69.2048
69.2048
69.2048
69.2048
69.2048
69.2048
69.2048
69.2048
69.2048
69.2048
69.2048
69.2048
69.2048
69.2048
69.2048
69.2048
69.2048
69.2048
69.2048
69.2048
69.2048
69.2048
69.2048
69.2048
69.2048
69.2048
69.2048
69.2048
69.2048
69.2048
69.2048
69.2048
69.2048
69.2048
69.2048
69.2048
69.2048
69.2048
69.2048
69.2048
69.2048
69.2048
69.2048
69.2048
69.2048
69.2048
69.2048
69.2048
69.2048
69.2048
69.2048
69.2048
69.2048
69.2048
69.2048
69.2048
69.2048
69.2048
69.2048
69.2048
69.2048
69.2048
69.2048
69.2048
69.2048
69.2048
69.2048
69.2048
69.2048
68.8709
68.8709
68.8709
68.8709
68.8709
68.8709
68.8709
68.8709
68.8709
68.8709
68.8709
68.8709
68.8709
68.8709
68.8709
68.8709
68.8709
68.8709
68.8709
68.8709
68.8709
68.8709
68.8709
68.8709
68.8709
68.8709
68.8709
68.8709
68.8709
68.8709
68.8709
68.8709
68.8709
68.8709
68.8709
68.8709
68.8709
68.8709
68.8709
68.8709
68.8709
68.8709
68.8709
68.8709
68.8709
68.8709
68.8709
68.8709
68.8709
68.8709
68.8709
68.8709
68.8709
68.8709
68.8709
68.8709
68.8709
68.8709
68.8709
68.8709
68.8709
68.8709
68.8709
68.8709
68.8709
68.8709
68.8709
68.8709
68.8709
68.8709
68.8709
68.8709
68.8709
68.8709
68.8709
68.8709
68.8709
68.8709
68.8709
68.8709
68.8709
68.8709
68.8709
68.8709
68.8709
68.8709
68.8709
68.8709
68.8709
68.8709
68.8709
68.8709
68.8709
68.8709
68.8709
68.8709
68.8709
68.8709
68.8709
68.8709
68.8709
68.8709
68.8709
68.8709
68.8709
68.8709
68.8709
68.8709
68.8709
68.8709
68.8709
68.8709
68.8709
68.8709
68.8709
68.8709
68.8709
68.8709
68.8709
68.8709
68.8709
68.8709
68.8709
68.8709
68.8709
68.8709
68.8709
68.8709
68.8709
68.8709
68.8709
68.8709
68.8709
68.8709
68.8709
68.8709
68.8709
68.8709
68.8709
68.8709
68.8709
68.8709
68.8709
68.8709
68.8709
68.8709
68.8709
68.8709
68.8709
68.8709
68.8709
68.8709
68.8709
68.8709
68.8709
68.8709
68.8709
