448.988
448.988
429.605
415.367
409.773
400.359
393.009
393.009
389.613
388.253
388.253
385.545
373.714
373.714
367.886
367.784
350.554
346.915
346.915
344.117
344.107
343.713
341.58
337.528
337.528
333.297
332.916
322.722
322.446
321.329
318.912
304.425
304.425
304.425
298.304
297.965
297.965
296.332
291.879
291.879
291.879
288.105
288.105
286.471
286.471
286.086
285.946
283.583
283.44
276.335
273.529
270.35
270.35
266.293
266.293
258.523
258.523
258.523
258.456
251.424
251.424
251.182
248.05
243.979
243.979
243.552
242.38
240.605
240.605
240.065
235.876
235.876
235.876
235.654
234.925
230.303
230.303
228.445
228.266
225.508
225.508
225.508
225.508
224.096
223.455
222.394
222.199
216.166
216.166
216.166
215.573
215.492
213.402
213.402
211.933
211.856
211.856
210.705
208.732
208.732
208.732
208.732
208.732
208.732
205.657
205.051
204.428
200.842
200.842
200.842
200.786
200.585
200.585
199.436
199.436
199.436
196.447
196.447
196.447
195.759
194.984
194.984
194.853
194.853
194.853
193.017
193.017
192.886
189.213
189.213
189.213
189.213
188.475
188.143
188.143
187.737
180.671
180.671
180.671
180.671
180.671
179.681
179.681
179.681
179.681
178.734
178.734
178.734
177.831
176.894
176.894
176.894
176.894
176.894
174.136
174.136
174.136
173.685
173.685
173.685
173.675
173.423
173.423
172.552
172.552
172.551
169.564
169.564
169.564
169.564
169.14
168.485
167.981
167.981
167.981
167.975
167.339
167.339
166.686
166.686
165.907
165.893
165.803
165.803
165.366
164.931
164.931
164.702
164.239
164.239
164.239
164.239
164.239
163.921
163.921
162.625
161.194
161.194
161.178
160.552
160.552
159.342
159.342
159.342
159.342
158.585
158.585
157.095
157.095
157.095
156.402
156.402
156.094
153.433
153.433
153.433
153.433
153.433
153.333
153.333
153.269
153.269
152.302
152.302
152.302
151.812
151.812
151.812
151.66
151.417
151.417
150.312
150.312
150.312
145.904
145.904
145.904
145.811
145.811
145.811
145.811
144.354
144.354
144.354
144.354
144.344
143.414
142.548
142.548
142.548
142.548
142.548
142.386
142.339
140.087
140.087
139.878
139.878
138.394
138.394
138.299
138.299
138.299
138.299
138.263
138.263
137.262
137.159
137.159
137.159
137.053
137.053
136.568
134.137
134.137
134.137
134.137
134.137
133.674
133.674
132.74
132.74
132.74
132.74
131.949
131.949
131.589
131.589
131.398
131.398
131.398
131.398
131.381
131.381
131.381
131.381
131.381
131.038
131.038
131.038
130.391
130.374
130.374
130.004
129.783
129.783
129.783
129.783
129.783
129.783
128.926
128.926
128.926
128.803
128.803
128.803
128.803
128.372
128.372
128.372
128.367
124.045
124.045
124.045
124.045
124.045
124.045
124.045
124.045
124.045
124.045
124.045
124.045
124.026
123.873
123.609
122.517
122.517
122.517
122.517
122.517
122.517
122.517
122.073
121.453
121.453
119.738
119.738
119.738
119.738
119.047
119.047
119.047
119.047
119.047
119.047
119.029
119.029
118.707
118.639
118.639
117.878
117.878
117.878
117.878
117.878
117.878
117.878
117.859
117.273
117.273
116.792
116.792
116.792
116.792
116.792
116.792
116.792
116.792
116.792
116.792
115.901
115.901
115.901
115.901
115.782
115.782
115.782
114.59
114.59
114.282
114.282
114.282
114.282
114.282
114.282
114.282
114.282
114.169
114.169
112.47
112.47
112.47
112.434
111.123
111.123
111.123
111.123
111.01
111.01
110.625
110.625
110.467
110.467
110.467
109.93
109.93
109.93
109.93
109.93
109.924
109.066
109.066
109.066
109.066
109.055
108.227
107.15
107.15
107.15
107.15
107.15
106.311
106.311
106.311
106.311
106.311
106.311
106.311
105.696
105.696
105.696
105.696
105.189
105.189
105.189
105.189
105.189
105.189
105.091
103.653
103.653
103.653
103.653
103.563
103.563
103.563
103.224
103.035
103.035
102.481
102.481
102.481
102.481
102.481
102.481
102.481
102.481
102.481
101.414
101.143
101.143
101.143
101.143
101.143
101.143
100.714
100.714
100.714
100.714
100.714
100.714
99.1887
99.1887
99.1887
99.1887
99.0765
99.0765
98.6753
98.6753
98.6753
98.6753
98.6753
98.0964
98.0964
98.0964
98.0964
97.4912
97.4912
97.4912
97.4912
97.4912
97.4013
97.4013
97.3985
97.1046
97.1046
97.1046
96.8952
96.8952
96.8952
96.8952
96.8952
96.8952
96.8952
96.8952
96.8952
96.8952
96.8952
96.8952
96.8952
96.5871
96.5871
96.5871
96.5305
96.5305
96.5305
96.5305
96.5305
96.5305
96.5305
96.5305
96.5305
96.4972
96.4972
96.4972
96.4972
96.4972
96.4972
96.4972
96.3851
96.3851
96.3851
96.3851
96.3851
96.3851
96.3851
96.3851
96.3851
96.3851
96.3851
96.3073
96.3073
96.3073
96.134
95.0431
95.0431
95.0431
95.0431
95.0431
95.0431
95.0431
95.0431
95.0431
95.0376
95.0376
95.0376
94.2416
94.2416
94.2416
94.2416
94.2416
94.2416
94.2416
94.2416
94.1181
94.1181
93.9782
93.9782
93.9782
93.9782
93.9782
93.9782
93.8494
93.7589
93.6108
93.6108
93.6108
93.6108
93.6108
93.1903
93.1903
93.1903
92.7606
92.7606
92.7606
92.7606
91.7448
91.7448
91.7448
91.7448
91.7448
91.0152
91.0152
91.0152
91.0152
91.0152
91.0152
90.8607
90.8607
90.8607
90.8607
90.8607
90.8607
90.8607
90.8607
90.8607
90.8607
90.8607
90.8607
90.8607
90.8607
90.8607
90.8607
90.8607
90.8607
90.8607
90.8607
90.6877
90.5911
90.5911
90.5911
90.5911
90.5911
90.5911
90.5911
90.5911
90.5344
90.5344
90.5344
90.5344
90.5344
90.5344
90.5344
90.5344
90.5344
89.7489
89.7489
89.7489
89.7489
89.7489
89.7489
89.7489
89.7489
89.7489
89.7489
89.7489
89.7489
89.7489
89.7489
89.4794
88.9162
88.9162
88.6467
88.6467
88.2299
88.2299
88.2299
88.2299
88.2299
88.2299
88.2299
88.2299
88.2299
88.2299
87.979
87.9702
87.9702
87.9702
87.9702
87.9702
87.9702
87.9702
87.9702
87.9702
87.9702
87.9702
87.9702
87.9702
87.9702
87.9702
87.9702
87.9702
87.7193
87.7193
87.7193
87.7193
87.7193
87.7193
87.7193
87.7193
87.7193
87.7193
87.7193
87.7193
87.7089
87.7089
87.7089
87.7089
87.7089
86.1888
86.1888
86.1888
86.1888
85.5587
85.5587
85.5587
85.5587
85.5587
85.5587
85.5587
85.5587
85.5587
85.5587
85.5587
85.5587
85.5587
85.5587
85.5587
84.9998
84.9998
84.9998
84.9706
84.9706
84.9706
84.3936
84.3936
84.3936
84.3936
83.72
83.72
83.4612
83.4612
83.4612
83.4612
83.4612
83.4045
83.4045
83.4045
83.4045
83.4045
83.4045
83.4045
83.4045
83.4045
83.4045
83.4045
83.4045
83.4045
83.4045
83.4045
83.4045
83.4045
83.0174
83.0174
82.408
82.408
82.408
82.408
82.408
82.408
82.2451
82.2451
82.1472
82.1472
82.1472
82.1472
82.1472
82.1472
82.1472
82.1472
82.1472
82.1472
82.0879
82.0879
82.0879
82.0775
82.0775
82.0775
82.0775
82.0775
82.0775
82.0775
81.8242
81.8242
81.8242
81.8242
81.8242
81.8242
81.8242
81.8242
81.8242
81.8242
81.8242
81.8242
81.8242
81.8242
81.8242
81.8242
81.8242
81.8242
81.8242
81.8242
81.8242
81.8242
81.8242
81.8242
81.8242
81.8242
81.8242
81.8242
81.8242
81.8242
81.8242
81.8242
81.8242
81.8242
81.8242
81.8242
81.8242
81.8242
81.8242
81.8242
81.8242
81.8242
81.8242
81.8242
81.8242
81.8242
81.5509
81.5509
81.5509
81.5509
81.5509
81.5509
81.5509
81.5509
81.5509
81.4405
81.4405
81.4405
81.4405
81.4405
81.4305
81.4305
81.4305
81.0887
81.0887
80.8699
80.8699
80.8699
80.8599
80.8599
79.6273
79.6273
79.6273
79.6273
79.6273
79.6273
79.6273
79.6273
79.6273
79.4124
79.4124
78.6623
78.6623
78.6623
78.6623
78.6623
78.6623
78.6623
78.6623
78.6623
78.6623
78.5539
78.4586
78.4586
78.4586
78.4586
78.4586
78.4586
78.4586
78.4586
78.2702
78.2702
78.2702
78.2702
78.2702
78.2702
78.2702
78.2702
78.2702
78.2702
77.8581
77.8581
77.8581
77.8581
77.8581
77.8581
77.6644
77.6644
77.6644
77.6644
77.6644
77.6644
77.6644
77.6644
77.6644
77.6644
76.8085
76.8085
76.8085
76.8085
76.8085
76.8085
76.3324
76.3324
76.3324
76.144
76.144
76.144
76.144
76.144
76.144
76.144
76.144
76.144
76.144
76.144
75.9998
75.9998
75.9998
75.9998
75.9998
75.9998
75.9998
75.6424
75.6424
75.6424
75.6424
75.6424
75.6424
75.6424
75.6424
75.6424
75.6424
75.6424
75.6424
75.6424
75.6424
75.6424
75.6424
75.6424
75.6424
75.6424
75.6424
75.534
75.534
75.534
75.534
75.534
75.534
75.534
75.534
75.534
75.534
75.534
75.534
75.534
75.534
75.534
75.534
75.534
75.534
75.534
75.534
75.5239
75.5239
75.5239
75.5239
75.5239
75.5239
75.5239
75.5239
75.5239
75.5239
75.5239
75.5239
75.3372
75.3372
75.1723
75.1723
75.1723
75.1723
75.1723
75.1723
75.1723
75.1723
75.1723
75.1723
75.1723
75.1723
75.1723
75.1723
75.1723
75.1723
74.7819
74.7819
74.7819
74.7819
74.7819
74.2464
74.2464
74.2464
74.2464
74.2464
74.2464
74.2464
74.2464
74.2464
74.2464
74.2464
74.2464
74.2464
74.2464
74.2464
74.2464
74.2464
74.2464
74.2464
74.2464
74.2464
74.2464
74.2464
74.2464
74.2464
74.2464
74.2464
74.2464
74.2464
74.2464
74.2464
74.2464
74.2464
74.2464
74.2464
74.2464
74.2464
74.2464
74.2464
74.2464
74.2464
74.2464
74.2464
74.2464
74.2464
74.2464
74.2464
74.2464
74.2464
74.2464
74.2464
74.2464
74.2464
74.2464
74.2464
74.2464
74.2464
74.2464
74.2464
74.2464
74.2464
74.2464
74.2464
74.2464
74.2464
74.2464
74.2464
74.2464
74.2464
74.2464
74.2464
74.2464
74.2464
74.2464
74.2464
74.2464
74.2464
74.2464
74.2464
74.2464
74.2464
72.4455
72.4455
72.4455
72.4455
72.4455
72.4455
72.4455
72.4455
72.4455
72.4455
72.4455
72.4455
72.4455
72.4455
72.4455
72.4455
72.4455
72.4455
72.4455
72.4455
72.4455
72.4455
72.4455
72.4455
72.4455
72.4455
72.4455
72.4455
72.4455
72.4455
72.4455
72.4455
72.4455
72.4455
72.4455
72.4455
72.4455
72.4455
72.4455
72.4455
72.4455
72.4455
72.4455
72.4455
72.4455
72.4455
72.4455
72.4455
72.4455
72.4455
72.4455
72.4455
72.4455
72.4455
72.4455
72.4455
72.4455
72.4455
72.4455
72.4455
72.4455
72.4455
72.4455
72.4455
72.4455
72.4455
72.4455
72.4455
72.4455
72.4455
72.4455
72.4455
72.4455
72.4455
72.4455
72.4455
72.4455
72.4455
72.4455
72.4455
72.4455
72.4455
72.4455
72.4455
72.4455
72.4455
72.4455
72.4455
72.4455
72.4455
72.4455
72.4455
72.4455
72.4455
72.4455
72.4455
72.4455
72.4455
72.4455
72.4455
72.4455
72.4455
72.4455
72.4455
72.4455
72.4455
72.4455
72.4455
72.4455
72.4455
72.4455
72.4455
72.4455
72.3641
72.3641
72.3641
72.3641
72.3641
72.3641
72.3641
72.3641
72.3641
72.3641
72.3641
72.3641
72.3641
72.3641
72.3641
72.3641
72.3641
72.3641
72.3641
72.3641
72.3641
72.3641
72.3641
72.3641
72.3641
72.3641
72.3641
72.3641
72.2307
72.2307
72.2307
72.2307
72.2307
72.1528
72.1528
72.1528
72.1528
72.1528
72.1528
72.1528
72.1528
72.1528
72.1528
72.1528
72.1528
72.1528
72.1528
72.1528
72.1528
72.1528
72.0194
72.0194
72.0194
72.0194
72.0194
72.0194
72.0194
72.0194
72.0194
72.0194
72.0194
72.0194
72.0194
72.0194
72.0194
72.0194
72.0194
72.0194
72.0194
72.0194
72.0194
72.0194
72.0194
72.0194
72.0194
72.0194
72.0194
72.0194
72.0194
72.0194
72.0194
72.0194
72.0194
72.0194
72.0194
72.0194
72.0194
72.0194
72.0194
72.0194
72.0194
72.0194
72.0194
72.0194
72.0194
72.0194
72.0194
72.0194
72.0194
72.0194
72.0194
72.0194
72.0194
72.0194
72.0194
72.0194
72.0194
72.0194
72.0194
72.0194
72.0194
72.0194
72.0194
72.0194
72.0194
72.0194
72.0194
72.0194
72.0194
72.0194
72.0194
72.0194
72.0194
72.0194
72.0194
72.0194
72.0194
72.0194
72.0194
72.0194
72.0194
72.0194
72.0194
72.0194
72.0194
72.0194
72.0194
72.0194
72.0194
72.0194
72.0194
71.9924
71.9924
71.9924
71.9924
71.9924
71.9924
71.9924
71.9924
71.9924
71.9924
71.9924
71.9924
71.9924
71.9924
71.9924
71.9924
71.9924
71.9924
71.9924
71.9924
71.9924
71.9924
71.9924
71.9924
71.9924
71.9924
71.9924
71.9924
71.9924
71.9924
71.9924
71.9924
71.9924
71.9924
71.9924
71.9924
71.9924
71.9924
71.9924
71.9924
71.9924
71.9924
71.9924
71.639
71.639
71.639
71.639
71.639
71.639
71.639
71.639
71.639
71.639
71.639
71.639
71.639
71.639
71.639
71.639
71.639
71.639
71.639
71.639
71.639
71.639
71.639
71.639
71.639
71.639
71.639
71.639
71.639
71.639
71.639
71.639
71.639
71.639
71.639
71.639
71.639
71.639
71.639
71.5943
71.399
71.399
71.399
71.399
71.399
71.399
71.399
71.399
71.399
71.399
71.399
71.399
71.399
71.399
71.399
71.399
71.399
71.399
71.399
71.399
71.399
71.399
71.399
71.399
71.399
71.399
71.399
71.399
71.399
71.399
71.399
71.399
71.399
71.399
71.399
71.399
71.399
71.399
71.399
71.399
71.399
71.399
71.399
71.399
71.399
71.399
71.399
71.399
71.399
71.399
71.399
71.399
71.399
71.399
71.399
71.399
71.399
71.399
71.399
71.399
71.399
71.399
71.399
71.399
71.399
71.399
71.399
71.399
71.399
71.399
71.399
71.399
71.399
71.399
71.399
71.399
71.399
71.399
71.399
71.399
71.399
71.399
71.399
71.399
71.399
71.399
71.399
71.399
71.399
71.399
71.399
71.399
71.399
71.399
71.399
71.399
71.399
71.399
71.399
71.399
71.399
71.399
71.399
71.399
71.399
71.399
71.399
71.399
71.399
71.399
71.399
71.399
71.399
71.399
71.399
71.399
71.399
71.399
71.399
71.399
71.399
71.399
71.399
71.399
71.399
71.399
71.399
71.399
71.399
71.399
71.399
71.399
71.399
71.399
71.399
71.399
71.399
71.399
71.399
71.399
71.399
71.399
71.399
71.399
71.399
71.399
71.399
71.399
71.399
71.399
71.399
71.399
71.399
71.399
71.399
71.399
71.399
71.399
71.399
71.399
71.399
71.399
71.399
71.399
71.399
71.399
71.399
71.399
71.399
71.399
71.399
71.399
71.399
71.399
71.399
71.399
71.399
71.399
71.399
71.399
71.399
71.399
71.399
71.399
71.399
71.399
71.399
71.399
71.399
71.399
71.399
71.399
71.399
71.399
71.399
71.399
71.399
71.399
71.1058
71.1058
71.1058
71.1058
70.8564
70.8564
70.8564
70.8564
70.8564
70.8564
70.8564
70.8564
70.8564
70.8564
70.8564
70.8564
70.8564
70.8564
70.8564
70.8564
70.8564
70.8564
70.8564
70.8564
70.8564
70.8564
70.8564
70.8564
70.8564
70.8564
70.8564
70.8564
70.8564
70.8564
70.8564
70.8564
70.8564
70.8564
70.6023
70.6023
70.6023
70.6023
70.6023
70.6023
70.6023
70.6023
70.6023
70.6023
70.6023
70.6023
70.6023
70.6023
70.6023
70.6023
70.6023
70.6023
70.6023
70.6023
70.6023
70.6023
70.6023
70.6023
70.6023
70.6023
70.6023
70.6023
70.6023
70.6023
70.6023
70.6023
70.6023
70.6023
70.6023
70.6023
70.6023
70.6023
70.6023
70.6023
70.6023
70.6023
70.6023
70.6023
70.6023
70.6023
70.6023
70.5911
70.5911
70.5911
70.5911
70.5911
70.5911
70.5911
70.5911
70.5911
70.5911
70.5911
70.5911
70.5911
70.5911
70.2978
70.2978
70.2978
70.2978
70.2978
70.2978
69.8623
69.8623
69.8623
69.8623
69.8623
69.8623
69.8623
69.8623
69.8623
69.8623
69.8623
69.8623
69.8623
69.8623
69.8623
69.8623
69.8623
69.8623
69.8623
69.8623
69.8623
69.8623
69.8623
69.8623
69.8623
69.8623
69.8623
69.8623
69.8623
69.8623
69.8623
69.8623
69.8623
69.8623
69.8623
69.8623
69.8623
69.8623
69.8623
69.8623
69.8623
69.8623
69.8623
69.8623
69.8623
69.8623
69.8623
69.8623
69.8623
69.8623
69.8623
69.8623
69.8623
69.8623
69.8623
69.8623
69.8623
69.8623
69.8623
69.8623
69.8623
69.8623
69.8623
69.8623
69.8623
69.8623
69.8623
69.8623
69.8623
69.8623
69.8623
69.8623
69.8623
69.8623
69.8623
69.8623
69.8623
69.8623
69.8623
69.8623
69.8623
69.8623
69.8623
69.8623
69.8623
69.8623
69.8623
69.8623
69.8623
69.8623
69.8623
69.8623
69.8623
69.8623
69.8623
69.8623
69.8623
69.8623
69.8623
69.8623
69.8623
69.8623
69.8623
69.8623
69.8623
69.8623
69.8623
69.8623
69.8623
69.8623
69.8623
69.8623
69.8623
69.8623
69.8623
69.8623
69.8623
69.8623
69.8623
69.8623
69.8623
69.8623
69.8623
69.8623
69.8623
69.8623
69.8623
69.8623
69.8623
69.8623
69.8623
69.8623
69.8623
69.8623
69.8623
69.8623
69.8623
69.8623
69.8623
69.8623
69.8623
69.8623
69.8623
69.8623
69.8623
69.8623
69.8623
69.8623
69.8623
69.8623
69.8623
69.8623
69.8623
69.8623
69.8623
69.8623
69.8623
69.8623
69.8623
69.8623
69.8623
69.8623
69.8623
69.8623
69.8623
69.8623
69.8623
69.8623
69.8623
69.8623
69.8623
69.8623
69.8623
69.8623
69.8623
69.8623
69.8623
69.8623
69.8623
69.8623
69.8623
69.8623
69.8623
69.8623
69.8623
69.8623
69.8623
69.8623
69.8623
69.8623
69.8623
69.8623
69.8623
69.8623
69.8623
69.8623
69.8623
69.8623
69.8623
69.8623
69.8623
69.8623
69.8623
69.8623
69.8623
69.8623
69.8623
69.8623
69.8623
69.8623
69.8623
69.8623
69.7653
69.7653
69.7653
69.7653
69.7653
69.7653
69.7653
69.7653
69.7653
69.7653
69.7653
69.7653
69.7653
69.7653
69.7653
69.7653
69.7653
69.7653
69.7653
69.7653
69.7653
69.7653
69.7653
69.7653
69.7653
69.7653
69.7653
69.7653
69.7653
69.7653
69.7653
69.7653
69.7653
69.7653
69.7653
69.7653
69.7653
69.7653
69.7653
69.7653
69.7653
69.7653
69.7653
69.7653
69.7653
69.7653
69.7653
69.7653
69.7653
69.7653
69.7653
69.7653
69.7653
69.7653
69.7653
69.7653
69.7653
69.7653
69.7653
69.7653
69.7653
69.7653
69.7653
69.7653
69.7653
69.7653
69.7653
69.7653
69.7653
69.7653
69.7653
69.7653
69.7653
69.7653
69.7653
69.7653
69.7653
69.7653
69.7653
69.7653
69.7653
69.7653
69.7653
69.7653
69.7653
69.7653
69.7653
69.7653
69.7653
69.7653
69.7653
69.7653
69.7653
69.7653
69.7653
69.7653
69.7653
69.7653
69.7653
69.7653
69.7653
69.7653
69.7653
69.7653
69.7653
69.7653
69.7653
69.7653
69.7653
69.7653
69.7653
69.7653
69.7653
69.7653
69.7653
69.7653
69.7653
69.7653
69.7653
69.7653
69.7653
69.7653
69.7653
69.7653
69.7653
69.7653
69.7653
69.7653
69.7653
69.7653
69.7653
69.7653
69.7653
69.7653
69.7653
69.7653
69.7653
69.7653
69.7653
69.7653
69.7653
69.7653
69.7653
69.7653
69.7653
69.7653
69.7653
69.7653
69.7653
69.7653
69.7653
69.7653
69.7653
69.7653
69.7653
69.7653
69.7653
69.7653
69.7653
69.7653
69.7653
69.7653
69.7653
69.7653
69.7653
69.7653
69.7653
69.7653
69.7653
69.7653
69.7653
69.7653
69.7653
69.7653
69.7653
69.7653
69.7653
69.7653
69.7653
69.7653
69.7653
69.7653
69.7653
69.7653
69.7653
69.7653
69.7653
69.7653
69.7653
69.7653
69.7653
69.7653
69.7653
69.7653
69.7653
69.7653
69.7653
69.7653
69.7653
69.7653
69.7653
69.7653
69.7653
69.7653
69.7653
69.7653
69.7653
69.7653
69.7653
69.7653
69.7653
69.7653
69.7653
69.7653
69.7653
69.7653
69.7653
69.7653
69.7653
69.7653
69.7653
69.7653
69.7653
69.7653
69.7653
69.7653
69.7653
69.7653
69.7653
69.7653
69.7653
69.7653
69.7653
69.7653
69.7653
69.7653
69.7653
69.7653
69.7653
69.7653
69.7653
69.7653
69.7653
69.7653
69.7653
69.7653
69.7653
69.7653
69.7653
69.7653
69.7653
69.7653
69.7653
69.7653
69.7653
69.7653
69.7653
69.7653
69.7653
69.7653
69.7653
69.7653
69.7653
69.7653
69.7653
69.7653
69.7653
69.7653
69.7653
69.7653
69.7653
69.7653
69.7653
69.7653
69.7653
69.7653
69.7653
69.7653
69.7653
69.7653
69.7653
69.7653
69.7653
69.7653
69.7653
69.7653
69.7653
69.7653
69.7653
69.7653
69.7653
69.7653
69.7653
69.7653
69.7653
69.7653
69.7653
69.7653
69.7653
69.7653
69.7653
69.7653
69.7653
69.7653
69.7653
69.7653
69.7653
69.7653
69.7653
69.7653
69.7653
69.7653
69.7653
69.7653
69.7653
69.7653
69.7653
69.7653
69.7653
69.7653
69.7653
69.7653
69.7653
69.7653
69.7653
69.7653
69.7653
69.7653
69.7653
69.7653
69.7653
69.7653
69.7653
69.7653
69.7653
69.7653
69.7653
69.7653
69.7653
69.7653
69.7653
69.7653
69.7653
69.7653
69.7653
69.7653
69.7653
69.7653
69.7653
69.7653
69.7653
69.7653
69.7653
69.7653
69.7653
69.7653
69.7653
69.7653
69.7653
69.7653
69.7653
69.7653
69.7653
69.7653
69.7653
69.7653
69.7653
69.7653
69.7653
69.7653
69.7653
69.7653
69.7653
69.7653
69.7653
69.7653
69.7653
69.7653
69.7653
69.7653
69.7653
69.7653
69.7653
69.7653
69.7653
69.7653
69.7653
69.7653
69.7653
69.7653
69.7653
69.7653
69.7653
69.7653
69.7653
69.7653
69.7653
69.7653
69.7653
69.7653
69.7653
69.7653
69.7653
69.7653
69.7653
69.7653
69.4641
69.4641
69.4641
69.4641
69.4641
69.4641
69.4641
69.4641
69.4641
69.4641
69.4641
69.4641
69.4641
69.4641
69.4641
69.4641
69.4641
69.4641
69.4641
69.4641
69.4641
69.4641
69.4641
69.4641
69.4641
69.4641
69.4641
69.4641
69.4641
69.4641
69.4641
69.4641
69.4641
69.4641
69.4641
69.4641
69.4641
69.4641
69.4641
69.4641
69.4641
69.4641
69.4641
69.4641
69.4641
69.4641
69.4641
69.4641
69.4641
69.4641
69.4641
69.2353
69.2353
69.2353
69.2353
69.2353
69.2353
69.2353
69.2353
69.2353
69.2353
69.2353
69.2353
69.2353
69.2353
69.2353
69.2353
69.2353
69.2353
69.2353
69.2353
69.2353
69.2353
69.2353
69.2353
69.2353
69.2353
69.2353
69.2353
69.2353
69.2353
69.2353
69.2353
69.2353
69.2353
69.2353
69.2353
69.2353
69.2353
68.7728
68.7728
68.7728
68.7728
68.7728
68.7728
68.7728
68.7728
68.7728
68.7728
68.7728
68.7728
68.7728
68.7728
68.7728
68.7728
68.7728
68.7728
68.7728
68.7728
68.7728
68.7728
68.7728
68.7728
68.7728
68.7728
68.7728
68.7728
68.7728
68.7728
68.7728
68.7728
68.7728
68.7728
68.7728
68.7728
68.7728
68.7728
68.7728
68.7728
68.7728
68.7728
68.7728
68.7728
68.7728
68.7728
68.7728
68.7728
68.7728
68.7728
68.7728
68.7728
68.7728
68.7728
68.7728
68.7728
68.7728
68.7728
68.7728
68.7728
68.7728
68.7728
68.7728
68.7728
68.7728
68.7728
68.7728
68.7728
68.7728
68.7728
68.7728
68.7728
68.7728
68.7728
68.7728
68.7728
68.7728
68.7728
68.7728
68.7728
68.7728
68.7728
68.7728
68.7728
68.7728
68.7728
68.7728
68.7728
68.7728
68.7728
68.7728
68.7728
68.7728
68.7728
68.7728
68.7728
68.7728
68.7728
68.7728
68.7728
68.7728
68.7728
68.7728
68.7728
68.7728
68.7728
68.7728
68.7728
68.7728
68.7728
68.7728
68.7728
68.7728
68.7728
68.7728
68.7728
68.7728
68.7728
68.7728
68.7728
68.7728
68.7728
68.7728
68.7728
68.7728
68.7728
68.7728
68.7728
68.7728
68.7728
68.7728
68.7728
68.7728
68.7728
68.7728
68.7728
68.7728
68.7728
68.7728
68.7728
68.7728
68.7728
68.7728
68.7728
68.7728
68.7728
68.7728
68.7728
68.7728
68.7728
68.7728
68.7728
68.7728
68.7728
68.7728
68.7728
68.7728
68.7728
68.7728
68.7728
68.7728
68.7728
68.7728
68.7728
68.7728
68.7728
68.7728
68.7728
68.7728
68.7728
68.7728
68.7728
68.7728
68.7728
68.7728
68.7728
68.7728
68.7728
68.7728
68.7728
68.7728
68.7728
68.7728
68.7728
68.7728
68.7728
68.7728
68.7728
68.7728
68.7728
68.7728
68.7728
68.7728
68.7728
68.7728
68.7728
68.7728
68.7728
68.7728
68.7728
68.7728
68.7728
68.7728
68.7728
68.7728
68.7728
68.7728
68.7728
68.7728
68.7728
68.7728
68.7728
68.7728
68.7728
68.7728
68.7728
68.7728
68.7728
68.7728
68.7728
68.7728
68.7728
68.7728
68.7728
68.7728
68.7728
68.7728
68.7728
68.7728
68.7728
68.7728
68.7728
68.7728
68.7728
68.7728
68.7728
68.7728
68.7728
68.7728
68.7728
68.7728
68.7728
68.7728
68.7728
68.7728
68.7728
68.7728
68.7728
68.7728
68.7728
68.7728
68.7728
68.7728
68.7728
68.7728
68.7728
68.7728
68.7728
68.7728
68.7728
68.7728
68.7728
68.7728
68.7728
68.7728
68.7728
68.7728
68.7728
68.7728
68.7728
68.7728
68.7728
68.7728
68.7728
68.7728
68.7728
68.7728
68.7728
68.7728
68.7728
68.7728
68.7728
68.7728
68.7728
68.7728
68.7728
68.7728
68.7728
68.7728
68.7728
68.7728
68.7728
68.7728
68.7728
68.7728
68.7728
68.7728
68.7728
68.7728
68.7728
68.7728
68.7728
68.7728
68.7728
68.7728
68.7728
68.7728
68.7728
68.7728
68.7728
68.7728
68.7728
68.7728
68.7728
68.7728
68.7728
68.7728
68.7728
68.7728
68.7728
68.7728
68.7728
68.7728
68.7728
68.7728
68.7728
68.7728
68.7728
68.7728
68.7728
68.7728
68.7728
68.7728
68.7728
68.7728
68.7728
68.7728
68.7728
68.7728
68.7728
68.7728
68.7728
68.7728
68.7728
68.7728
68.7728
68.7728
68.7728
68.7728
68.7728
68.7728
68.7728
68.7728
68.7728
68.7728
68.7728
68.7728
68.7728
68.7728
68.7728
68.7728
68.7728
68.7728
68.7728
68.7728
68.7728
68.7728
68.7728
68.7728
68.7728
68.7728
68.7728
68.7728
68.7728
68.7728
68.7728
68.7728
68.7728
68.7728
68.7728
68.7728
68.7728
68.7728
68.7728
68.7728
68.7728
68.7728
68.7728
68.7728
68.7728
68.7728
68.7728
68.7728
68.7728
68.7728
68.7728
68.7728
68.7728
68.7728
68.7728
68.7728
68.7728
68.7728
68.7728
68.7728
68.7728
68.7728
68.7728
68.7728
68.7728
68.7728
68.7728
68.7728
68.7728
68.7728
68.7728
68.7728
68.7728
68.7728
68.7728
68.7728
68.7728
68.7728
68.7728
68.7728
68.7728
68.7728
68.7728
68.7728
68.7728
68.7728
68.7728
68.7728
68.7728
68.7728
68.7728
68.7728
68.7728
68.7728
68.7728
68.7728
68.7728
68.7728
68.7728
68.7728
68.7728
68.7728
68.7728
68.7728
68.7728
68.7728
68.7728
68.7728
68.7728
68.7728
68.7728
68.7728
68.7728
68.7728
68.7728
68.7728
68.7728
68.7728
68.7728
68.7728
68.7728
68.7728
68.7728
68.7728
68.7728
68.7728
68.7728
68.7728
68.7728
68.7728
68.7728
68.7728
68.7728
68.7728
68.7728
68.7728
68.7728
68.7728
68.7728
68.7728
68.7728
68.7728
68.7728
68.7728
68.7728
68.7728
68.7728
68.7728
68.7728
68.7728
68.7728
68.7728
68.7728
68.7728
68.7728
68.7728
68.7728
68.7728
68.7728
68.7728
68.7728
68.7728
68.7728
68.7728
68.7728
68.7728
68.7728
68.7728
68.7728
68.7728
68.7728
68.7728
68.7728
68.7728
68.7728
68.7728
68.7728
68.7728
68.7728
68.7728
68.7728
68.7728
68.7728
68.7728
68.7728
68.7728
68.7728
68.7728
68.7728
68.7728
68.7728
68.7728
68.7728
68.7728
68.7728
68.7728
68.7728
68.7728
68.7728
68.7728
68.7728
68.7728
68.7728
68.7728
68.7728
68.7728
68.7728
68.7728
68.7728
68.7728
68.7728
68.7728
68.7728
68.7728
68.7728
68.7728
68.7728
68.7728
68.7728
68.7728
68.7728
68.7728
68.7728
68.7728
68.7728
68.7728
68.7728
68.7728
68.7728
68.7728
68.7728
68.7728
68.7728
68.7728
68.7728
68.7728
68.7728
68.7728
68.7728
68.7728
68.7728
68.7728
68.7728
68.7728
68.7728
68.7728
68.7728
68.7728
68.7728
68.7728
68.7728
68.7728
68.7728
68.7728
68.7728
68.7728
68.7728
68.7728
68.7728
68.7728
68.7728
68.7728
68.7728
68.7728
68.7728
68.7728
68.7728
68.7728
68.7728
68.7728
68.7728
68.7728
68.7728
68.7728
68.7728
68.7728
68.7728
68.7728
68.7728
68.7728
68.7728
68.7728
68.7728
68.7728
68.7728
68.7728
68.7728
68.7728
68.7728
68.7728
68.7728
68.7728
68.7728
68.7728
68.7728
68.7728
68.7728
68.7728
68.7728
68.7728
68.7728
68.7728
68.7728
68.7728
68.7728
68.7728
68.7728
68.7728
68.7728
68.7728
68.7728
68.7728
68.7728
68.7728
68.7728
68.7728
68.7728
68.7728
68.7728
68.7728
68.7728
68.7728
68.7728
68.7728
68.7728
68.7728
68.7728
68.7728
68.7728
68.7728
68.7728
68.7728
68.7728
68.7728
68.7728
68.7728
68.7728
68.7728
68.7728
68.7728
68.7728
68.7728
68.2858
68.2858
68.2858
68.2858
68.2858
68.2858
68.2858
68.2858
68.2858
68.2858
68.2858
68.2858
68.2858
68.2858
68.2858
68.2858
68.2858
68.2858
68.2858
68.2858
68.2858
68.2858
68.2858
68.2858
68.2858
68.2858
68.2858
68.2858
68.2858
68.2858
68.2858
68.2858
68.2858
68.2858
68.2858
68.2858
68.2858
68.2858
68.2858
68.2858
68.2858
68.2858
68.2858
68.2858
68.2858
68.2858
68.2858
68.2858
68.2858
68.2858
68.2858
68.2858
68.2858
68.2858
68.2858
68.2858
68.2858
68.2858
68.2858
68.2858
68.2858
68.2858
68.2858
68.2858
68.2858
68.2858
68.2858
68.2858
68.2858
68.2858
68.2858
68.2858
68.2858
68.2858
68.2858
68.2858
68.2858
68.2858
68.2858
68.2858
68.2858
68.2858
68.2858
68.2858
68.2858
68.2858
68.2858
68.2858
68.2858
68.2858
68.2858
68.2858
68.2858
68.2858
68.2858
68.2858
68.2858
68.2858
68.2858
68.2858
68.2858
68.2858
68.2858
68.2858
68.2858
68.2858
68.2858
68.2858
68.2858
68.2858
68.2858
68.2858
68.2858
68.2858
68.2858
68.2858
68.2858
68.2858
68.2858
68.2858
68.2858
68.2858
68.2858
68.2858
68.2858
68.2858
68.2858
68.2858
68.2858
68.2858
68.2858
68.2858
68.2858
68.2858
68.2858
68.2858
68.2858
68.2858
68.2858
68.2858
68.2858
68.2858
68.2858
68.2858
68.2858
68.2858
68.2858
68.2858
68.2858
68.2858
68.2858
68.2858
68.2858
68.2858
68.2858
68.2858
68.2858
68.2858
68.2858
68.2858
68.2858
68.2858
68.2858
68.2858
68.2858
68.2858
68.2858
68.2858
68.2858
68.2858
68.2858
68.2858
68.2858
68.2858
68.2858
68.2858
68.2858
68.2858
68.2858
68.2858
68.2858
68.2858
68.2858
68.2858
68.2858
68.2858
68.2858
68.2858
68.2858
68.2858
68.2858
68.2858
68.2858
68.2858
68.2858
68.2858
68.2858
68.2858
68.2858
68.2858
68.2858
68.2858
68.2858
68.2858
68.2858
68.2858
68.2858
68.2858
68.2858
68.2858
68.2858
68.2858
68.2858
68.2858
68.2858
68.2858
68.2858
68.2858
68.2858
68.2858
68.2858
68.2858
68.2858
68.2858
68.2858
68.2858
68.2858
68.2858
68.2858
68.2858
68.2858
68.2858
68.2858
68.2858
68.2858
68.2858
68.2858
68.2858
68.2858
68.2858
68.2858
68.2858
68.2858
68.2858
68.2858
68.2858
68.2858
68.2858
68.2858
68.2858
68.2858
68.2858
68.2858
68.2858
68.2858
68.2858
68.2858
68.2858
68.2858
68.2858
68.2858
68.2858
68.2858
68.2858
68.2858
68.2858
68.2858
68.2858
68.2858
68.2858
68.2858
68.2858
68.2858
68.2858
68.2858
68.2858
68.2858
68.2858
68.2858
68.2858
68.2858
68.2858
68.2858
68.2858
68.2858
68.2858
68.2858
68.2858
68.2858
68.2858
68.2858
68.2858
68.2858
68.2858
68.2858
68.2858
68.2858
68.2858
68.2858
68.2858
68.2858
68.2858
68.2858
68.2858
68.2858
68.2858
68.2858
68.2858
68.2858
68.2858
68.2858
68.2858
68.2858
68.2858
68.2858
68.2858
68.2858
68.2858
68.2858
68.2858
68.2858
68.2858
68.2858
68.2858
68.2858
68.2858
68.2858
68.2858
68.2858
68.2858
68.2858
68.2858
68.2858
68.2858
68.2858
68.2858
68.2858
68.2858
68.2858
68.2858
68.2858
68.2858
68.2858
68.2858
68.2858
68.2858
68.2858
68.2858
68.2858
68.2858
68.2858
68.2858
68.2858
68.2858
68.2858
68.2858
68.2858
68.2858
68.2858
68.2858
68.2858
68.2858
68.2858
68.2858
68.2858
68.2858
68.2858
68.2858
68.2858
68.2858
68.2858
68.2858
68.2858
68.2858
68.2858
68.2858
68.2858
68.2858
68.2858
68.2858
68.2858
68.2858
68.2858
68.2858
68.2858
68.2858
68.2858
68.2858
68.2858
68.2858
68.2858
68.2858
68.2858
68.2858
68.2858
68.2858
68.2858
68.2858
68.2858
68.2858
68.2858
68.2858
68.2858
68.2858
68.2858
68.2858
68.2858
68.2858
68.2858
68.2858
68.2858
68.2858
68.2858
68.2858
68.2858
68.2858
68.2858
68.2858
68.2858
68.2858
68.2858
68.2858
68.2858
68.2858
68.2858
68.2858
68.2858
68.2858
68.2858
68.2858
68.2858
68.2858
68.2858
68.2858
68.2858
68.2858
68.2858
68.2858
68.2858
68.2858
68.2858
68.2858
68.2858
68.2858
68.2858
68.2858
68.2858
68.2858
68.2858
68.2858
68.2858
68.2858
68.2858
68.2858
68.2858
68.2858
68.2858
68.2858
68.2858
68.2858
68.2858
68.2858
68.2858
68.2858
68.2858
68.2858
68.2858
68.2858
68.2858
68.2858
68.2858
68.2858
68.2858
68.2858
68.2858
68.2858
68.2858
68.2858
68.2858
68.2858
68.14
68.14
68.14
68.14
68.14
68.14
68.14
68.14
68.14
68.14
68.14
68.14
68.14
68.14
68.14
68.14
68.14
68.14
68.14
68.14
68.14
68.14
68.14
68.14
68.14
68.14
68.14
68.14
68.14
68.14
68.14
68.14
68.14
68.14
68.14
68.14
68.14
68.14
68.14
68.14
68.14
68.14
68.14
68.14
68.14
68.14
68.14
68.14
68.14
68.14
68.14
68.14
68.14
68.14
68.14
68.14
68.14
68.14
68.14
68.14
68.14
68.14
68.14
68.14
68.14
68.14
68.14
68.14
68.14
68.14
68.14
68.14
68.14
68.14
68.14
68.14
68.14
68.14
68.14
68.14
68.14
68.14
68.14
68.14
68.14
68.14
68.14
68.14
68.14
68.14
68.14
68.14
68.14
68.14
68.14
68.14
68.14
68.14
68.14
68.14
68.14
68.14
68.14
67.9412
67.9412
67.9412
67.9412
67.9412
67.9412
67.9412
67.9412
67.9412
67.9412
67.9412
67.9412
67.9412
67.9412
67.9412
67.9412
67.9412
67.9412
67.9412
67.9412
67.9412
67.9412
67.9412
67.9412
67.9412
67.9412
67.9412
67.9412
67.9412
67.9412
67.9412
67.9412
67.9412
67.9412
67.9412
67.9412
67.9412
67.9412
67.9412
67.9412
67.9412
67.9412
67.9412
67.9412
67.9412
67.9412
67.9412
67.9412
67.9412
67.9412
67.9412
67.9412
67.9412
67.9412
67.9412
67.7902
67.7902
67.7902
67.7902
67.7902
67.7902
67.7902
67.7902
67.7902
67.7902
67.7902
67.7902
67.7902
67.7902
67.7902
67.7902
67.7902
67.7902
67.7902
67.7902
67.7902
67.7902
67.7902
67.7902
67.7902
67.7902
67.7902
67.7902
67.7902
67.7902
67.7902
67.7902
67.7902
67.7902
67.7902
67.7902
67.7902
67.7902
67.7902
67.7902
67.7902
67.7902
67.7902
67.7902
67.7902
67.7902
67.7902
67.7902
67.7902
67.7902
67.7902
67.7902
67.7902
67.7902
67.7902
67.7902
67.7902
67.7902
67.7902
67.5999
67.5999
67.5999
67.5999
67.5999
67.5999
67.5999
67.5999
67.5999
67.5999
67.5999
67.5999
67.5999
67.5999
67.5999
67.5999
67.5999
67.5999
67.5999
67.5999
67.5999
67.5999
67.5999
67.5999
67.5999
67.5999
67.5999
67.5999
67.5999
67.5999
67.5999
67.5999
67.5999
67.5999
67.5999
67.5999
67.5999
67.5999
67.5999
67.5999
67.5999
67.5999
67.5999
67.5999
67.5999
67.5999
67.5999
67.5999
67.5999
67.5999
67.5999
67.5999
67.5999
67.5999
67.5999
67.5999
67.5999
67.5999
67.5999
67.5999
67.5999
67.5999
67.5999
67.5999
67.5999
67.5999
67.5999
67.5999
67.5999
67.5999
67.5999
67.5999
67.5999
67.5999
67.5999
67.5999
67.5999
67.5999
67.5999
67.5999
67.5999
67.5999
67.5999
67.5999
67.5999
67.5999
67.5999
67.5999
67.5999
67.5999
67.5999
67.5999
67.5999
67.5999
67.5999
67.5999
67.5999
67.5999
67.5999
67.5999
67.5999
67.5999
67.5999
67.5999
67.5999
67.5999
67.5999
67.5999
67.5999
67.5999
67.5999
67.5999
67.5999
67.5999
67.5999
67.5999
67.5999
67.5999
67.5999
67.5999
67.5999
67.5999
67.5999
67.5999
67.5999
67.5999
67.5999
67.5999
67.5999
67.5999
67.5999
67.5999
67.5999
67.5999
67.5999
67.5999
67.5999
67.5999
67.5999
67.5999
67.5999
67.5999
67.5999
67.5999
67.5999
67.5999
67.5999
67.5999
67.5999
67.5999
67.5999
67.5999
67.5999
67.5999
67.5999
67.5999
67.5999
67.5999
67.5999
67.5999
67.5999
67.5999
67.5999
67.5999
67.5999
67.5999
67.5999
67.5999
67.5999
67.5999
67.5999
67.5999
67.5999
67.5999
67.5999
67.5999
67.5999
67.5999
67.5999
67.5999
67.5999
67.5999
67.5999
67.5999
67.5999
67.5999
67.5999
67.5999
67.5999
67.5999
67.5999
67.5999
67.5999
67.5999
67.5999
67.5999
67.5999
67.5999
67.5999
67.5999
67.5999
67.5999
67.5999
67.5999
67.5999
67.5999
67.5999
67.5999
67.5999
67.5999
67.5999
67.5999
67.5999
67.5999
67.5999
67.5999
67.5999
67.5999
67.5999
67.5999
67.5999
67.5999
67.5999
67.5999
67.5999
67.5999
67.5999
67.5999
67.5999
67.5999
67.5999
67.5999
67.5999
67.5999
67.5999
67.5999
67.5999
67.5999
67.5999
67.5999
67.5999
67.5999
67.5999
67.5999
67.5999
67.5999
67.5999
67.5999
67.5999
67.5999
67.5999
67.5999
67.5999
67.5999
67.5999
67.5999
67.5999
67.5999
67.5999
67.5999
67.5999
67.5999
67.5999
67.5999
67.5999
67.5999
67.5999
67.5999
67.5999
67.5999
67.5999
67.5999
67.5999
67.5999
67.5999
67.5999
67.5999
67.5999
67.5999
67.5999
67.5999
67.5999
67.5999
67.5999
67.5999
67.5999
67.5999
67.5999
67.5999
67.5999
67.5999
67.5999
67.5999
67.5999
67.5999
67.5999
67.5999
67.5999
67.5999
67.5999
67.5999
67.5999
67.5999
67.5999
67.5999
67.5999
67.5999
67.5999
67.5999
67.5999
67.5999
67.5999
67.5999
67.5999
67.5999
67.5999
67.5999
67.5999
67.5999
67.5999
67.5999
67.5999
67.5999
67.5999
67.5999
67.5999
67.5999
67.5999
67.5999
67.5999
67.5999
67.5999
67.5999
67.5999
67.5999
67.5999
67.5999
67.5999
67.5999
67.5999
67.5999
67.5999
67.5999
67.5999
67.5999
67.5999
67.5999
67.5999
67.5999
67.5999
67.5999
67.5999
67.5999
67.5999
67.5999
67.5999
67.5999
67.5999
67.5999
67.5999
67.5999
67.5999
67.5999
67.5999
67.5999
67.5999
67.5999
67.5999
67.5999
67.5999
67.5999
67.5999
67.5999
67.5999
67.5999
67.5999
67.5999
67.5999
67.5999
67.5999
67.5999
67.5999
67.5999
67.5999
67.5999
67.5999
67.5999
67.5999
67.5999
67.5999
67.5999
67.5999
67.5999
67.5999
67.5999
67.5999
67.5999
67.5999
67.5999
67.5999
67.5999
67.5999
67.5999
67.5999
67.5999
67.5999
67.5999
67.5999
67.5999
67.5999
67.5999
67.5999
67.5999
67.5999
67.5999
67.5999
67.5999
67.5999
67.5999
67.5999
67.5999
67.5999
67.5999
67.5999
67.5999
67.5999
67.5999
67.5999
67.5999
67.5999
67.5999
67.5999
67.5999
67.5999
67.5999
67.5999
67.5999
67.5999
67.5999
67.5999
67.5999
67.5999
67.5999
67.5999
67.5999
67.5999
67.5999
67.5999
67.5999
67.5999
67.5999
67.5999
67.5999
67.5999
67.5999
67.5999
67.5999
67.5999
67.5999
67.5999
67.5999
67.5999
67.5999
67.5999
67.5999
67.5999
67.5999
67.5999
67.5999
67.5999
67.5999
67.5999
67.5999
67.5999
67.5999
67.5999
67.5999
67.5999
67.5999
67.5999
67.5999
67.5999
67.5999
67.5999
67.5999
67.5999
67.5999
67.5999
67.5999
67.5999
67.5999
67.5999
67.5999
67.5999
67.5999
67.5999
67.5999
67.5999
67.5999
67.5999
67.5999
67.5999
67.5999
67.5999
67.5999
67.5999
67.5999
67.5999
67.5999
67.5999
67.5999
67.5999
67.5999
67.5999
67.5999
67.5999
67.5999
67.5999
67.5999
67.5999
67.5999
67.5999
67.5999
67.5999
67.5999
67.5999
67.5999
67.5999
67.5999
67.5999
67.5999
67.5999
67.5999
67.5999
67.5999
67.5999
67.5999
67.5999
67.5999
67.5999
67.5999
67.5999
67.5999
67.5999
67.5999
67.5999
67.5999
67.5999
67.5999
67.5999
67.5999
67.5999
67.5999
67.5999
67.5999
67.5999
67.5999
67.5999
67.5999
67.5999
67.5999
67.5999
67.5999
67.5999
67.5999
67.5999
67.5999
67.5999
67.5999
67.5999
67.5999
67.5999
67.5999
67.5999
67.5999
67.5999
67.5999
67.5999
67.5999
67.5999
67.5999
67.5999
67.5999
67.5999
67.5999
67.5999
67.5999
67.5999
67.5999
67.5999
67.5999
67.5999
67.5999
67.5999
67.5999
67.5999
67.5999
67.5999
67.5999
67.5999
67.5999
67.5999
67.5999
67.5999
67.5999
67.5999
67.5999
67.5999
67.5999
67.5999
67.5999
67.5999
67.5999
67.5999
67.5999
67.5999
67.5999
67.5999
67.5999
67.5999
67.5999
67.5999
67.5999
67.5999
67.5999
67.5999
67.5999
67.5999
67.5999
67.5999
67.5999
67.5999
67.5999
67.5999
67.5999
67.5999
67.5999
67.5999
67.5999
67.5999
67.5999
67.5999
67.5999
67.5999
67.5999
67.5999
67.5999
67.5999
67.5999
67.5999
67.5999
67.5999
67.5999
67.5999
67.5999
67.5999
67.5999
67.5999
67.5999
67.5999
67.5999
67.5999
67.5999
67.5999
67.5999
67.5999
67.5999
67.5999
67.5999
67.5999
67.5999
67.5999
67.5999
67.5999
67.5999
67.5999
67.5999
67.5999
67.5999
67.5999
67.5999
67.5999
67.5999
67.5999
67.5999
67.5999
67.5999
67.5999
67.5999
67.5999
67.5999
67.5999
67.5999
67.5999
67.5999
67.5999
67.5999
67.5999
67.5999
67.5999
67.5999
67.5999
67.5999
67.5999
67.5999
67.5999
67.5999
67.5999
67.5999
67.5999
67.5999
67.5999
67.5999
67.5999
67.5999
67.5999
67.5999
67.5999
67.5999
67.5999
67.5999
67.5999
67.5999
67.5999
67.5999
67.5999
67.5999
67.5999
67.5999
67.5999
67.5999
67.5999
67.5999
67.5999
67.5999
67.5999
67.5999
67.5999
67.5999
67.5999
67.5999
67.5999
67.5999
67.5999
67.5999
67.5999
67.5999
67.5999
67.5999
67.5999
67.5999
67.5999
67.5999
67.5999
67.5999
67.5999
67.5999
67.5999
67.5999
67.5999
67.5999
67.5999
67.5999
67.5999
67.5999
67.5999
67.5999
67.5999
67.5999
67.5999
67.5999
67.5999
67.5999
67.5999
67.5999
67.5999
67.5999
67.5999
67.5999
67.5999
67.5999
67.5999
67.5999
67.5999
67.5999
67.5999
67.5999
67.5999
67.5999
67.5999
67.5999
67.5999
67.5999
67.5999
67.5999
67.5999
67.5999
67.5999
67.5999
67.5999
67.5999
67.5999
67.5999
67.5999
67.5999
67.5999
67.5999
67.5999
67.5999
67.5999
67.5999
67.5999
67.5999
67.5999
67.5999
67.5999
67.5999
67.5999
67.5999
67.5999
67.5999
67.5999
67.5999
67.5999
67.5999
67.5999
67.5999
67.5999
67.5999
67.5999
67.5999
67.5999
67.5999
67.5999
67.5999
67.5999
67.5999
67.5999
67.5999
67.5999
67.5999
67.5999
67.5999
67.5999
67.5999
67.5999
67.5999
67.5999
67.5999
67.5999
67.5999
67.5999
67.5999
67.5999
67.5999
67.5999
67.5999
67.5999
67.5999
67.5999
67.5999
67.5999
67.5999
67.5999
67.5999
67.5999
67.5999
67.5999
67.5999
67.5999
67.5999
67.5999
67.5999
67.5999
67.5999
67.5999
67.5999
67.5999
67.5999
67.5999
67.5999
67.5999
67.5999
67.5999
67.5999
67.5999
67.5999
67.5999
67.5999
67.5999
67.5999
67.5999
67.5999
67.5999
67.5999
67.5999
67.5999
67.5999
67.5999
67.5999
67.5999
67.5999
67.5999
67.5999
67.5999
67.5999
67.5999
67.5999
67.5999
67.5999
67.5999
67.5999
67.5999
67.5999
67.5999
67.5999
67.5999
67.5999
67.5999
67.5999
67.5999
67.5999
67.5999
67.5999
67.5999
67.5999
67.5999
67.5999
67.5999
67.5999
67.5999
67.5999
67.5999
67.5999
67.5999
67.5999
67.5999
67.5999
67.5999
67.5999
67.5999
67.5999
67.5999
67.5999
67.5999
67.5999
67.5999
67.5999
67.5999
67.5999
67.5999
67.5999
67.5999
67.5999
67.5999
67.5999
67.5999
67.5999
67.5999
67.5999
67.5999
67.5999
67.5999
67.5999
67.5999
67.5999
67.5999
67.5999
67.5999
67.5999
67.5999
67.5999
67.5999
67.5999
67.5999
67.5999
67.5999
67.5999
67.5999
67.5999
67.5999
67.5999
67.5999
67.5999
67.5999
67.5999
67.5999
67.5999
67.5999
67.5999
67.5999
67.5999
67.5999
67.5999
67.5999
67.5999
67.5999
67.5999
67.5999
67.5999
67.5999
67.5999
67.5999
67.5999
67.5999
67.5999
67.5999
67.5999
67.5999
67.5999
67.5999
67.5999
67.5999
67.5999
67.5999
67.5999
67.5999
67.5999
67.5999
67.5999
67.5999
67.5999
67.5999
67.5999
67.5999
67.5999
67.5999
67.5999
67.5999
67.5999
67.5999
67.5999
67.5999
67.5999
67.5999
67.5999
67.5999
67.5999
67.5999
67.5999
67.5999
67.5999
67.5999
67.5999
67.5999
67.5999
67.5999
67.5999
67.5999
67.5999
67.5999
67.5999
67.5999
67.5999
67.5999
67.5999
67.5999
67.5999
67.5999
67.5999
67.5999
67.5999
67.5999
67.5999
67.5999
67.5999
67.5999
67.5999
67.5999
67.5999
67.5999
67.5999
67.5999
67.5999
67.5999
67.5999
67.5999
67.5999
67.5999
67.5999
67.5999
67.5999
67.5999
67.5999
67.5999
67.5999
67.5999
67.5999
67.5999
67.5999
67.5999
67.5999
67.5999
67.5999
67.5999
67.5999
67.5999
67.5999
67.5999
67.5999
67.5999
67.5999
67.5999
67.5999
67.5999
67.5999
67.5999
67.5999
67.5999
67.5999
67.5999
67.5999
67.5999
67.5999
67.5999
67.5999
67.5999
67.5999
67.5999
67.5999
67.5999
67.5999
67.5999
67.5999
67.5999
67.5999
67.5999
67.5999
67.5999
67.5999
67.5999
67.5999
67.5999
67.5999
67.5999
67.5999
67.5999
67.5999
67.5999
67.5999
67.5999
67.5999
67.5999
67.5999
67.5999
67.5999
67.5999
67.5999
67.5999
67.5999
67.5999
67.5999
67.5999
67.5999
67.5999
67.5999
67.5999
67.5999
67.5999
67.5999
67.5999
67.5999
67.5999
67.5999
67.5999
67.5999
67.5999
67.5999
67.5999
67.5999
67.5999
67.5999
67.5999
67.5999
67.5999
67.5999
67.5999
67.5999
67.5999
67.5999
67.5999
67.5999
67.5999
67.5999
67.5999
67.5999
67.5999
67.5999
67.5999
67.5999
67.5999
67.5999
67.5999
67.5999
67.5999
67.5999
67.5999
67.5999
67.5999
67.5999
67.5999
67.5999
67.5999
67.5999
67.5999
67.5999
67.5999
67.5999
67.5999
67.5999
67.5999
67.5999
67.5999
67.5999
67.5999
67.5999
67.5999
67.5999
67.5999
67.5999
67.5999
67.5999
67.5999
67.5999
67.5999
67.5999
67.5999
67.5999
67.5999
67.5999
67.5999
67.5999
67.5999
67.5999
67.5999
67.5999
67.5999
67.5999
67.5999
67.5999
67.5999
67.5999
67.5999
67.5999
67.5999
67.5999
67.5999
67.5999
67.5999
67.5999
67.5999
67.5999
67.5999
67.5999
67.5999
67.5999
67.5999
67.5999
67.5999
67.5999
67.5999
67.5999
67.5999
67.5999
67.5999
67.5999
67.5999
67.5999
67.5999
67.5999
67.5999
67.5999
67.5999
67.5999
67.5999
67.5999
67.5999
67.5999
67.5999
67.5999
67.5999
67.5999
67.5999
67.5999
67.5999
67.5999
67.5999
67.5999
67.5999
67.5999
67.5999
67.5999
67.5999
67.5999
67.5999
67.5999
67.5999
67.5999
67.5999
67.5999
67.5999
67.5999
67.5999
67.5999
67.5999
67.5999
67.5999
67.5999
67.5999
67.5999
67.5999
67.5999
67.5999
67.5999
67.5999
67.5999
67.5999
67.5999
67.5999
67.5999
67.5999
67.5999
67.5999
67.5999
67.5999
67.5999
67.5999
67.5999
67.5999
67.5999
67.5999
67.5999
67.5999
67.5999
67.5999
67.5999
67.5999
67.5999
67.5999
67.5999
67.5999
67.5999
67.5999
67.5999
67.5999
67.5999
67.5999
67.5999
67.5999
67.5999
67.5999
67.5999
67.5999
67.5999
67.5999
67.5999
67.5999
67.5999
67.5999
67.5999
67.5999
67.5999
67.5999
67.5999
67.5999
67.5999
67.5999
67.5999
67.5999
67.5999
67.5999
67.5999
67.5999
67.5999
67.5999
67.5999
67.5999
67.5999
67.5999
67.5999
67.5999
67.5999
67.5999
67.5999
67.5999
67.5999
67.5999
67.5999
67.5999
67.5999
67.5999
67.5999
67.5999
67.5999
67.5999
67.5999
67.5999
67.5999
67.5999
67.5999
67.5999
67.5999
67.5999
67.5999
67.5999
67.5999
67.5999
67.5999
67.5999
67.5999
67.5999
67.5999
67.5999
67.5999
67.5999
67.5999
67.5999
67.5999
67.5999
67.5999
67.5999
67.5999
67.5999
67.5999
67.5999
67.5999
67.5999
67.5999
67.5999
67.5999
67.5999
67.5999
67.5999
67.5999
67.5999
67.5999
67.5999
67.5999
67.5999
67.5999
67.5999
67.5999
67.5999
67.5999
67.5999
67.5999
67.5999
67.5999
67.5999
67.5999
67.5999
67.5999
67.5999
67.5999
67.5999
67.5999
67.5999
67.5999
67.5999
67.5999
67.5999
67.5999
67.5999
67.5999
67.5999
67.5999
67.5999
67.5999
67.5999
67.5999
67.5999
67.5999
67.5999
67.5999
67.5999
67.5999
67.5999
67.5999
67.5999
67.5999
67.5999
67.5999
67.5999
67.5999
67.5999
67.5999
67.5999
67.5999
67.5999
67.5999
67.5999
67.5999
67.5999
67.5999
67.5999
67.5999
67.5999
67.5999
67.5999
67.5999
67.5999
67.5999
67.5999
67.5999
67.5999
67.5999
67.5999
67.5999
67.5999
67.5999
67.5999
67.5999
67.5999
67.5999
67.5999
67.5999
67.5999
67.5999
67.5999
67.5999
67.5999
67.5999
67.5999
67.5999
67.5999
67.5999
67.5999
67.5999
67.5999
67.5999
67.5999
67.5999
67.5999
67.5999
67.5999
67.5999
67.5999
67.5999
67.5999
67.5999
67.5999
67.5999
67.5999
67.5999
67.5999
67.5999
67.5999
67.5999
67.5999
67.5999
67.5999
67.5999
67.5999
67.5999
67.5999
67.5999
67.5999
67.5999
67.5999
67.5999
67.5999
67.5999
67.5999
67.5999
67.5999
67.5999
67.5999
67.5999
67.5999
67.5999
67.5999
67.5999
67.5999
67.5999
67.5999
67.5999
67.5999
67.5999
67.5999
67.5999
67.5999
67.5999
67.5999
67.5999
67.5999
67.5999
67.5999
67.5999
67.5999
67.5999
67.5999
67.5999
67.5999
67.5999
67.5999
67.5999
67.5999
67.5999
67.5999
67.5999
67.5999
67.5999
67.5999
67.5999
67.5999
67.5999
67.5999
67.5999
67.5999
67.5999
67.5999
67.5999
67.5999
67.5999
67.5999
67.5999
67.5999
67.5999
67.5999
67.5999
67.5999
67.5999
67.5999
67.5999
67.5999
67.5999
67.5999
67.5999
67.5999
67.5999
67.5999
67.5999
67.5999
67.5999
67.5999
67.5999
67.5999
67.5999
67.5999
67.5999
67.5999
67.5999
67.5999
67.5999
67.5999
67.5999
67.5999
67.5999
67.5999
67.5999
67.5999
67.5999
67.5999
67.5999
67.5999
67.5999
67.5999
67.5999
67.5999
67.5999
67.5999
67.5999
67.5999
67.5999
67.5999
67.5999
67.5999
67.5999
67.5999
67.5999
67.5999
67.5999
67.5999
67.5999
67.5999
67.5999
67.5999
67.5999
67.5999
67.5999
67.5999
67.5999
67.5999
67.5999
67.5999
67.5999
67.5999
67.5999
67.5999
67.5999
67.5999
67.5999
67.5999
67.5999
67.5999
67.5999
67.5999
67.5999
67.5999
67.5999
67.5999
67.5999
67.5999
67.5999
67.5999
67.5999
67.5999
67.5999
67.5999
67.5999
67.5999
67.5999
67.5999
67.5999
67.5999
67.5999
67.5999
67.5999
67.5999
67.5999
67.5999
67.5999
67.5999
67.5999
67.5999
67.5999
67.5999
67.5999
67.5999
67.5999
67.5999
67.5999
67.5999
67.5999
67.5999
67.5999
67.5999
67.5999
67.5999
67.5999
67.5999
67.5999
67.5999
67.5999
67.5999
67.5999
67.5999
67.5999
67.5999
67.5999
67.5999
67.5999
67.5999
67.5999
67.5999
67.5999
67.5999
67.5999
67.5999
67.5999
67.5999
67.5999
67.5999
67.5999
67.5999
67.5999
67.5999
67.5999
67.5999
67.5999
67.5999
67.5999
67.5999
67.5999
67.5999
67.5999
67.5999
67.5999
67.5999
67.5999
67.5999
67.5999
67.5999
67.5999
67.5999
67.5999
67.5999
67.5999
67.5999
67.5999
67.5999
67.5999
67.5999
67.5999
67.5999
67.5999
67.5999
67.5999
67.5999
67.5999
67.5999
67.5999
67.5999
67.5999
67.5999
67.5999
67.5999
67.5999
67.5999
67.5999
67.5999
67.5999
67.5999
67.5999
67.5999
67.5999
67.5999
67.5999
67.5999
67.5999
67.5999
67.5999
67.5999
67.5999
67.5999
67.5999
67.5999
67.5999
67.5999
67.5999
67.5999
67.5999
67.5999
67.5999
67.5999
67.5999
67.5999
67.5999
67.5999
67.5999
67.5999
67.5999
67.5999
67.5999
67.5999
67.5999
67.5999
67.5999
67.5999
67.5999
67.5999
67.5999
67.5999
67.5999
67.5999
67.5999
67.5999
67.5999
67.5999
67.5999
67.5999
67.5999
67.5999
67.5999
67.5999
67.5999
67.5999
67.5999
67.5999
67.5999
67.5999
67.5999
67.5999
67.5999
67.5999
67.5999
67.5999
67.5999
67.5999
67.5999
67.5999
67.5999
67.5999
67.5999
67.5999
67.5999
67.5999
67.5999
67.5999
67.5999
67.5999
67.5999
67.5999
67.5999
67.5999
67.5999
67.5999
67.5999
67.5999
67.5999
67.5999
67.5999
67.5999
67.5999
67.5999
67.5999
67.5999
67.5999
67.5999
67.5999
67.5999
67.5999
67.5999
67.5999
67.5999
67.5999
67.5999
67.5999
67.5999
67.5999
67.5999
67.5999
67.5999
67.5999
67.5999
67.5999
67.5999
67.5999
67.5999
67.5999
67.5999
67.5999
67.5999
67.5999
67.5999
67.5999
67.5999
67.5999
67.5999
67.5999
67.5999
67.5999
67.5999
67.5999
67.5999
67.5999
67.5999
67.5999
67.5999
67.5999
67.5999
67.5999
67.5999
67.5999
67.5999
67.5999
67.5999
67.5999
67.5999
67.5999
67.5999
67.5999
67.5999
67.5999
67.5999
67.5999
67.5999
67.5999
67.5999
67.5999
67.5999
67.5999
67.5999
67.5999
67.5999
67.5999
67.5999
67.5999
67.5999
67.5999
67.5999
67.5999
67.5999
67.5999
67.5999
67.5999
67.5999
67.5999
67.5999
67.5999
67.5999
67.5999
67.5999
67.5999
67.5999
67.5999
67.5999
67.5999
67.5999
67.5999
67.5999
67.5999
67.5999
67.5999
67.5999
67.5999
67.5999
67.5999
67.5999
67.5999
67.5999
67.5999
67.5999
67.5999
67.5999
67.5999
67.5999
67.5999
67.5999
67.5999
67.5999
67.5999
67.5999
67.5999
67.5999
67.5999
67.5999
67.5999
67.5999
67.5999
67.5999
67.5999
67.5999
67.5999
67.5999
67.5999
67.5999
67.5999
67.5999
67.5999
67.5999
67.5999
67.5999
67.5999
67.5999
67.5999
67.5999
67.5999
67.5999
67.5999
67.5999
67.5999
67.5999
67.5999
67.5999
67.5999
67.5999
67.5999
67.5999
67.5999
67.5999
67.5999
67.5999
67.5999
67.5999
67.5999
67.5999
67.5999
67.5999
67.5999
67.5999
67.5999
67.5999
67.5999
67.5999
67.5999
67.5999
67.5999
67.5999
67.5999
67.5999
67.5999
67.5999
67.5999
67.5999
67.5999
67.5999
67.5999
67.5999
67.5999
67.5999
67.5999
67.5999
67.5999
67.5999
67.5999
67.5999
67.5999
67.5999
67.5999
67.5999
67.5999
67.5999
67.5999
67.5999
67.5999
67.5999
67.5999
67.5999
67.5999
67.5999
67.5999
67.5999
67.5999
67.5999
67.5999
67.5999
67.5999
67.5999
67.5999
67.5999
67.5999
67.5999
67.5999
67.5999
67.5999
67.5999
67.5999
67.5999
67.5999
67.5999
67.5999
67.5999
67.5999
67.5999
67.5999
67.5999
67.5999
67.5999
67.5999
67.5999
67.5999
67.5999
67.5999
67.5999
67.5999
67.5999
67.5999
67.5999
67.5999
67.5999
67.5999
67.5999
67.5999
67.5999
67.5999
67.5999
67.5999
67.5999
67.5999
67.5999
67.5999
67.5999
67.5999
67.5999
67.5999
67.5999
67.5999
67.5999
67.5999
67.5999
67.5999
67.5999
67.5999
67.5999
67.5999
67.5999
67.5999
67.5999
67.5999
67.5999
67.5999
67.5999
67.5999
67.5999
67.5999
67.5999
67.5999
67.5999
67.5999
67.5999
67.5999
67.5999
67.5999
67.5999
67.5999
67.5999
67.5999
67.5999
67.5999
67.5999
67.5999
67.5999
67.5999
67.5999
67.5999
67.5999
67.5999
67.5999
67.5999
67.5999
67.5999
67.5999
67.5999
67.5999
67.5999
67.5999
67.5999
67.5999
67.5999
67.5999
67.5999
67.5999
67.5999
67.5999
67.5999
67.5999
67.5999
67.5999
67.5999
67.5999
67.5999
67.5999
67.5999
67.5999
67.5999
67.5999
67.5999
67.5999
67.5999
67.5999
67.5999
67.5999
67.5999
67.5999
67.5999
67.5999
67.5999
67.5999
67.5999
67.5999
67.5999
67.5999
67.5999
67.5999
67.5999
67.5999
67.5999
67.5999
67.5999
67.5999
67.5999
67.5999
67.5999
67.5999
67.5999
67.5999
67.5999
67.5999
67.5999
67.5999
67.5999
67.5999
67.5999
67.5999
67.5999
67.5999
67.5999
67.5999
67.5999
67.5999
67.5999
67.5999
67.5999
67.5999
67.5999
67.5999
67.5999
67.5999
67.5999
67.5999
67.5999
67.5999
67.5999
67.5999
67.5999
67.5999
67.5999
67.5999
67.5999
67.5999
67.5999
67.5999
67.5999
67.5999
67.5999
67.5999
67.5999
67.5999
67.5999
67.5999
67.5999
67.5999
67.5999
67.5999
67.5999
67.5999
67.5999
67.5999
67.5999
67.5999
67.5999
67.5999
67.5999
67.5999
67.5999
67.5999
67.5999
67.5999
67.5999
67.5999
67.5999
67.5999
67.5999
67.5999
67.5999
67.5999
67.5999
67.5999
67.5999
67.5999
67.5999
67.5999
67.5999
67.5999
67.5999
67.5999
67.5999
67.5999
67.5999
67.5999
67.5999
67.5999
67.5999
67.5999
67.5999
67.5999
67.5999
67.5999
67.5999
67.5999
67.5999
67.5999
67.5999
67.5999
67.5999
67.5999
67.5999
67.5999
67.5999
67.5999
67.5999
67.5999
67.5999
67.5999
67.5999
67.5999
67.5999
67.5999
67.5999
67.5999
67.5999
67.5999
67.5999
67.5999
67.5999
67.5999
67.5999
67.5999
67.5999
67.5999
67.5999
67.5999
67.5999
67.5999
67.5999
67.5999
67.5999
67.5999
67.5999
67.5999
67.5999
67.5999
67.5999
67.5999
67.5999
67.5999
67.5999
67.5999
67.5999
67.5999
67.5999
67.5999
67.5999
67.5999
67.5999
67.5999
67.5999
67.5999
67.5999
67.5999
67.5999
67.5999
67.5999
67.5999
67.5999
67.5999
67.5999
67.5999
67.5999
67.5999
67.5999
67.5999
67.5999
67.5999
67.5999
67.5999
67.5999
67.5999
67.5999
67.5999
67.5999
67.5999
67.5999
67.5999
67.5999
67.5999
67.5999
67.5999
67.5999
67.5999
67.5999
67.5999
67.5999
67.5999
67.5999
67.5999
67.5999
67.5999
67.5999
67.5999
67.5999
67.5999
67.5999
67.5999
67.5999
67.5999
67.5999
67.5999
67.5999
67.5999
67.5999
67.5999
67.5999
67.5999
67.5999
67.5999
67.5999
67.5999
67.5999
67.5999
67.5999
67.5999
67.5999
67.5999
67.5999
67.5999
67.5999
67.5999
67.5999
67.5999
67.5999
67.5999
67.5999
67.5999
67.5999
67.5999
67.5999
67.5999
67.5999
67.5999
67.5999
67.5999
67.5999
67.5999
67.5999
67.5999
67.5999
67.5999
67.5999
67.5999
67.5999
67.5999
67.5999
67.5999
67.5999
67.5999
67.5999
67.5999
67.5999
67.5999
67.5999
67.5999
67.5999
67.5999
67.5999
67.5999
67.5999
67.5999
67.5999
67.5999
67.5999
67.5999
67.5999
67.5999
67.5999
67.5999
67.5999
67.5999
67.5999
67.5999
67.5999
67.5999
67.5999
67.5999
67.5999
67.5999
67.5999
67.5999
67.5999
67.5999
67.5999
67.5999
67.5999
67.5999
67.5999
67.5999
67.5999
67.5999
67.5999
67.5999
67.5999
67.5999
67.5999
67.5999
67.5999
67.5999
67.5999
67.5999
67.5999
67.5999
67.5999
67.5999
67.5999
67.5999
67.5999
67.5999
67.5999
67.5999
67.5999
67.5999
67.5999
67.5999
67.5999
67.5999
67.5999
67.5999
67.5999
67.5999
67.5999
67.5999
67.5999
67.5999
67.5999
67.5999
67.5999
67.5999
67.5999
67.5999
67.5999
67.5999
67.5999
67.5999
67.5999
67.5999
67.5999
67.5999
67.5999
67.5999
67.5999
67.5999
67.5999
67.5999
67.5999
67.5999
67.5999
67.5999
67.5999
67.5999
67.5999
67.5999
67.5999
67.5999
67.5999
67.5999
67.5999
67.5999
67.5999
67.5999
67.5999
67.5999
67.5999
67.5999
67.5999
67.5999
67.5999
67.5999
67.5999
67.5999
67.5999
67.5999
67.5999
67.5999
67.5999
67.5999
67.5999
67.5999
67.5999
67.5999
67.5999
67.5999
67.5999
67.5999
67.5999
67.5999
67.5999
67.5999
67.5999
67.5999
67.5999
67.5999
67.5999
67.5999
67.5999
67.5999
67.5999
67.5999
67.5999
67.5999
67.5999
67.5999
67.5999
67.5999
67.5999
67.5999
67.5999
67.5999
67.5999
67.5999
67.5999
67.5999
67.5999
67.5999
67.5999
67.5999
67.5999
67.5999
67.5999
67.5999
67.5999
67.5999
67.5999
67.5999
67.5999
67.5999
67.5999
67.5999
67.5999
67.5999
67.5999
67.5999
67.5999
67.5999
67.5999
67.5999
67.5999
67.5999
67.5999
67.5999
67.5999
67.5999
67.5999
67.5999
67.5999
67.5999
67.5999
67.5999
67.5999
67.5999
67.5999
67.5999
67.5999
67.5999
67.5999
67.5999
67.5999
67.5999
67.5999
67.5999
67.5999
67.5999
67.5999
67.5999
67.5999
67.5999
67.5999
67.5999
67.5999
67.5999
67.5999
67.5999
67.5999
67.5999
67.5999
67.5999
67.5999
67.5999
67.5999
67.5999
67.5999
67.5999
67.5999
67.5999
67.5999
67.5999
67.5999
67.5999
67.5999
67.5999
67.5999
67.5999
67.5999
67.5999
67.5999
67.5999
67.5999
67.5999
67.5999
67.5999
67.5999
67.5999
67.5999
67.5999
67.5999
67.5999
67.5999
67.5999
67.5999
67.5999
67.5999
67.5999
67.5999
67.5999
67.5999
67.5999
67.5999
67.5999
67.5999
67.5999
67.5999
67.5999
67.5999
67.5999
67.5999
67.5999
67.5999
67.5999
67.5999
67.5999
67.5999
67.5999
67.5999
67.5999
67.5999
67.5999
67.5999
67.5999
67.5999
67.5999
67.5999
67.5999
67.5999
67.5999
67.5999
67.5999
67.5999
67.5999
67.5999
67.5999
67.5999
67.5999
67.5999
67.5999
67.5999
67.5999
67.5999
67.5999
67.5999
67.5999
67.5999
67.5999
67.5999
67.5999
67.5999
67.5999
67.5999
67.5999
67.5999
67.5999
67.5999
67.5999
67.5999
67.5999
67.5999
67.5999
67.5999
67.5999
67.5999
67.5999
67.5999
67.5999
67.5999
67.5999
67.5999
67.5999
67.5999
67.5999
67.5999
67.5999
67.5999
67.5999
67.5999
67.5999
67.5999
67.5999
67.5999
67.5999
67.5999
67.5999
67.5999
67.5999
67.5999
67.5999
67.5999
67.5999
67.5999
67.5999
67.5999
67.5999
67.5999
67.5999
67.5999
67.5999
67.5999
67.5999
67.5999
67.5999
67.5999
67.5999
67.5999
67.5999
67.5999
67.5999
67.5999
67.5999
67.5999
67.5999
67.5999
67.5999
67.5999
67.5999
67.5999
67.5999
67.5999
67.5999
67.5999
67.5999
67.5999
67.5999
67.5999
67.5999
67.5999
67.5999
67.5999
67.5999
67.5999
67.5999
67.5999
67.5999
67.5999
67.5999
67.5999
67.5999
67.5999
67.5999
67.5999
67.5999
67.5999
67.5999
67.5999
67.5999
67.5999
67.5999
67.5999
67.5999
67.5999
67.5999
67.5999
67.5999
67.5999
67.5999
67.5999
67.5999
67.5999
67.5999
67.5999
67.5999
67.5999
67.5999
67.5999
67.5999
67.5999
67.5999
67.5999
67.5999
67.5999
67.5999
67.5999
67.5999
67.5999
67.5999
67.5999
67.5999
67.5999
67.5999
67.5999
67.5999
67.5999
67.5999
67.5999
67.5999
67.5999
67.5999
67.5999
67.5999
67.5999
67.5999
67.5999
67.5999
67.5999
67.5999
67.5999
67.5999
67.5999
67.5999
67.5999
67.5999
67.5999
67.5999
67.5999
67.5999
67.5999
67.5999
67.5999
67.5999
67.5999
67.5999
67.5999
67.5999
67.5999
67.5999
67.5999
67.5999
67.5999
67.5999
67.5999
67.5999
67.5999
67.5999
67.5999
67.5999
67.5999
67.5999
67.5999
67.5999
67.5999
67.5999
67.5999
67.5999
67.5999
67.5999
67.5999
67.5999
67.5999
67.5999
67.5999
67.5999
67.5999
67.5999
67.5999
67.5999
67.5999
67.5999
67.5999
67.5999
67.5999
67.5999
67.5999
67.5999
67.5999
67.5999
67.5999
67.5999
67.5999
67.5999
67.5999
67.5999
67.5999
67.5999
67.5999
67.5999
67.5999
67.5999
67.5999
67.5999
67.5999
67.5999
67.5999
67.5999
67.5999
67.5999
67.5999
67.5999
67.5999
67.5999
67.5999
67.5999
67.5999
67.5999
67.5999
67.5999
67.5999
67.5999
67.5999
67.5999
67.5999
67.5999
67.5999
67.5999
67.5999
67.5999
67.5999
67.5999
67.5999
67.5999
67.5999
67.5999
67.5999
67.5999
67.5999
67.5999
67.5999
67.5999
67.5999
67.5999
67.5999
67.5999
67.5999
67.5999
67.5999
67.5999
67.5999
67.5999
67.5999
67.5999
67.5999
67.5999
67.5999
67.5999
67.5999
67.5999
67.5999
67.5999
67.5999
67.5999
67.5999
67.5999
67.5999
67.5999
67.5999
67.5999
67.5999
67.5999
67.5999
67.5999
67.5999
67.5999
67.5999
67.5999
67.5999
67.5999
67.5999
67.5999
67.5999
67.5999
67.5999
67.5999
67.5999
67.5999
67.5999
67.5999
67.5999
67.5999
67.5999
67.5999
67.5999
67.5999
67.5999
67.5999
67.5999
67.5999
67.5999
67.5999
67.5999
67.5999
67.5999
67.5999
67.5999
67.5999
67.5999
67.5999
67.5999
67.5999
67.5999
67.5999
67.5999
67.5999
67.5999
67.5999
67.5999
67.5999
67.5999
67.5999
67.5999
67.5999
67.5999
67.5999
67.5999
67.5999
67.5999
67.5999
67.5999
67.5999
67.5999
67.5999
67.5999
67.5999
67.5999
67.5999
67.5999
67.5999
67.5999
67.5999
67.5999
67.5999
67.5999
67.5999
67.5999
67.5999
67.5999
67.5999
67.5999
67.5999
67.5999
67.5999
67.5999
67.5999
67.5999
67.5999
67.5999
67.5999
67.5999
67.5999
67.5999
67.5999
67.5999
67.5999
67.5999
67.5999
67.5999
67.5999
67.5999
67.5999
67.5999
67.5999
67.5999
67.5999
67.5999
67.5999
67.5999
67.5999
67.5999
67.5999
67.5999
67.5999
67.5999
67.5999
67.5999
67.5999
67.5999
67.5999
67.5999
67.5999
67.5999
67.5999
67.5999
67.5999
67.5999
67.5999
67.5999
67.5999
67.5999
67.5999
67.5999
67.5999
67.5999
67.5999
67.5999
67.5999
67.5999
67.5999
67.5999
67.5999
67.5999
67.5999
67.5999
67.5999
67.5999
67.5999
67.5999
67.5999
67.5999
67.5999
67.5999
67.5999
67.5999
67.5999
67.5999
67.5999
67.5999
67.5999
67.5999
67.5999
67.5999
67.5999
67.5999
67.5999
67.5999
67.5999
67.5999
67.5999
67.5999
67.5999
67.5999
67.5999
67.5999
67.5999
67.5999
67.5999
67.5999
67.5999
67.5999
67.5999
67.5999
67.5999
67.5999
67.5999
67.5999
67.5999
67.5999
67.5999
67.5999
67.5999
67.5999
67.5999
67.5999
67.5999
67.5999
67.5999
67.5999
67.5999
67.5999
67.5999
67.5999
67.5999
67.5999
67.5999
67.5999
67.5999
67.5999
67.5999
67.5999
67.5999
67.5999
67.5999
67.5999
67.5999
67.5999
67.5999
67.5999
67.5999
67.5999
67.5999
67.5999
67.5999
67.5999
67.5999
67.5999
67.5999
67.5999
67.5999
67.5999
67.5999
67.5999
67.5999
67.5999
67.5999
67.5999
67.5999
67.5999
67.5999
67.5999
67.5999
67.5999
67.5999
67.5999
67.5999
67.5999
67.5999
67.5999
67.5999
67.5999
67.5999
67.5999
67.5999
67.5999
67.5999
67.5999
67.5999
67.5999
67.5999
67.5999
67.5999
67.5999
67.5999
67.5999
67.5999
67.5999
67.5999
67.5999
67.5999
67.5999
67.5999
67.5999
67.5999
67.5999
67.5999
67.5999
67.5999
67.5999
67.5999
67.5999
67.5999
67.5999
67.5999
67.5999
67.5999
67.5999
67.5999
67.5999
67.5999
67.5999
67.5999
67.5999
67.5999
67.5999
67.5999
67.5999
67.5999
67.5999
67.5999
67.5999
67.5999
67.5999
67.5999
67.5999
67.5999
67.5999
67.5999
67.5999
67.5999
67.5999
67.5999
67.5999
67.5999
67.5999
67.5999
67.5999
67.5999
67.5999
67.5999
67.5999
67.5999
67.5999
67.5999
67.5999
67.5999
67.5999
67.5999
67.5999
67.5999
67.5999
67.5999
67.5999
67.5999
67.5999
67.5999
67.5999
67.5999
67.5999
67.5999
67.5999
67.5999
67.5999
67.5999
67.5999
67.5999
67.5999
67.5999
67.5999
67.5999
67.5999
67.5999
67.5999
67.5999
67.5999
67.5999
67.5999
67.5999
67.5999
67.5999
67.5999
67.5999
67.5999
67.5999
67.5999
67.5999
67.5999
67.5999
67.5999
67.5999
67.5999
67.5999
67.5999
67.5999
67.5999
67.5999
67.5999
67.5999
67.5999
67.5999
67.5999
67.5999
67.5999
67.5999
67.5999
67.5999
67.5999
67.5999
67.5999
67.5999
67.5999
67.5999
67.5999
67.5999
67.5999
67.5999
67.5999
67.5999
67.5999
67.5999
67.5999
67.5999
67.5999
67.5999
67.5999
67.5999
67.5999
67.5999
67.5999
67.5999
67.5999
67.5999
67.5999
67.5999
67.5999
67.5999
67.5999
67.5999
67.5999
67.5999
67.5999
67.5999
67.5999
67.5999
67.5999
67.5999
67.5999
67.5999
67.5999
67.5999
67.5999
67.5999
67.5999
67.5999
67.5999
67.5999
67.5999
67.5999
67.5999
67.5999
67.5999
67.5999
67.5999
67.5999
67.5999
67.5999
67.5999
67.5999
67.5999
67.5999
67.5999
67.5999
67.5999
67.5999
67.5999
67.5999
67.5999
67.5999
67.5999
67.5999
67.5999
67.5999
67.5999
67.5999
67.5999
67.5999
67.5999
67.5999
67.5999
67.5999
67.5999
67.5999
67.5999
67.5999
67.5999
67.5999
67.5999
67.5999
67.5999
67.5999
67.5999
67.5999
67.5999
67.5999
67.5999
67.5999
67.5999
67.5999
67.5999
67.5999
67.5999
67.5999
67.5999
67.5999
67.5999
67.5999
67.5999
67.5999
67.5999
67.5999
67.5999
67.5999
67.5999
67.5999
67.5999
67.5999
67.5999
67.5999
67.5999
67.5999
67.5999
67.5999
67.5999
67.5999
67.5999
67.5999
67.5999
67.5999
67.5999
67.5999
67.5999
67.5999
67.5999
67.5999
67.5999
67.5999
67.5999
67.5999
67.5999
67.5999
67.5999
67.5999
67.5999
67.5999
67.5999
67.5999
67.5999
67.5999
67.5999
67.5999
67.5999
67.5999
67.5999
67.5999
67.5999
67.5999
67.5999
67.5999
67.5999
67.5999
67.5999
67.5999
67.5999
67.5999
67.5999
67.5999
67.5999
67.5999
67.5999
67.5999
67.5999
67.5999
67.5999
67.5999
67.5999
67.5999
67.5999
67.5999
67.5999
67.5999
67.5999
67.5999
67.5999
67.5999
67.5999
67.5999
67.5999
67.5999
67.5999
67.5999
67.5999
67.5999
67.5999
67.5999
67.5999
67.5999
67.5999
67.5999
67.5999
67.5999
67.5999
67.5999
67.5999
67.5999
67.5999
67.5999
67.5999
67.5999
67.5999
67.5999
67.5999
67.5999
67.5999
67.5999
67.5999
67.5999
67.5999
67.5999
67.5999
67.5999
67.5999
67.5999
67.5999
67.5999
67.5999
67.5999
67.5999
67.5999
67.5999
67.5999
67.5999
67.5999
67.5999
67.5999
67.5999
67.5999
67.5999
67.5999
67.5999
67.5999
67.5999
67.5999
67.5999
67.5999
67.5999
67.5999
67.5999
67.5999
67.5999
67.5999
67.5999
67.5999
67.5999
67.5999
67.5999
67.5999
67.5999
67.5999
67.5999
67.5999
67.5999
67.5999
67.5999
67.5999
67.5999
67.5999
67.5999
67.5999
67.5999
67.5999
67.5999
67.5999
67.5999
67.5999
67.5999
67.5999
67.5999
67.5999
67.5999
67.5999
67.5999
67.5999
67.5999
67.5999
67.5999
67.5999
67.5999
67.5999
67.5999
67.5999
67.5999
67.5999
67.5999
67.5999
67.5999
67.5999
67.5999
67.5999
67.5999
67.5999
67.5999
67.5999
67.5999
67.5999
67.5999
67.5999
67.5999
67.5999
67.5999
67.5999
67.5999
67.5999
67.5999
67.5999
67.5999
67.5999
67.5999
67.5999
67.5999
67.5999
67.5999
67.5999
67.5999
67.5999
67.5999
67.5999
67.5999
67.5999
67.5999
67.5999
67.5999
67.5999
67.5999
67.5999
67.5999
67.5999
67.5999
67.5999
67.5999
67.5999
67.5999
67.5999
67.5999
67.5999
67.5999
67.5999
67.5999
67.5999
67.5999
67.5999
67.5999
67.5999
67.5999
67.5999
67.5999
67.5999
67.5999
67.5999
67.5999
67.5999
67.5999
67.5999
67.5999
67.5999
67.5999
67.5999
67.5999
67.5999
67.5999
67.5999
67.5999
67.5999
67.5999
67.5999
67.5999
67.5999
67.5999
67.5999
67.5999
67.5999
67.5999
67.5999
67.5999
67.5999
67.5999
67.5999
67.5999
67.5999
67.5999
67.5999
67.5999
67.5999
67.5999
67.5999
67.5999
67.5999
67.5999
67.5999
67.5999
67.5999
67.5999
67.5999
67.5999
67.5999
67.5999
67.5999
67.5999
67.5999
67.5999
67.5999
67.5999
67.5999
67.5999
67.5999
67.5999
67.5999
67.5999
67.5999
67.5999
67.5999
67.5999
67.5999
67.5999
67.5999
67.5999
67.5999
67.5999
67.5999
67.5999
67.5999
67.5999
67.5999
67.5999
67.5999
67.5999
67.5999
67.5999
67.5999
67.5999
67.5999
67.5999
67.5999
67.5999
67.5999
67.5999
67.5999
67.5999
67.5999
67.5999
67.5999
67.5999
67.5999
67.5999
67.5999
67.5999
67.5999
67.5999
67.5999
67.5999
67.5999
67.5999
67.5999
67.5999
67.5999
67.5999
67.5999
67.5999
67.5999
67.5999
67.5999
67.5999
67.5999
67.5999
67.5999
67.5999
67.5999
67.5999
67.5999
67.5999
67.5999
67.5999
67.5999
67.5999
67.5999
67.5999
67.5999
67.5999
67.5999
67.5999
67.5999
67.5999
67.5999
67.5999
67.5999
67.5999
67.5999
67.5999
67.5999
67.5999
67.5999
67.5999
67.5999
67.5999
67.5999
67.5999
67.5999
67.5999
67.5999
67.5999
67.5999
67.5999
67.5999
67.5999
67.5999
67.5999
67.5999
67.5999
67.5999
67.5999
67.5999
67.5999
67.5999
67.5999
67.4846
67.4846
67.4846
67.4846
67.4846
67.4846
67.4846
67.4846
67.4846
67.4846
67.4846
67.4846
67.4846
67.4846
67.4846
67.4846
67.4846
67.4846
67.4846
67.2165
67.2165
67.2165
67.2165
67.2165
67.2165
67.2165
67.2165
67.2165
67.2165
67.2165
67.2165
67.2165
67.2165
67.2165
67.2165
67.2165
67.2165
67.2165
67.2165
67.2165
67.2165
67.2165
67.2165
67.2165
67.2165
67.2165
67.2165
67.2165
67.2165
67.2165
67.2165
67.2165
67.2165
67.2165
67.2165
67.2165
67.2165
67.2165
67.2165
67.2165
67.2165
67.2165
67.2165
67.2165
67.2165
67.2165
67.2165
67.2165
67.2165
67.2165
67.2165
67.2165
67.2165
67.2165
67.2165
67.2165
67.2165
67.2165
67.2165
67.2165
67.2165
67.2165
67.2165
67.2165
67.2165
67.2165
67.2165
67.2165
67.2165
67.2165
67.2165
67.2165
67.2165
67.2165
67.2165
67.2165
67.2165
67.2165
67.2165
67.2165
67.2165
67.2165
67.2165
67.2165
67.2165
67.2165
67.2165
67.2165
67.2165
67.2165
67.2165
67.2165
67.2165
67.2165
67.2165
67.2165
67.2165
67.2165
67.2165
67.2165
67.2165
67.2165
67.2165
67.2165
67.2165
67.2165
67.2165
67.2165
67.2165
67.2165
67.2165
67.2165
67.2165
67.2165
67.2165
67.2165
67.2165
67.2165
67.2165
67.2165
67.2165
67.2165
67.2165
67.2165
67.2165
67.2165
67.2165
67.2165
67.2165
67.2165
67.2165
67.2165
67.2165
67.2165
67.2165
67.2165
67.2165
67.2165
67.2165
67.2165
67.2165
67.2165
67.2165
67.2165
67.2165
67.2165
67.2165
67.2165
67.2165
67.2165
67.2165
67.2165
67.2165
67.2165
67.2165
67.2165
67.2165
67.2165
67.2165
67.2165
67.2165
67.2165
67.2165
67.2165
67.2165
67.2165
67.2165
67.2165
67.2165
67.2165
67.2165
67.2165
67.2165
67.2165
67.2165
67.2165
67.2165
67.2165
67.2165
67.2165
67.2165
67.2165
67.2165
67.2165
67.2165
67.2165
67.2165
67.2165
67.2165
67.2165
67.2165
67.2165
67.2165
67.2165
67.2165
67.2165
67.2165
67.2165
67.2165
67.2165
67.2165
67.2165
67.2165
67.2165
67.2165
67.2165
67.2165
67.2165
67.2165
67.2165
67.2165
67.2165
67.2165
67.2165
67.2165
67.2165
67.2165
67.2165
67.2165
67.2165
67.2165
67.2165
67.2165
67.2165
67.2165
67.2165
67.2165
67.2165
67.2165
67.2165
67.2165
67.2165
67.2165
67.2165
67.2165
67.2165
67.2165
67.2165
67.2165
67.2165
67.2165
67.2165
67.2165
67.2165
67.2165
67.2165
67.2165
67.2165
67.2165
67.2165
67.2165
67.2165
67.2165
67.2165
67.2165
67.2165
67.2165
67.2165
67.2165
67.2165
67.2165
67.2165
67.2165
67.2165
67.2165
67.2165
67.2165
67.2165
67.2165
67.2165
67.2165
67.2165
67.2165
67.2165
67.2165
67.2165
67.2165
67.2165
67.2165
67.2165
67.2165
67.2165
67.2165
67.2165
67.2165
67.2165
67.2165
67.2165
67.2165
67.2165
67.2165
67.2165
67.2165
67.2165
67.2165
67.2165
67.2165
67.2165
67.2165
67.2165
67.2165
67.2165
67.2165
67.2165
67.2165
67.2165
67.2165
67.2165
67.2165
67.2165
67.2165
67.2165
67.2165
67.2165
67.2165
67.2165
67.2165
67.2165
67.2165
67.2165
67.2165
67.2165
67.2165
67.2165
67.2165
67.2165
67.2165
67.2165
67.2165
67.2165
67.2165
67.2165
67.2165
67.2165
67.2165
67.2165
67.2165
67.2165
67.2165
67.2165
67.2165
67.2165
67.2165
67.2165
67.2165
67.2165
67.2165
67.2165
67.2165
67.2165
67.2165
67.2165
67.2165
67.2165
67.2165
67.2165
67.2165
67.2165
67.2165
67.2165
67.2165
67.2165
67.2165
67.2165
67.2165
67.2165
67.2165
67.2165
67.2165
67.2165
67.2165
67.2165
67.2165
67.2165
67.2165
67.2165
67.2165
67.2165
67.2165
67.2165
67.2165
67.2165
67.2165
67.2165
67.2165
67.2165
67.2165
67.2165
67.2165
67.2165
67.2165
67.2165
67.2165
67.2165
67.2165
67.2165
67.2165
67.2165
67.2165
67.2165
67.2165
67.2165
67.2165
67.2165
67.2165
67.2165
67.2165
67.2165
67.2165
67.2165
67.2165
67.2165
67.2165
67.2165
67.2165
67.2165
67.2165
67.2165
67.2165
67.2165
67.2165
67.2165
67.2165
67.2165
67.2165
67.2165
67.2165
67.2165
67.2165
67.2165
67.2165
67.2165
67.2165
67.2165
67.2165
67.2165
67.2165
67.2165
67.2165
67.2165
67.2165
67.2165
67.2165
67.2165
67.2165
67.2165
67.2165
67.2165
67.2165
67.2165
67.2165
67.2165
67.2165
67.2165
67.2165
67.2165
67.2165
67.2165
67.2165
67.2165
67.2165
67.2165
67.2165
67.2165
67.2165
67.2165
67.2165
67.2165
67.2165
67.2165
67.2165
67.2165
67.2165
67.2165
67.2165
67.2165
67.2165
67.2165
67.2165
67.2165
67.2165
67.2165
67.2165
67.2165
67.2165
67.2165
67.2165
67.2165
67.2165
67.2165
67.2165
67.2165
67.2165
67.2165
67.2165
67.2165
67.2165
67.2165
67.2165
67.2165
67.2165
67.2165
67.2165
67.2165
67.2165
67.2165
67.2165
67.2165
67.2165
67.2165
67.2165
67.2165
67.2165
67.2165
67.2165
67.2165
67.2165
67.2165
67.2165
67.2165
67.2165
67.2165
67.2165
67.2165
67.2165
67.2165
67.2165
67.2165
67.2165
67.2165
67.2165
67.2165
67.2165
67.2165
67.2165
67.2165
67.2165
67.2165
67.2165
67.2165
67.2165
67.2165
67.2165
67.2165
67.2165
67.2165
67.2165
67.2165
67.2165
67.2165
67.2165
67.2165
67.2165
67.2165
67.2165
67.2165
67.2165
67.2165
67.2165
67.2165
67.2165
67.2165
67.2165
67.2165
67.2165
67.2165
67.2165
67.2165
67.2165
67.2165
67.2165
67.2165
67.2165
67.2165
67.2165
67.2165
67.2165
67.2165
67.2165
67.2165
67.2165
67.2165
67.2165
67.2165
67.2165
67.2165
67.2165
67.2165
67.2165
67.2165
67.2165
67.2165
67.2165
67.2165
67.2165
67.2165
67.2165
67.2165
67.2165
67.2165
67.2165
67.2165
67.2165
67.2165
67.2165
67.2165
67.2165
67.2165
67.2165
67.2165
67.2165
67.2165
67.2165
67.2165
67.2165
67.2165
67.2165
67.2165
67.2165
67.2165
67.2165
67.2165
67.2165
67.2165
67.2165
67.2165
67.2165
67.2165
67.2165
67.2165
67.2165
67.2165
67.2165
67.2165
67.2165
67.2165
67.2165
67.2165
67.2165
67.2165
67.2165
67.2165
67.2165
67.2165
67.2165
67.2165
67.2165
67.2165
67.2165
67.2165
67.2165
67.2165
67.2165
67.2165
67.2165
67.2165
67.2165
67.2165
67.2165
67.2165
67.2165
67.2165
67.2165
67.2165
67.2165
67.2165
67.2165
67.2165
67.2165
67.2165
67.2165
67.2165
67.2165
67.2165
67.2165
67.2165
67.2165
67.2165
67.2165
67.2165
67.2165
67.2165
67.2165
67.2165
67.2165
67.2165
67.2165
67.2165
67.2165
67.2165
67.2165
67.2165
67.2165
67.2165
67.2165
67.2165
67.2165
67.2165
67.2165
67.2165
67.2165
67.2165
67.2165
67.2165
67.2165
67.2165
67.2165
67.2165
67.2165
67.2165
67.2165
67.2165
67.2165
67.2165
67.2165
67.2165
67.2165
67.2165
67.2165
67.2165
67.2165
67.2165
67.2165
67.2165
67.2165
67.2165
67.2165
67.2165
67.2165
67.2165
67.2165
67.2165
67.2165
67.2165
67.2165
67.2165
67.2165
67.2165
67.2165
67.2165
67.2165
67.2165
67.2165
67.2165
67.2165
67.2165
67.2165
67.2165
67.2165
67.2165
67.2165
67.2165
67.2165
67.2165
67.2165
67.2165
67.2165
67.2165
67.2165
67.2165
67.2165
67.2165
67.2165
67.2165
67.2165
67.2165
67.2165
67.2165
67.2165
67.2165
67.2165
67.2165
67.2165
67.2165
67.2165
67.2165
67.2165
67.2165
67.2165
67.2165
67.2165
67.2165
67.2165
67.2165
67.2165
67.2165
67.2165
67.2165
67.2165
67.2165
67.2165
67.2165
67.2165
67.2165
67.2165
67.2165
67.2165
67.2165
67.2165
67.2165
67.2165
67.2165
67.2165
67.2165
67.2165
67.2165
67.2165
67.2165
67.2165
67.2165
67.2165
67.2165
67.2165
67.2165
67.2165
67.2165
67.2165
67.2165
67.2165
67.2165
67.2165
67.2165
67.2165
67.2165
67.2165
67.2165
67.2165
67.2165
67.2165
67.2165
67.2165
67.2165
67.2165
67.2165
67.2165
67.2165
67.2165
67.2165
67.2165
67.2165
67.2165
67.2165
67.2165
67.2165
67.2165
67.2165
67.2165
67.2165
67.2165
67.2165
67.2165
67.2165
67.2165
67.2165
67.2165
67.2165
67.2165
67.2165
67.2165
67.2165
67.2165
67.2165
67.2165
67.2165
67.2165
67.2165
67.2165
67.2165
67.2165
67.2165
67.2165
67.2165
67.2165
67.2165
67.2165
67.2165
67.2165
67.2165
67.2165
67.2165
67.2165
67.2165
67.2165
67.2165
67.2165
67.2165
67.2165
67.2165
67.2165
67.2165
67.2165
67.2165
67.2165
67.2165
67.2165
67.2165
67.2165
67.2165
67.2165
67.2165
67.2165
67.2165
67.2165
67.2165
67.2165
67.2165
67.2165
67.2165
67.2165
67.2165
67.2165
67.2165
67.2165
67.2165
67.2165
67.2165
67.2165
67.2165
67.2165
67.2165
67.2165
67.2165
67.2165
67.2165
67.2165
67.2165
67.2165
67.2165
67.2165
67.2165
67.2165
67.2165
67.2165
67.2165
67.2165
67.2165
67.2165
67.2165
67.2165
67.2165
67.2165
67.2165
67.2165
67.2165
67.2165
67.2165
67.2165
67.2165
67.2165
67.2165
67.2165
67.2165
67.2165
67.2165
67.2165
67.2165
67.2165
67.2165
67.2165
67.2165
67.2165
67.2165
67.2165
67.2165
67.2165
67.2165
67.2165
67.2165
67.2165
67.2165
67.2165
67.2165
67.2165
67.2165
67.2165
67.2165
67.2165
67.2165
67.2165
67.2165
67.2165
67.2165
67.2165
67.2165
67.2165
67.2165
67.2165
67.2165
67.2165
67.2165
67.2165
67.2165
67.2165
67.2165
67.2165
67.2165
67.2165
67.2165
67.2165
67.2165
67.2165
67.2165
67.2165
67.2165
67.2165
67.2165
67.2165
67.2165
67.2165
67.2165
67.2165
67.2165
67.2165
67.2165
67.2165
67.2165
67.2165
67.2165
67.2165
67.2165
67.2165
67.2165
67.2165
67.2165
67.2165
67.2165
67.2165
67.2165
67.2165
67.2165
67.2165
67.2165
67.2165
67.2165
67.2165
67.2165
67.2165
67.2165
67.2165
67.2165
67.2165
67.2165
67.2165
67.2165
67.2165
67.2165
67.2165
67.2165
67.2165
67.2165
67.2165
67.2165
67.2165
67.2165
67.2165
67.2165
67.2165
67.2165
67.2165
67.2165
67.2165
67.2165
67.2165
67.2165
67.2165
67.2165
67.2165
67.2165
67.2165
67.2165
67.2165
67.2165
67.2165
67.2165
67.2165
67.2165
67.2165
67.2165
67.2165
67.2165
67.2165
67.2165
67.2165
67.2165
67.2165
67.2165
67.2165
67.2165
67.2165
67.2165
67.2165
67.2165
67.2165
67.2165
67.2165
67.2165
67.2165
67.2165
67.2165
67.2165
67.2165
67.2165
67.2165
67.2165
67.2165
67.2165
67.2165
67.2165
67.2165
67.2165
67.2165
67.2165
67.2165
67.2165
67.2165
67.2165
67.2165
67.2165
67.2165
67.2165
67.2165
67.2165
67.2165
67.2165
67.2165
67.2165
67.2165
67.2165
67.2165
67.2165
67.2165
67.2165
67.2165
67.2165
67.2165
67.2165
67.2165
67.2165
67.2165
67.2165
67.2165
67.2165
67.2165
67.2165
67.2165
67.2165
67.2165
67.2165
67.2165
67.2165
67.2165
67.2165
67.2165
67.2165
67.2165
67.2165
67.2165
67.2165
67.2165
67.2165
67.2165
67.2165
67.2165
67.2165
67.2165
67.2165
67.2165
67.2165
67.2165
67.2165
67.2165
67.2165
67.2165
67.2165
67.2165
67.2165
67.2165
67.2165
67.2165
67.2165
67.2165
67.2165
67.2165
67.2165
67.2165
67.2165
67.2165
67.2165
67.2165
67.2165
67.2165
67.2165
67.2165
67.2165
67.2165
67.2165
67.2165
67.2165
67.2165
67.2165
67.2165
67.2165
67.2165
67.2165
67.2165
67.2165
67.2165
67.2165
67.2165
67.2165
67.2165
67.2165
67.2165
67.2165
67.2165
67.2165
67.2165
67.2165
67.2165
67.2165
67.2165
67.2165
67.2165
67.2165
67.2165
67.2165
67.2165
67.2165
67.2165
67.2165
67.2165
67.2165
67.2165
67.2165
67.2165
67.2165
67.2165
67.2165
67.2165
67.2165
67.2165
67.2165
67.2165
67.2165
67.2165
67.2165
67.2165
67.2165
67.2165
67.2165
67.2165
67.2165
67.2165
67.2165
67.2165
67.2165
67.2165
67.2165
67.2165
67.2165
67.2165
67.2165
67.2165
67.2165
67.2165
67.2165
67.2165
67.2165
67.2165
67.2165
67.2165
67.2165
67.2165
67.2165
67.2165
67.2165
67.2165
67.2165
67.2165
67.2165
67.2165
67.2165
67.2165
67.2165
67.2165
67.2165
67.2165
67.2165
67.2165
67.2165
67.2165
67.2165
67.2165
67.2165
67.2165
67.2165
67.2165
67.2165
67.2165
67.2165
67.2165
67.2165
67.2165
67.2165
67.2165
67.2165
67.2165
67.2165
67.2165
67.2165
67.2165
67.2165
67.2165
67.2165
67.2165
67.2165
67.2165
67.2165
67.2165
67.2165
67.2165
67.2165
67.2165
67.2165
67.2165
67.2165
67.2165
67.2165
67.2165
67.2165
67.2165
67.2165
67.2165
67.2165
67.2165
67.2165
67.2165
67.2165
67.2165
67.2165
67.2165
67.2165
67.2165
67.2165
67.2165
67.2165
67.2165
67.2165
67.2165
67.2165
67.2165
67.2165
67.2165
67.2165
67.2165
67.2165
67.2165
67.2165
67.2165
67.2165
67.2165
67.2165
67.2165
67.2165
67.2165
67.2165
67.2165
67.2165
67.2165
67.2165
67.2165
67.2165
67.2165
67.2165
67.2165
67.2165
67.2165
67.2165
67.2165
67.2165
67.2165
67.2165
67.2165
67.2165
67.2165
67.2165
67.2165
67.2165
67.2165
67.2165
67.2165
67.2165
67.2165
67.2165
67.2165
67.2165
67.2165
67.2165
67.2165
67.2165
67.2165
67.2165
67.2165
67.2165
67.2165
67.2165
67.2165
67.2165
67.2165
67.2165
67.2165
67.2165
67.2165
67.2165
67.2165
67.2165
67.2165
67.2165
67.2165
67.2165
67.2165
67.2165
67.2165
67.2165
67.2165
67.2165
67.2165
67.2165
67.2165
67.2165
67.2165
67.2165
67.2165
67.2165
67.2165
67.2165
67.2165
67.2165
67.2165
67.2165
67.2165
67.2165
67.2165
67.2165
67.2165
67.2165
67.2165
67.2165
67.2165
67.2165
67.2165
67.2165
67.2165
67.2165
67.2165
67.2165
67.2165
67.2165
67.2165
67.2165
67.2165
67.2165
67.2165
67.2165
67.2165
67.2165
67.2165
67.2165
67.2165
67.2165
67.2165
67.2165
67.2165
67.2165
67.2165
67.2165
67.2165
67.2165
67.2165
67.2165
67.2165
67.2165
67.2165
67.2165
67.2165
67.2165
67.2165
67.2165
67.2165
67.2165
67.2165
67.2165
67.2165
67.2165
67.2165
67.2165
67.2165
67.2165
67.2165
67.2165
67.2165
67.2165
67.2165
67.2165
67.2165
67.2165
67.2165
67.2165
67.2165
67.2165
67.2165
67.2165
67.2165
67.2165
67.2165
67.2165
67.2165
67.2165
67.2165
67.2165
67.2165
67.2165
67.2165
67.2165
67.2165
67.2165
67.2165
67.2165
67.2165
67.2165
67.2165
67.2165
67.2165
67.2165
67.2165
67.2165
67.2165
67.2165
67.2165
67.2165
67.2165
67.2165
67.2165
67.2165
67.2165
67.2165
67.2165
67.2165
67.2165
67.2165
67.2165
67.2165
67.2165
67.2165
67.2165
67.2165
67.2165
67.2165
67.2165
67.2165
67.2165
67.2165
67.2165
67.2165
67.2165
67.2165
67.2165
67.2165
67.2165
67.2165
67.2165
67.2165
67.2165
67.2165
67.2165
67.2165
67.2165
67.2165
67.2165
67.2165
67.2165
67.2165
67.2165
67.2165
67.2165
67.2165
67.2165
67.2165
67.2165
67.2165
67.2165
67.2165
67.2165
67.2165
67.2165
67.2165
67.2165
67.2165
67.2165
67.2165
67.2165
67.2165
67.2165
67.2165
67.2165
67.2165
67.2165
67.2165
67.2165
67.2165
67.2165
67.2165
67.2165
67.2165
67.2165
67.2165
67.2165
67.2165
67.2165
67.2165
67.2165
67.2165
67.2165
67.2165
67.2165
67.2165
67.2165
67.2165
67.2165
67.2165
67.2165
67.2165
67.2165
67.2165
67.2165
67.2165
67.2165
67.2165
67.2165
67.2165
67.2165
67.2165
67.2165
67.2165
67.2165
67.2165
67.2165
67.2165
67.2165
67.2165
67.2165
67.2165
67.2165
67.2165
67.2165
67.2165
67.2165
67.2165
67.2165
67.2165
67.2165
67.2165
67.2165
67.2165
67.2165
67.2165
67.2165
67.2165
67.2165
67.2165
67.2165
67.2165
67.2165
67.2165
67.2165
67.2165
67.2165
67.2165
67.2165
67.2165
67.2165
67.2165
67.2165
67.2165
67.2165
67.2165
67.2165
67.2165
67.2165
67.2165
67.2165
67.2165
67.2165
67.2165
67.2165
67.2165
67.2165
67.2165
67.2165
67.2165
67.2165
67.2165
67.2165
67.2165
67.2165
67.2165
67.2165
67.2165
67.2165
67.2165
67.2165
67.2165
67.2165
67.2165
67.2165
67.2165
67.2165
67.2165
67.2165
67.2165
67.2165
67.2165
67.2165
67.2165
67.2165
67.2165
67.2165
67.2165
67.2165
67.2165
67.2165
67.2165
67.2165
67.2165
67.2165
67.2165
67.2165
67.2165
67.2165
67.2165
67.2165
67.2165
67.2165
67.2165
67.2165
67.2165
67.2165
67.2165
67.2165
67.2165
67.2165
67.2165
67.2165
67.2165
67.2165
67.2165
67.2165
67.2165
67.2165
67.2165
67.2165
67.2165
67.2165
67.2165
67.2165
67.2165
67.2165
67.2165
67.2165
67.2165
67.2165
67.2165
67.2165
67.2165
67.2165
67.2165
67.2165
67.2165
67.2165
67.2165
67.2165
67.2165
67.2165
67.2165
67.2165
67.2165
67.2165
67.2165
67.2165
67.2165
67.2165
67.2165
67.2165
67.2165
67.2165
67.2165
67.2165
67.2165
67.2165
67.2165
67.2165
67.2165
67.2165
67.2165
67.2165
67.2165
67.2165
67.2165
67.2165
67.2165
67.2165
67.2165
67.2165
67.2165
67.2165
67.2165
67.2165
67.2165
67.2165
67.2165
67.2165
67.2165
67.2165
67.2165
67.2165
67.2165
67.2165
67.2165
67.2165
67.2165
67.2165
67.2165
67.2165
67.2165
67.2165
67.2165
67.2165
67.2165
67.2165
67.2165
67.2165
67.2165
67.2165
67.2165
67.2165
67.2165
67.2165
67.2165
67.2165
67.2165
67.2165
67.2165
67.2165
67.2165
67.2165
67.2165
67.2165
67.2165
67.2165
67.2165
67.2165
67.2165
67.2165
67.2165
67.2165
67.2165
67.2165
67.2165
67.2165
67.2165
67.2165
67.2165
67.2165
67.2165
67.2165
67.2165
67.2165
67.2165
67.2165
67.2165
67.2165
67.2165
67.2165
67.2165
67.2165
67.2165
67.2165
67.2165
67.2165
67.2165
67.2165
67.2165
67.2165
67.2165
67.2165
67.2165
67.2165
67.2165
67.2165
67.2165
67.2165
67.2165
67.2165
67.2165
67.2165
67.2165
67.2165
67.2165
67.2165
67.2165
67.2165
67.2165
67.2165
67.2165
67.2165
67.2165
67.2165
67.2165
67.2165
67.2165
67.2165
67.2165
67.2165
67.2165
67.2165
67.2165
67.2165
67.2165
67.2165
67.2165
67.2165
67.2165
67.2165
67.2165
67.2165
67.2165
67.2165
67.2165
67.2165
67.2165
67.2165
67.2165
67.2165
67.2165
67.2165
67.2165
67.2165
67.2165
67.2165
67.2165
67.2165
67.2165
67.2165
67.2165
67.2165
67.2165
67.2165
67.2165
67.2165
67.2165
67.2165
67.2165
67.2165
67.2165
67.2165
67.2165
67.2165
67.2165
67.2165
67.2165
67.2165
67.2165
67.2165
67.2165
67.2165
67.2165
67.2165
67.2165
67.2165
67.2165
67.2165
67.2165
67.2165
67.2165
67.2165
67.2165
67.2165
67.2165
67.2165
67.2165
67.2165
67.2165
67.0675
67.0675
67.0675
67.0675
67.0675
67.0675
67.0675
67.0675
67.0675
67.0675
67.0675
67.0675
67.0675
67.0675
67.0675
67.0675
67.0675
67.0675
67.0675
67.0675
67.0675
67.0675
67.0675
67.0675
67.0675
67.0675
67.0675
67.0675
67.0675
67.0675
67.0675
67.0675
66.6782
66.6782
66.6782
66.6782
66.6782
66.6782
66.6782
66.6782
66.6782
66.6782
66.6782
66.6782
66.6782
66.6782
66.6782
66.6782
66.6782
66.6782
66.6782
66.6782
66.6782
66.6782
66.6782
66.6782
66.6782
66.6782
66.6782
66.6782
66.6782
66.6782
66.6782
66.6782
66.6782
66.6782
66.6782
66.6782
66.6782
66.6782
66.6782
66.6782
66.6782
66.6782
66.6782
66.6782
66.6782
66.6782
66.6782
66.6782
66.6782
66.6782
66.6782
66.6782
66.6782
66.6782
66.6782
66.6782
66.6782
66.6782
66.6782
66.6782
66.6782
66.6782
66.6782
66.6782
66.6782
66.6782
66.6782
66.6782
66.6782
66.6782
66.6782
66.6782
66.6782
66.6782
66.6782
66.6782
66.6782
66.6782
66.6782
66.6782
66.6782
66.6782
66.6782
66.6782
66.6782
66.6782
66.6782
66.6782
66.6782
