449.86
446.123
438.9
435.993
426.401
411.896
411.896
409.884
406.559
403.554
399.3
391.105
379.62
379.615
375.642
374.08
373.474
366.368
359.859
358.263
352.177
352.177
352.177
338.471
337.686
329.265
329.265
314.577
314.577
310.669
307.168
306.396
306.396
300.681
291.611
291.611
291.611
287.514
287.514
286.722
285.703
285.703
284.112
282.148
280.995
280.782
275.828
272.137
269.432
269.358
269.358
269.358
269.105
267.305
259.488
259.488
255.173
248.811
248.811
246.87
238.26
238.26
238.26
234.316
234.316
234.316
230.796
230.796
230.796
230.632
229.006
226.624
226.624
225.371
225.371
222.591
222.591
222.591
222.591
221.618
218.925
217.42
217.018
217.018
217.018
216.98
216.297
216.297
213.397
213.21
209.649
209.649
201.329
201.329
201.329
201.329
200.773
200.773
200.773
200.773
200.313
199.527
199.527
198.078
198.078
196.895
196.012
196.012
195.283
192.607
191.91
191.91
190.582
189.41
189.41
188.689
188.689
188.636
188.636
183.433
183.433
182.498
182.498
181.404
181.25
181.25
179.714
179.714
179.714
179.388
179.388
179.388
179.377
176.379
176.379
175.962
175.89
175.89
174.913
173.26
172.121
172.121
171.654
171.654
170.267
170.267
170.267
169.849
169.327
169.327
168.894
168.894
168.894
168.316
168.23
165.842
164.213
164.213
164.213
164.213
163.824
163.824
163.234
163.234
163.234
162.136
162.136
162.136
160.237
160.237
160.237
158.937
158.937
158.937
158.937
158.937
158.937
158.937
154.511
154.511
154.511
154.511
154.511
153.699
153.444
153.007
153.007
153.007
153.007
153.007
153.007
153.007
153.007
152.511
152.511
150.198
150.198
148.944
148.944
148.944
148.381
144.105
144.105
144.105
143.952
143.908
139.6
139.6
139.6
139.6
139.6
139.6
138.414
138.414
138.414
138.414
138.322
138.322
138.322
138.322
136.766
136.766
136.365
135.677
135.677
135.63
135.63
135.63
135.63
135.63
135.63
135.229
135.229
134.817
134.817
134.817
134.817
134.597
133.722
133.722
133.722
133.555
132.76
132.76
132.76
132.76
132.336
131.811
131.565
130.674
130.554
129.98
129.98
129.36
128.959
128.959
128.959
128.926
128.926
128.743
128.557
128.557
128.536
127.957
127.957
126.493
126.493
126.493
126.493
126.493
125.86
125.86
125.86
125.86
125.86
125.55
125.55
125.55
124.695
124.695
122.156
122.156
122.156
122.156
122.156
122.156
121.696
121.696
121.696
121.696
121.696
121.696
121.696
121.298
121.005
120.735
120.735
120.707
120.707
120.707
120.707
120.545
120.045
120.045
120.045
119.643
119.643
119.643
119.643
119.132
119.132
119.132
118.723
118.723
118.723
118.637
118.293
118.293
117.119
117.119
117.119
117.119
114.597
114.597
114.597
114.597
114.432
114.432
114.432
114.271
114.271
114.112
114.029
114.029
114.026
114.026
113.752
113.752
113.752
113.752
113.558
113.558
113.558
113.558
113.558
113.558
113.558
112.609
112.609
112.609
112.609
112.576
112.407
111.953
111.953
111.726
111.658
111.658
111.658
111.595
111.592
111.185
111.051
111.051
111.051
111.051
110.844
110.844
110.805
110.805
110.736
110.736
110.736
110.736
110.29
110.163
110.163
109.986
109.986
109.986
109.986
109.512
109.512
109.512
109.31
109.31
109.31
109.31
109.31
109.31
109.31
109.31
109.31
109.31
108.998
108.146
108.146
108.146
108.146
108.146
108.146
108.146
108.146
107.908
107.908
107.908
107.908
107.908
107.908
107.908
107.02
107.02
107.02
107.02
107.02
107.02
107.02
106.931
106.931
106.868
106.868
106.868
106.868
105.452
105.452
105.452
105.452
105.281
105.281
105.281
105.281
105.224
105.224
105.224
105.195
105.195
105.195
104.575
104.575
104.575
104.575
104.575
104.409
104.409
104.409
104.409
104.409
104.409
104.409
104.409
104.148
104.148
103.939
103.939
103.939
103.939
103.939
103.939
103.939
103.939
103.939
103.939
103.939
103.939
103.628
103.628
103.628
103.628
103.628
103.628
103.628
103.628
103.628
103.628
103.628
103.628
102.598
102.598
102.598
102.598
102.598
102.598
102.598
102.598
102.598
102.598
102.598
102.598
102.598
102.598
102.598
102.598
102.598
102.598
102.006
102.006
102.006
102.006
102.006
102.006
102.006
102.006
101.485
101.4
101.4
99.0299
99.0299
99.0299
99.0299
99.0299
98.9915
98.9915
98.9915
98.9915
98.9915
98.9915
98.9915
98.0691
98.0691
98.0691
98.0691
98.0691
98.0691
98.0691
98.0691
98.0691
98.0691
98.0691
98.0691
97.0421
97.0421
97.0421
97.0421
97.0421
96.8495
96.8495
96.3988
96.3988
96.3988
96.3988
96.3988
96.3988
96.3988
96.3988
96.3988
96.3988
96.3988
96.3178
96.3178
96.3084
96.3084
96.3083
96.3083
96.3083
96.3083
96.3083
96.3083
96.3083
96.3083
96.3083
96.3083
96.2989
96.2989
96.2989
96.2989
96.2989
96.2989
96.2989
96.2989
96.2989
96.1279
96.1279
96.1279
96.1279
96.1279
96.1279
96.1279
96.1279
96.1279
96.1279
96.1279
96.1279
95.2578
95.2578
95.2578
95.2578
95.2578
95.2578
95.2578
95.2578
95.2578
95.0121
95.0121
95.0121
95.0121
95.0121
95.0121
95.0121
94.6873
94.6873
94.6873
93.5042
93.5042
93.5042
93.5042
93.5042
93.3178
93.3178
93.3178
93.3178
93.3178
93.3178
93.3178
93.3178
93.3178
93.3178
93.3178
93.3178
93.3178
93.3178
93.3178
93.3178
93.3178
93.1589
93.1589
93.1589
92.7561
92.7561
92.7561
92.7561
92.7561
92.7561
92.7561
92.7561
92.7561
92.7561
92.7561
92.7561
92.4685
92.4685
92.4685
92.4685
92.4685
92.4685
92.4685
92.4685
91.9377
91.9377
91.9377
91.9377
91.9377
91.7568
91.7568
91.3755
91.3755
91.3755
90.1869
89.4751
88.9599
88.9599
88.9599
88.8812
88.8812
88.1695
88.1695
88.1695
88.1695
88.1695
88.1695
88.1695
88.1695
88.1695
88.1695
88.1695
88.1695
88.1695
87.9981
87.9981
87.9981
87.9981
87.9981
87.9981
87.9981
87.9981
87.9981
87.9981
87.7793
87.7793
87.6887
87.6887
87.6887
87.327
87.327
87.327
87.327
87.327
87.327
87.327
87.327
86.9041
86.9041
86.9041
86.9041
86.9041
86.9041
86.9041
86.9041
86.9041
86.9041
86.9041
86.9041
86.9041
86.9041
86.9041
86.9041
86.9041
86.8715
86.8715
86.8715
86.8715
86.8715
86.8715
86.8715
86.5329
86.4652
86.3563
86.3563
86.3563
86.3563
86.3563
86.3563
86.3563
85.8685
85.8685
85.8685
85.8685
85.8685
85.8685
85.8685
85.8685
85.8685
85.8685
85.8685
85.8685
85.8685
85.8685
85.8685
85.8685
85.8685
85.8685
85.8685
85.8685
85.8685
85.8685
85.8685
85.8344
85.8344
85.8344
85.8344
85.8344
85.8344
85.8344
85.8344
85.8344
85.8344
85.8344
85.8344
85.8344
85.8344
85.8344
85.8344
85.8344
85.8344
85.8344
85.8344
85.8344
85.8344
85.8344
85.8344
85.8344
85.8344
85.8344
85.8344
85.8344
85.8344
85.8344
85.8344
85.0873
85.0873
85.0873
85.0873
84.8491
84.8491
84.8491
84.8491
84.8491
84.4428
84.4428
84.4428
84.3419
84.3419
84.3419
84.3419
84.3419
84.3419
84.3419
83.8636
83.8636
83.8636
83.8636
83.8636
83.8636
83.8636
83.8636
83.8636
83.8636
83.8636
83.5996
83.5996
83.5996
83.5996
83.5996
83.5996
83.5996
83.5996
83.5996
83.5996
83.5996
83.5996
83.5996
83.5996
83.5996
83.5996
83.5996
83.5996
83.5996
83.5996
83.5996
83.5996
83.5996
83.5996
83.5996
83.5996
83.5996
83.5996
83.5996
83.5996
83.5996
83.5996
83.5996
83.5996
83.5996
83.5996
83.5996
83.5996
83.5996
83.5996
83.3167
83.3167
83.3167
83.3167
83.3167
83.3167
83.3167
83.3167
83.3167
83.3167
83.3167
83.3167
83.0925
83.0925
83.0925
83.0925
83.0925
83.0925
83.0925
83.0925
83.0925
83.0925
83.0925
83.0925
83.0925
83.0925
83.0925
83.0925
83.0925
83.0925
83.0925
83.0925
83.0925
83.0925
83.0925
83.0925
83.0925
83.0925
83.0925
83.0925
83.0925
83.0925
83.0925
83.0925
83.0925
83.0925
83.0925
83.0744
83.0744
83.0744
83.0744
83.0744
83.0744
83.0744
83.0744
83.0744
83.0744
83.0604
83.0604
83.0604
83.0604
83.0604
83.0604
83.0604
83.0604
83.0604
83.0604
83.0604
83.0604
83.0604
83.0604
83.0604
83.0604
83.0604
83.0604
83.0604
83.0604
82.8532
82.8532
82.8532
82.8532
82.8532
82.8532
82.8532
82.8532
82.8532
82.8532
82.8532
82.8532
82.8532
82.8532
82.8532
82.8532
82.8532
82.8532
82.8532
82.8532
82.8532
82.8532
82.8532
82.8503
82.8503
82.8503
82.8503
82.8503
82.8503
82.8503
81.9236
81.9236
81.9236
81.9236
81.9236
81.9236
81.9236
81.9236
81.9236
81.9236
81.9236
81.9236
81.7986
81.7986
81.7986
81.7986
81.7986
81.7986
81.7986
81.7986
81.7986
81.7986
81.7986
81.7986
81.7986
81.7986
81.7986
81.7986
81.6673
81.6673
81.6673
81.6673
81.6673
81.6673
81.6673
81.6673
81.6673
81.6673
81.6673
81.6673
81.6673
81.6673
81.6673
81.6673
81.6673
81.6673
81.6673
81.6673
81.6673
81.6673
81.6673
81.6673
81.6673
81.6673
81.6673
81.6673
81.6673
81.6673
81.6673
81.6673
81.6673
81.6673
81.6673
81.6673
81.6673
81.6673
81.6673
81.6673
81.6673
81.6673
81.6673
81.6673
81.6673
81.6673
81.6673
81.6673
81.6673
81.6673
81.6673
81.6673
81.6673
81.504
81.504
81.504
81.504
81.504
81.504
81.504
81.504
81.504
81.504
81.504
81.3714
81.3714
81.3714
81.3714
81.3714
81.3714
81.3714
81.3714
81.3714
81.3714
81.3714
81.3714
81.3714
81.3714
81.3714
81.3714
81.3714
81.3714
81.3714
81.3714
81.3714
81.3714
81.3714
81.3714
81.3714
81.3714
81.3714
81.3714
81.3714
81.3714
81.3714
81.3714
81.3714
81.3714
81.3714
81.3714
81.3714
81.3714
81.3714
81.3714
81.3714
81.3714
81.3714
81.3714
81.3714
81.3714
81.3714
81.3714
81.3714
81.3714
81.3714
81.3714
81.3714
81.3714
81.3714
81.3714
81.3714
81.3714
81.3714
81.3714
81.3714
81.3714
81.3714
81.3714
81.3714
81.3714
81.3714
81.3714
81.3714
81.3714
81.3714
81.3714
81.3714
81.3714
81.3714
81.3714
81.3714
81.3714
81.3714
81.3714
81.3714
81.3714
81.3714
81.3714
81.3714
81.3714
81.3714
81.3714
81.3714
81.3714
81.3714
81.3714
81.3714
81.3714
81.3714
81.3714
81.3714
81.3714
81.3714
81.3714
81.3714
81.3714
81.3714
81.3714
81.3714
81.3714
81.3714
81.3714
81.3714
81.3714
81.3714
81.3714
81.3714
81.3714
81.3714
81.3714
81.3714
81.3714
81.3714
81.3714
81.3714
81.3714
81.3714
81.3714
81.3714
81.3714
81.3714
81.3714
81.3714
81.3714
81.3714
81.3714
81.3714
81.3714
81.1928
81.1928
81.1928
81.1928
81.1928
81.1928
81.1928
81.1928
81.1928
81.1928
81.1928
81.1928
81.1928
81.1928
81.1928
81.1928
81.1928
81.1928
81.1928
81.1928
81.1928
81.1928
81.1928
81.1928
81.1928
81.1928
81.1928
81.1928
81.1928
81.1928
81.1928
81.1928
81.1928
81.1928
81.1928
81.1928
81.1928
81.1928
81.1928
81.1928
81.1928
81.1928
81.1928
81.1928
81.1873
81.1873
81.1873
81.1873
81.1873
81.1873
81.1873
81.1873
81.1873
81.1873
81.1873
81.1873
81.1873
81.1873
81.1873
81.1873
81.1873
81.1524
81.1524
81.1524
81.1524
81.1524
81.1524
81.1524
81.1524
81.1524
81.1524
81.1524
81.1524
81.1524
81.1524
81.1524
81.1524
81.1524
81.1524
81.1524
81.1524
81.1524
81.1524
81.1524
81.1524
81.1524
81.1524
81.1524
81.1524
81.1524
81.1524
81.1524
81.1524
81.1524
81.1524
81.1524
81.1524
81.1524
81.1524
81.1524
81.1524
81.1524
81.1524
81.1524
81.1524
81.1524
81.1524
81.1524
81.1524
81.1524
81.1524
81.1524
81.1524
81.1524
81.1524
81.1524
81.1524
81.1524
81.1524
81.1524
81.1524
81.1524
81.1524
81.1524
81.1524
81.1524
81.1524
81.1524
81.1524
81.1524
81.1524
81.1524
81.1524
81.1524
81.1524
81.1524
81.1524
81.1524
81.1524
81.1524
81.1524
81.1524
81.1524
81.1524
81.1524
81.1524
81.1524
81.1524
81.1524
81.1524
81.1524
81.1524
81.1524
81.1524
81.1524
81.1524
81.1524
81.1524
81.1524
81.1524
81.1524
81.1524
81.1524
81.1524
81.1524
81.1524
81.1524
81.1524
81.1524
81.1524
81.1524
81.1524
81.1524
81.1524
81.1524
81.1524
81.1524
81.1524
81.1524
81.1524
81.1524
81.1524
81.1524
81.1524
80.2283
80.2283
80.2283
80.2283
80.2283
80.2283
80.2283
80.2283
80.2283
79.817
79.817
79.817
79.817
79.817
79.817
79.817
79.7595
79.7595
79.7595
79.7595
79.7595
79.7595
79.7595
79.7595
79.7595
79.7595
79.7595
79.7595
79.7595
79.7595
79.7595
79.7466
79.7466
79.7466
79.7466
79.7466
79.7466
79.7466
79.7466
79.7466
79.7466
79.7466
79.7466
79.7466
79.7466
79.7466
79.7466
79.7466
79.7466
79.7466
79.7466
79.7466
79.7466
79.7466
79.7466
79.7466
79.7466
79.7466
79.5279
79.5279
79.5279
79.5279
79.5279
79.5279
79.5279
79.5279
79.5279
79.5279
79.5279
79.5279
79.5279
79.5279
79.5279
79.5279
79.5279
79.5279
79.5279
79.5279
79.5279
79.5279
79.5279
79.5279
79.5279
79.5279
79.5279
79.3269
79.3269
79.3269
79.3269
79.3269
79.3269
79.3269
79.3269
79.3269
79.3269
79.3269
79.3269
79.3269
79.3269
79.3269
79.3269
79.3269
79.3269
79.3269
79.3269
79.3269
79.3269
79.3269
79.3269
79.3269
79.3269
79.3269
79.3269
79.3269
79.3269
79.3269
79.3269
79.3269
79.3269
79.3269
79.3269
79.3269
79.3269
79.3269
79.3269
79.3269
79.3269
79.3269
79.3269
79.3269
79.3269
79.3269
79.3269
79.3269
79.3269
79.3269
79.3269
79.3269
79.3269
79.3269
79.3269
79.3269
79.3269
79.3269
79.3269
79.3269
79.3269
79.3269
79.3269
79.3269
79.3269
79.3269
79.3269
79.3269
79.3269
79.3269
79.3269
79.3269
79.3269
79.3269
79.3269
79.3269
79.3269
79.3269
79.3269
79.3269
79.3269
79.3269
79.3269
79.3269
79.3269
79.2907
79.2907
79.2907
79.2907
79.2907
79.2907
79.2907
79.2907
79.2907
79.2907
79.2907
79.2907
79.2907
79.2907
79.2907
79.2907
79.2907
79.2907
79.2907
79.2907
79.2907
79.2907
79.2907
79.2907
79.2907
79.2907
79.2907
79.2907
79.2907
79.2907
79.2907
79.2907
79.2907
79.2907
79.2907
79.2907
79.2907
79.2907
79.2907
79.2907
79.2907
79.2907
79.1504
79.1504
79.1504
79.1504
79.1504
79.1504
79.1504
79.1504
79.1504
79.1504
79.1504
79.1504
79.1504
79.1504
79.1504
79.1504
79.1504
79.1504
79.1504
79.1504
79.1504
79.1504
79.1504
79.1504
79.1504
79.1504
79.024
79.024
79.024
79.024
79.024
79.024
79.024
79.024
79.024
79.024
79.024
79.024
79.024
79.024
79.024
79.024
79.024
79.024
79.024
79.024
79.024
79.024
79.024
79.024
79.024
79.024
79.024
79.024
79.024
79.024
79.024
79.024
79.024
79.024
79.024
79.024
78.8274
78.8274
78.8274
78.8274
78.8274
78.8274
78.8274
78.8274
78.8274
78.8274
78.8274
78.8274
78.8274
78.8274
78.8274
78.8274
78.8274
78.8274
78.8274
78.8274
78.8274
78.8274
78.8274
78.8274
78.8274
78.8274
78.8274
78.8274
78.8274
78.8274
78.8274
78.8274
78.8274
78.8274
78.8274
78.8274
78.8274
78.8274
78.8274
78.8274
78.8274
78.8274
78.8274
78.8274
78.8274
78.8274
78.8274
78.8274
78.8274
78.8274
78.8274
78.8274
78.8274
78.8274
78.8274
78.8274
78.8274
78.8274
78.8274
78.8274
78.8027
78.8027
78.8027
78.8027
78.8027
78.8027
78.8027
78.8027
78.8027
78.8027
78.8027
78.8027
78.8027
78.8027
78.8027
78.8027
78.8027
78.7819
78.7819
78.7819
78.7819
78.7819
78.7819
78.7819
78.7819
78.7819
78.7819
78.7819
78.7819
78.7819
78.7819
78.7819
78.7819
78.7819
78.7819
78.7819
78.7819
78.7819
78.7819
78.7819
78.7819
78.7189
78.7189
78.7189
78.7189
78.7189
78.7189
78.7189
78.7189
78.7189
78.7189
78.7189
78.7189
78.7189
78.7189
78.7189
78.7189
78.7189
78.7189
78.7189
78.7189
78.7189
78.7189
78.7189
78.7189
78.7189
78.7189
78.7189
78.7189
78.7189
78.7189
78.7189
78.7189
78.7189
78.7189
78.7189
78.7189
78.7189
78.7189
78.7189
78.7189
78.7189
78.7189
78.7189
78.7189
78.7189
78.7189
78.7189
78.7189
78.7189
78.7189
78.7189
78.7189
78.7189
78.7189
78.7189
78.7189
78.7189
78.7189
78.7189
78.7189
78.7189
78.7189
78.7189
78.7189
78.7189
78.7189
78.7189
78.7189
78.7189
78.7189
78.7189
78.7189
78.7189
78.7189
78.7189
78.7189
78.7189
78.7189
78.7189
78.7189
78.7189
78.7189
78.7189
78.7189
78.7189
78.7189
78.7189
78.7189
78.7189
78.7189
78.7189
78.7189
78.7189
78.7189
78.6181
78.6181
78.6181
78.6181
78.6181
78.6181
78.6181
78.6181
78.6181
78.6181
78.6181
78.6181
78.6181
78.6181
78.6181
78.6181
78.6181
78.6181
78.6181
78.6181
78.6181
78.6181
78.6181
78.6181
78.6181
78.6181
78.6181
78.6181
78.6181
78.6181
78.6181
78.6181
78.6181
78.6181
78.4784
78.4784
78.4784
78.4784
78.4784
77.9744
77.9744
77.9744
77.9744
77.9744
77.9744
77.9744
77.9744
77.9744
77.9744
77.9744
77.9744
77.9744
77.9744
77.9744
77.9744
77.9744
77.9744
77.9744
77.9744
77.9744
77.9744
77.9744
77.8514
77.8514
77.8514
77.8514
77.8514
77.8514
77.8514
77.8514
77.8514
77.8514
77.8514
77.8514
77.8514
77.8514
77.8514
77.8514
77.8514
77.7782
77.7782
77.7782
77.7782
77.7782
77.7782
77.7782
77.7782
77.7782
77.6657
77.6657
77.6657
77.6657
77.6657
77.6657
77.6657
77.6657
77.6657
77.6657
77.6657
77.6657
77.6657
77.6657
77.6657
77.6657
77.6657
77.6657
77.6657
77.6657
77.6657
77.6657
77.6657
77.6657
77.6657
77.6657
77.6657
77.6657
77.6657
77.6657
77.6657
77.6657
77.6657
77.6657
77.6657
77.6657
77.6657
77.6657
77.6657
77.6657
77.6657
77.6657
77.6657
77.6657
77.6657
77.6657
77.6657
77.6657
77.6657
77.6657
77.6657
77.6657
77.6657
77.6657
77.6657
77.6657
77.6657
77.6657
77.6657
77.6657
77.6657
77.6657
77.6657
77.6657
77.6657
77.6657
77.6657
77.6657
77.6657
77.6657
77.6657
77.6657
77.6657
77.6657
77.6657
77.6657
77.6657
77.6657
77.6657
77.6657
77.6657
77.6657
77.6657
77.6657
77.6657
77.6657
77.6657
77.6657
77.6657
77.6657
77.6657
77.6657
77.6657
77.6657
77.6657
77.6657
77.6657
77.2591
77.2591
77.2591
77.2591
77.2591
77.2591
77.2591
77.2591
77.2591
77.2591
77.2591
77.2591
77.2591
77.2591
77.2591
77.2591
77.2591
77.2591
77.2591
77.2591
77.2591
77.2591
77.2591
77.2591
77.2591
77.2591
77.2591
77.2591
77.2591
77.2591
77.2591
77.2591
77.2591
77.2591
77.2591
77.2591
77.2591
77.2591
77.2591
77.2591
77.2591
77.2591
77.2591
77.2591
77.2591
77.2591
77.2591
77.2591
77.2591
77.2591
77.2591
77.2591
77.2591
77.2591
77.2591
76.8811
76.8811
76.8811
76.8811
76.8811
76.8811
76.8811
76.8811
76.8811
76.8811
76.8811
76.8811
76.8811
76.8811
76.8811
76.8811
76.8811
76.8811
76.8811
76.7905
76.7905
76.7905
76.7905
76.7905
76.7905
76.7905
76.7905
76.7905
76.7905
76.7905
76.7905
76.7905
76.7905
76.7905
76.7905
76.7905
76.7905
76.7905
76.7905
76.7905
76.7905
76.7905
76.7905
76.7905
76.7905
76.7905
76.7905
76.7905
76.7905
76.7905
76.7905
76.7905
76.7905
76.7905
76.7905
76.7905
76.7905
76.7905
76.7905
76.7905
76.7905
76.7905
76.7905
76.7905
76.7905
76.7905
76.7905
76.7905
76.7905
76.7905
76.7905
76.7905
76.7905
76.7905
76.7905
76.7905
76.7905
76.7905
76.7905
76.7905
76.7905
76.7905
76.7905
76.7905
76.7905
76.7905
76.7905
76.7905
76.7905
76.7905
76.7905
76.7905
76.7905
76.7905
76.7905
76.7905
76.7905
76.7905
76.7905
76.7905
76.7905
76.7905
76.7905
76.7905
76.7905
76.7905
76.7905
76.7905
76.7905
76.7905
76.7905
76.7905
76.7905
76.7905
76.7905
76.526
76.526
76.526
76.526
76.526
76.526
76.526
76.526
76.526
75.8487
75.8487
75.8487
75.8487
75.8487
75.8487
75.8487
75.8487
75.8487
75.8487
75.8487
75.8487
75.8487
75.8487
75.8487
75.8487
75.8487
75.8487
75.8487
75.8487
75.8487
75.8487
75.8487
75.8487
75.8487
75.8487
75.8487
75.8487
75.8487
75.8487
75.8487
75.8487
75.8487
75.8487
75.8487
75.8487
75.3866
75.3866
75.3866
75.3866
75.3866
75.3866
75.3866
75.3866
75.3866
75.3866
75.3866
75.3866
75.3866
75.3866
75.3585
75.3585
75.3585
75.3585
75.3585
75.3585
75.3585
75.3585
75.3585
74.5546
74.5546
74.5546
74.5546
74.5546
74.5546
74.5546
74.5546
74.5546
74.5546
74.5546
74.5546
74.5546
74.4539
74.4539
74.4539
74.4539
74.4539
74.4539
74.4539
74.4539
74.4539
74.4539
74.4539
74.4539
74.4539
74.4539
74.4539
74.4539
74.4539
74.4539
74.4539
74.4539
74.4539
74.4539
74.4539
74.4539
74.4539
74.4008
74.4008
74.4008
74.4008
74.4008
74.4008
74.4008
74.4008
74.4008
74.4008
74.4008
74.4008
74.4008
74.162
74.162
74.162
74.162
74.162
74.162
74.162
74.162
74.162
74.162
74.162
74.162
74.162
74.162
74.162
74.162
74.162
74.162
74.162
74.162
74.162
74.162
74.162
74.162
74.162
74.162
74.162
74.162
74.162
74.162
74.162
74.162
74.162
74.162
74.162
74.162
74.162
74.162
74.162
74.162
74.162
74.162
74.162
74.162
74.162
74.162
74.162
74.0297
74.0297
74.0297
74.0297
74.0297
74.0297
74.0297
74.0297
74.0297
74.0297
74.0297
74.0297
74.0297
74.0297
74.0297
74.0297
74.0297
74.0297
74.0297
74.0297
74.0297
74.0297
74.0297
74.0297
74.0297
74.0297
74.0297
74.0297
74.0297
74.0297
74.0297
74.0297
74.0297
74.0297
74.0297
74.0297
74.0297
74.0297
74.0297
74.0297
74.0297
74.0297
74.0297
74.0297
74.0297
74.0297
74.0297
74.0297
74.0297
74.0297
74.0297
74.0297
74.0297
74.0297
74.0297
74.0297
74.0297
74.0297
74.0297
74.0297
74.0297
74.0297
74.0297
74.0297
74.0297
74.0297
74.0297
74.0297
74.0297
74.0297
74.0297
74.0297
74.0297
74.0297
74.0297
74.0297
74.0297
74.0297
74.0297
74.0297
74.0297
74.0297
74.0297
74.0297
74.0297
74.0297
74.0297
74.0297
74.0297
74.0297
74.0297
74.0297
74.0297
74.0297
74.0297
74.0297
74.0297
74.0297
74.0297
74.0297
74.0297
74.0297
74.0297
74.0297
74.0297
74.0297
74.0297
74.0297
74.0297
74.0297
74.0297
74.0297
74.0297
74.0297
74.0297
74.0297
74.0297
74.0297
74.0297
74.0297
74.0297
74.0297
74.0297
74.0297
74.0297
74.0297
74.0297
74.0297
74.0297
74.0297
74.0297
74.0297
74.0297
74.0297
74.0297
74.0297
74.0297
74.0297
74.0297
74.0297
74.0297
73.3946
73.3946
73.3946
73.3946
73.3946
73.3946
73.3946
73.3946
73.3946
73.3946
73.3946
73.3946
73.3946
73.3946
73.3946
73.3946
73.3946
73.3946
73.3946
73.1969
73.1969
73.1969
73.1969
73.1969
73.1969
73.1969
73.1969
73.1969
73.1969
73.1969
73.1969
73.1969
73.1969
73.1969
73.1969
73.1969
73.1969
73.1969
73.1969
73.1969
73.0186
73.0186
73.0186
73.0186
73.0186
73.0186
73.0186
73.0186
73.0186
73.0186
73.0186
73.0186
73.0186
73.0186
73.0186
73.0186
73.0186
73.0186
73.0186
73.0186
73.0186
73.0186
73.0186
73.0186
73.0186
73.0186
73.0186
73.0186
73.0186
73.0186
73.0186
73.0186
73.0186
73.0186
73.0186
73.0186
73.0186
73.0186
73.0186
73.0186
73.0186
73.0186
71.9376
71.9376
71.9376
71.9376
71.9376
71.9376
71.9376
71.9376
71.9376
71.9376
71.9376
71.9376
71.9376
71.9376
71.9376
71.9376
71.9376
71.9376
71.9376
71.9376
71.9376
71.9376
71.9376
71.9376
71.9376
71.9376
71.9376
71.9376
71.9376
71.9376
71.9376
71.9376
71.9376
71.9376
71.9376
71.9376
71.9376
71.9376
71.9376
71.9376
71.9376
71.9376
71.9376
71.9376
71.9376
71.9376
71.9376
71.9376
71.9376
71.9376
71.9376
71.9376
71.9376
71.9376
71.9376
71.9376
71.9376
71.9376
71.9376
71.9376
71.9376
71.9376
71.9376
71.9376
71.9376
71.9376
71.9376
71.9376
71.9376
71.9376
71.9376
71.9376
71.9376
71.9376
71.9376
71.9376
71.9376
71.9376
71.9376
71.9376
71.9376
71.9376
71.9376
71.9376
71.9376
71.9376
71.9376
71.9376
71.9376
71.9376
71.9376
71.9376
71.9376
71.9376
71.9376
71.9376
71.9376
71.9376
71.9376
71.9376
71.8762
71.8762
71.8762
71.8249
71.8249
71.8249
71.8249
71.8249
71.8249
71.8249
71.8249
71.8249
71.8249
71.8249
71.8249
71.8249
71.1154
71.1154
71.1154
71.1154
71.1154
71.1154
71.1154
71.1154
71.1154
71.1154
71.1154
71.1154
71.1154
71.1154
71.1154
71.1154
71.1154
71.1154
71.1154
71.1154
71.1154
71.1154
71.1154
71.1154
71.1154
71.1154
71.1154
71.1154
71.1154
71.1154
71.1154
71.1154
71.1154
71.1154
71.1154
71.1154
71.1154
71.1154
71.1154
71.1154
71.1154
71.1154
71.1154
71.1154
71.1154
71.1154
71.1154
71.1154
71.1154
71.1154
71.1154
71.1154
71.1154
71.1154
71.1154
71.1154
71.1154
71.1154
71.1154
71.1154
71.1154
71.1154
71.1154
71.1154
71.1154
71.1154
71.1154
71.1154
71.1154
71.1154
71.1154
71.1154
71.1154
71.1154
71.1154
71.1154
71.1154
71.1154
71.1154
71.1154
71.1154
71.1154
71.1154
71.1154
71.1154
71.1154
71.1154
71.1154
71.1154
71.1154
71.1154
71.1154
71.1154
71.1154
71.1154
71.1154
71.1154
71.1154
71.1154
71.1154
71.1154
71.1154
71.1154
71.1154
71.1154
71.1154
71.1154
71.1154
71.1154
71.1154
71.1154
71.1154
71.1154
71.1154
71.1154
71.1154
71.1154
71.1154
71.1154
71.1154
71.1154
71.1154
71.1154
71.1154
71.1154
71.1154
71.1154
71.1154
71.1154
71.1154
71.1154
71.1154
71.1154
71.1154
71.1154
71.1154
71.1154
71.1154
71.1154
71.1154
71.1154
71.1154
71.1154
71.1154
71.1154
71.1154
71.1154
71.1154
71.1154
71.1154
71.1154
71.1154
71.1154
71.1154
71.1154
71.1154
71.1154
71.1154
71.1154
71.1154
71.1154
71.1154
71.1154
71.1154
71.1154
71.1154
71.1154
71.1154
71.1154
71.1154
71.1154
71.1154
71.1154
71.1154
71.1154
71.1154
71.1154
71.1154
71.1154
71.1154
71.1154
71.1154
71.1154
71.1154
71.1154
71.1154
71.1154
71.1154
71.1154
71.1154
71.1154
71.1154
71.1154
71.1154
71.1154
71.1154
71.1154
71.1154
71.1154
71.1154
71.1154
71.1154
71.1154
71.1154
71.1154
71.1154
71.1154
71.1154
71.1154
71.1154
71.1154
71.1154
71.1154
71.1154
71.1154
71.1154
71.1154
71.1154
71.1154
70.978
70.978
70.978
70.978
70.978
70.978
70.978
70.978
70.978
70.978
70.978
70.978
70.978
70.978
70.978
70.978
70.978
70.978
70.978
70.978
70.978
70.978
70.978
70.978
70.978
70.801
70.801
70.801
70.801
70.801
70.801
70.801
70.801
70.801
70.801
70.801
70.801
69.9672
69.9672
69.9672
69.9672
69.9672
69.9672
69.9672
69.9672
69.9672
69.9672
69.9672
69.9672
69.9672
69.9672
69.9672
69.9672
69.9672
69.9672
69.9672
69.9672
69.9672
69.9672
69.9672
69.9672
69.9672
69.9672
69.9672
69.9672
69.9672
69.9672
69.9672
69.9672
69.9672
69.9672
69.9672
69.9672
69.9672
69.9672
69.9672
69.9672
69.9672
69.9672
69.9672
69.9672
69.9672
69.9672
69.9672
69.9672
69.9672
69.9672
69.9672
69.9672
69.9672
69.9672
69.9672
69.9672
69.9672
69.9672
69.9672
69.9672
69.9672
69.9672
69.9672
69.9672
69.9672
69.9672
69.9672
69.9672
69.9672
69.9672
69.7943
69.7943
69.7943
69.7943
69.7943
69.7943
69.7943
69.7943
69.7943
69.7943
69.7943
69.7943
69.7943
69.7943
69.7943
69.7943
69.7943
69.7943
69.7943
69.7943
69.7943
69.7943
69.7943
69.7943
69.7943
69.7943
69.7943
69.7943
69.7943
69.7943
69.7943
69.7943
69.7943
69.7943
69.7943
69.7943
69.7943
69.7943
69.7943
69.7943
69.7943
69.7943
69.7943
69.7943
69.7943
69.6292
69.6292
69.6292
69.6292
69.6292
69.6292
69.6292
69.6292
69.6292
69.6292
69.5847
69.5847
69.5847
69.5847
69.5847
69.5847
69.5847
69.5847
69.5847
69.5847
69.5847
69.5847
69.5847
69.5847
69.5847
69.5847
69.5847
69.5847
69.5847
69.5847
69.5847
69.5847
69.5847
69.5847
69.5847
69.5847
69.5847
69.5847
69.5847
69.5847
69.5847
69.5847
69.5847
69.5847
69.5847
69.5847
69.5847
69.5847
69.5847
69.5847
69.5847
69.5847
69.5847
69.5847
69.5847
69.5847
69.5847
69.5847
69.5847
69.5847
69.5847
69.5847
69.5847
69.5847
69.5847
69.5847
69.5847
69.5847
69.5847
69.5847
69.5847
69.5847
69.5847
69.5847
69.5847
69.5847
69.5847
69.5847
69.5847
69.5847
69.5847
69.5847
69.5847
69.5847
69.5847
69.5847
69.5847
69.5847
69.5847
69.5847
69.5847
69.5847
69.5847
69.5847
69.5847
69.5847
69.5847
69.5847
69.5847
69.5847
69.5847
69.5847
69.5847
69.5847
69.5847
69.5847
69.5847
69.5847
69.5847
69.5847
69.5847
69.5847
69.5847
69.5847
69.5847
69.5847
69.5847
69.5847
69.5847
69.5847
69.5847
69.5847
69.5847
69.5847
69.5847
69.5847
69.5847
69.5847
69.5847
69.5847
69.5847
69.5847
69.5847
69.5847
69.5847
69.5847
69.5847
69.5847
69.5847
69.5847
69.5847
69.5847
69.5847
69.5847
69.5847
69.5847
69.5847
69.5847
69.5847
69.5847
69.5847
69.5847
69.5847
69.5847
69.5847
69.5847
69.5847
69.5847
69.5847
69.5847
69.5847
69.5847
69.5847
69.5847
69.5847
69.5847
69.5847
69.5847
69.5847
69.5847
69.5847
69.5847
69.5847
69.5847
69.5847
69.5847
69.5847
69.5847
69.5847
69.5847
69.5847
69.5847
69.5847
69.5847
69.5847
69.5847
69.5847
69.5847
69.5847
69.5847
69.5847
69.5847
69.5847
69.5847
69.5847
69.5847
69.5847
69.5847
69.5847
69.5847
69.5847
69.5847
69.5847
69.5847
69.5847
69.5847
69.5847
69.5847
69.5847
69.5847
69.5847
69.5847
69.5847
69.5847
69.5847
69.5847
69.5847
69.5847
69.5847
69.5847
69.5847
69.5847
69.5847
69.5847
69.5847
69.5847
69.5847
69.5847
69.5847
69.3031
69.3031
69.3031
69.3031
69.3031
69.3031
69.3031
69.3031
69.3031
69.3031
69.3031
69.3031
69.3031
69.3031
69.3031
69.3031
69.3031
69.3031
69.3031
69.3031
69.3031
69.3031
69.3031
69.3031
69.3031
69.3031
69.3031
69.3031
69.3031
69.3031
69.3031
69.3031
69.3031
69.3031
69.3031
69.3031
69.3031
69.3031
69.3031
69.3031
69.3031
69.3031
69.3031
69.3031
69.3031
69.3031
69.3031
69.3031
69.3031
69.3031
69.3031
69.3031
69.3031
69.3031
69.3031
69.3031
69.3031
69.3031
69.3031
69.3031
69.3031
69.3031
69.3031
69.3031
69.3031
69.3031
69.3031
69.3031
69.3031
69.3031
69.3031
69.3031
69.3031
69.3031
69.3031
69.3031
69.3031
69.3031
69.3031
69.3031
69.3031
69.3031
69.3031
69.3031
69.3031
69.3031
69.3031
69.3031
69.3031
69.3031
69.3031
69.3031
69.3031
69.3031
69.3031
69.3031
69.3031
69.3031
69.3031
69.3031
69.3031
69.3031
69.3031
69.3031
69.3031
69.3031
69.3031
69.3031
69.3031
69.3031
69.3031
69.3031
69.3031
69.3031
69.3031
69.3031
69.3031
69.3031
69.3031
69.3031
69.3031
69.3031
69.3031
69.3031
69.3031
69.3031
69.3031
69.3031
69.3031
69.3031
69.3031
69.3031
69.3031
69.3031
69.3031
69.3031
69.3031
69.3031
69.3031
69.3031
69.3031
69.3031
69.3031
69.3031
69.3031
69.3031
69.3031
69.3031
69.3031
69.3031
69.3031
69.3031
69.3031
69.3031
69.3031
69.3031
69.3031
69.3031
69.3031
69.3031
69.3031
69.3031
69.3031
69.3031
69.3031
69.3031
69.3031
69.3031
69.3031
69.3031
69.3031
69.3031
69.3031
69.3031
69.3031
69.3031
69.3031
69.3031
69.3031
69.3031
69.3031
69.3031
69.3031
69.3031
69.3031
69.3031
69.3031
69.3031
69.3031
69.3031
69.3031
69.3031
69.3031
69.3031
69.3031
69.3031
69.3031
69.3031
69.3031
69.3031
69.3031
69.3031
69.3031
69.3031
69.3031
69.3031
69.3031
69.3031
69.3031
69.3031
69.3031
69.3031
69.3031
69.3031
69.3031
69.3031
69.3031
69.3031
69.3031
69.3031
69.3031
69.3031
69.3031
69.3031
69.3031
69.3031
69.3031
69.3031
69.3031
69.3031
69.3031
69.3031
69.3031
69.3031
69.3031
69.3031
69.3031
69.3031
69.3031
69.3031
69.3031
69.3031
69.3031
69.3031
69.3031
69.3031
69.3031
69.3031
69.3031
69.3031
69.3031
69.3031
69.3031
69.3031
69.3031
69.3031
69.3031
69.3031
69.3031
69.3031
69.3031
69.3031
69.3031
69.3031
69.3031
69.3031
69.3031
69.3031
69.3031
69.3031
69.3031
69.3031
69.3031
69.3031
69.3031
69.3031
69.3031
69.3031
69.3031
69.3031
69.3031
69.3031
69.3031
69.3031
69.3031
69.3031
69.3031
69.3031
69.3031
69.3031
69.3031
69.3031
69.3031
69.3031
69.3031
69.3031
69.3031
69.2068
69.2068
69.2068
69.2068
69.2068
69.2068
69.2068
69.2068
69.2068
69.2068
69.2068
69.2068
69.2068
69.2068
69.2068
69.2068
69.2068
69.2068
69.2068
69.2068
69.2068
69.2068
69.2068
69.2068
69.2068
69.2068
69.2068
69.2068
69.2068
69.2068
69.2068
69.2068
69.2068
69.2068
69.2068
69.2068
69.2068
69.2068
69.2068
69.2068
69.2068
69.2068
69.2068
69.2068
69.2068
69.2068
69.2068
69.2068
69.2068
69.2068
69.2068
69.2068
69.2068
69.2068
69.2068
69.2068
69.2068
69.2068
69.2068
69.2068
69.2068
69.2068
69.2068
69.2068
69.2068
69.2068
69.2068
69.2068
69.2068
69.2068
69.2068
69.2068
69.2068
69.2068
69.2068
69.2068
69.2068
69.2068
69.2068
69.2068
69.2068
69.2068
69.2068
69.2068
69.2068
69.2068
69.2068
69.2068
69.2068
69.2068
69.2068
69.2068
69.2068
69.2068
69.2068
69.2068
69.2068
69.2068
69.2068
69.2068
69.2068
69.2068
69.2068
69.2068
69.2068
69.2068
69.2068
69.2068
69.2068
69.2068
69.2068
69.2068
69.2068
69.2068
69.2068
69.2068
69.2068
69.2068
69.2068
69.2068
69.2068
69.2068
69.2068
69.2068
69.2068
69.2068
69.2068
69.2068
69.2068
69.2068
69.2068
69.2068
69.2068
69.2068
69.2068
69.2068
69.2068
69.2068
69.2068
69.2068
69.2068
69.2068
69.2068
69.2068
69.2068
69.2068
69.2068
69.2068
69.2068
69.2068
69.2068
69.2068
69.2068
69.2068
69.2068
69.2068
69.2068
69.2068
69.2068
69.2068
69.2068
69.2068
69.2068
69.2068
69.2068
69.2068
69.2068
69.2068
69.2068
69.2068
69.2068
69.2068
69.2068
69.2068
69.2068
69.2068
69.2068
69.2068
69.2068
69.2068
69.2068
69.2068
69.2068
69.2068
69.2068
69.2068
69.2068
69.2068
69.2068
69.2068
69.2068
69.2068
69.2068
69.2068
69.2068
69.2068
68.9322
68.9322
68.9322
68.9322
68.9322
68.9322
68.9322
68.9322
68.9322
68.9322
68.9322
68.9322
68.9322
68.9322
68.9322
68.9322
68.9322
68.9322
68.9322
68.9322
68.9322
68.9322
68.9322
68.9322
68.9322
68.9322
68.9322
68.9322
68.9322
68.9322
68.9322
68.9322
68.9322
68.9322
68.9322
68.9322
68.9322
68.9322
68.9322
68.9322
68.9322
68.9322
68.9322
68.9322
68.9322
68.9322
68.9322
68.9322
68.9322
68.9322
68.9322
68.9322
68.9322
68.9322
68.9322
68.9322
68.9322
68.9322
68.9322
68.9322
68.9322
68.9322
68.9322
68.9322
68.9322
68.9322
68.9322
68.9322
68.9322
68.9322
68.9322
68.9322
68.9322
68.9322
68.9322
68.9322
68.9322
68.9322
68.9322
68.9322
68.9322
68.9322
68.9322
68.9322
68.9322
68.9322
68.9322
68.9322
68.9322
68.9322
68.7638
68.7638
68.7638
68.7638
68.7638
68.7638
68.7638
68.7638
68.7638
68.7638
68.7638
68.7638
68.7638
68.7638
68.7638
68.7638
68.7638
68.7638
68.7638
68.7638
68.7638
68.7638
68.7638
68.7638
68.7638
68.7638
68.7638
68.7638
68.7638
68.7638
68.7638
68.7638
68.7638
68.7638
68.7638
68.7638
68.7638
68.7638
68.7638
68.7638
68.7638
68.7638
68.7638
68.7638
68.7638
68.7638
68.7638
68.7638
68.7638
68.7638
68.7638
68.7638
68.7638
68.7638
68.7638
68.7638
68.7638
68.7638
68.7638
68.7638
68.7638
68.7638
68.7638
68.7638
68.7638
68.7638
68.7638
68.7638
68.7638
68.7638
68.7638
68.7638
68.7638
68.7638
68.7638
68.7638
68.7638
68.7638
68.7638
68.7638
68.7638
68.7638
68.7638
68.7638
68.7638
68.7638
68.7638
68.7638
68.7638
68.7638
68.7638
68.7638
68.7638
68.7638
68.7638
68.7638
68.7638
68.7638
68.7638
68.7638
68.7638
68.7638
68.7638
68.7638
68.7638
68.7638
68.7638
68.7638
68.7638
68.7638
68.7638
68.7638
68.7638
68.7638
68.7638
68.7638
68.7638
68.7638
68.7638
68.7638
68.7638
68.7638
68.7638
68.7638
68.7638
68.7638
68.7638
68.7638
68.7638
68.7638
68.7638
68.7638
68.7638
68.7638
68.7638
68.7638
68.7638
68.7638
68.7638
68.7638
68.7638
68.7638
68.7638
68.7638
68.7638
68.7638
68.7638
68.7638
68.7638
68.7638
68.7638
68.7638
68.7638
68.7638
68.7638
68.7638
68.7638
68.7638
68.7638
68.7638
68.7638
68.7638
68.7638
68.7638
68.7638
68.7638
68.7638
68.7638
68.7638
68.7638
68.7638
68.7638
68.7638
68.7638
68.7638
68.7638
68.7638
68.7638
68.7638
68.7638
68.7638
68.7638
68.7638
68.7638
68.7638
68.7638
68.7638
68.7638
68.7638
68.7638
68.7638
68.7638
68.7638
68.7638
68.7638
68.7638
68.7638
68.7638
68.7638
68.7638
68.7638
68.7638
68.7638
68.7638
68.7638
68.7638
68.7638
68.7638
68.7638
68.7638
68.7638
68.7638
68.7638
68.7638
68.7638
68.7638
68.7638
68.7638
68.7638
68.7638
68.7638
68.7638
68.7638
68.7638
68.7638
68.7638
68.7638
68.7638
68.7638
68.7638
68.7638
68.7638
68.7638
68.7638
68.7638
68.7638
68.7638
68.7638
68.7638
68.7638
68.7638
68.7638
68.7638
68.7638
68.7638
68.7638
68.7638
68.7638
68.7638
68.7638
68.7638
68.7638
68.7638
68.7638
68.7638
68.7638
68.7638
68.7638
68.7638
68.7638
68.7638
68.7638
68.7638
68.7638
68.7638
68.7638
68.7638
68.7638
68.7638
68.7638
68.7638
68.7638
68.7638
68.7638
68.7638
68.7638
68.7638
68.7638
68.7638
68.7638
68.7638
68.7638
68.7638
68.7638
68.7638
68.7638
68.7638
68.7638
68.7638
68.7638
68.7638
68.7638
68.7638
68.7638
68.7638
68.7638
68.7638
68.7638
68.7638
68.7638
68.7638
68.7638
68.7638
68.7638
68.7638
68.7638
68.7638
68.7638
68.7638
68.7638
68.7638
68.7638
68.7638
68.7638
68.7638
68.7638
68.7638
68.7638
68.7638
68.7638
68.7638
68.7638
68.7638
68.7638
68.7638
68.7638
68.7638
68.7638
68.7638
68.7638
68.7638
68.7638
68.7638
68.7638
68.7638
68.7638
68.7638
68.7638
68.7638
68.7638
68.7638
68.7638
68.7638
68.7638
68.7638
68.7638
68.7638
68.7638
68.7638
68.7638
68.7638
68.7638
68.7638
68.7638
68.7638
68.7638
68.7638
68.7638
68.7638
68.7638
68.7638
68.7638
68.7638
68.7638
68.7638
68.7638
68.7638
68.7638
68.7638
68.7638
68.7638
68.7638
68.7638
68.7638
68.7638
68.7638
68.7638
68.7638
68.7638
68.7638
68.7638
68.7638
68.7638
68.7638
68.7638
68.7638
68.7638
68.7638
68.7638
68.7638
68.7638
68.6796
68.6796
68.6796
68.6796
68.6796
68.6796
68.6796
68.6796
68.6796
68.6796
68.6796
68.6796
68.6796
68.6796
68.6796
68.6796
68.6796
68.6796
68.6796
68.6796
68.6796
68.6796
68.6796
68.6796
68.6796
68.6796
68.6796
68.6796
68.6796
68.6796
68.6796
68.6796
68.6796
68.6796
68.6796
68.6796
68.6796
68.6796
68.6796
68.6796
68.6796
68.6796
68.6796
68.6796
68.6796
68.6796
68.6796
68.6796
68.6796
68.6796
68.6796
68.6796
68.6796
68.6796
68.6796
68.6796
68.6796
68.6796
68.6796
68.6796
68.6796
68.6796
68.6796
68.6796
68.6796
68.6796
68.6796
68.6796
68.6796
68.6796
68.6796
68.6796
68.6796
68.6796
68.6796
68.6796
68.6796
68.6796
68.6796
68.6796
68.6796
68.6796
68.6796
68.6796
68.6796
68.6796
68.6796
68.6796
68.6796
68.6796
68.6796
68.6796
68.6796
68.6796
68.6796
68.6796
68.6796
68.6796
68.6796
68.6796
68.6796
68.6796
68.6796
68.6796
68.6796
68.6796
68.6796
68.6796
68.6796
68.6796
68.6796
68.6796
68.6796
68.6796
68.6796
68.6796
68.6796
68.6796
68.6796
68.6796
68.6796
68.6796
68.6796
68.6796
68.6796
68.6796
68.6796
68.6796
68.6796
68.6796
68.6796
68.6796
68.6796
68.6796
68.6796
68.6796
68.6796
68.6796
68.6796
68.6796
68.6796
68.6796
68.6796
68.6796
68.6796
68.6796
68.6796
68.6796
68.6796
68.6796
68.6796
68.6796
68.6796
68.6796
68.6796
68.6796
68.6796
68.6796
68.6796
68.6796
68.6796
68.6796
68.6796
68.6796
68.6796
68.6796
68.6796
68.6796
68.6796
68.6796
68.6796
68.6796
68.6796
68.6796
68.6796
68.6796
68.6796
68.6796
68.6796
68.6796
68.6796
68.6796
68.6796
68.6796
68.6796
68.6796
68.6796
68.6796
68.6796
68.6796
68.6796
68.6796
68.6796
68.6796
68.6796
68.6796
68.6796
68.6796
68.6796
68.6796
68.6796
68.6796
68.6796
68.6796
68.6796
68.6796
68.6796
68.6796
68.6796
68.6796
68.6796
68.6796
68.6796
68.6796
68.6796
68.6796
68.6796
68.6796
68.6796
68.6796
68.6796
68.6796
68.6796
68.6796
68.6796
68.6796
68.6796
68.6796
68.6796
68.6796
68.6796
68.6796
68.6796
68.6796
68.6796
68.6796
68.6796
68.6796
68.6796
68.6796
68.6796
68.6796
68.6796
68.6796
68.6796
68.6796
68.6796
68.6796
68.6796
68.6796
68.6796
68.6796
68.6796
68.6796
68.6796
68.6796
68.6796
68.6796
68.6796
68.6796
68.6796
68.6796
68.6796
68.6796
68.6796
68.6796
68.6796
68.6796
68.6796
68.6796
68.6796
68.6796
68.6796
68.6796
68.6796
68.6796
68.6796
68.6796
68.6796
68.6796
68.6796
68.6796
68.6796
68.6796
68.6796
68.6796
68.6796
68.6796
68.6796
68.6796
68.6796
68.6796
68.6796
68.6796
68.6796
68.6796
68.6796
68.6796
68.6796
68.6796
68.6796
68.6796
68.6796
68.6796
68.6796
68.6796
68.6796
68.6796
68.6796
68.6796
68.6796
68.6796
68.6796
68.6796
68.6796
68.6796
68.6796
68.6796
68.6796
68.6796
68.6796
68.6796
68.6796
68.6796
68.6796
68.6796
68.6796
68.6796
68.6796
68.6796
68.6796
68.6796
68.6796
68.6796
68.6796
68.6796
68.6796
68.6796
68.6796
68.6796
68.6796
68.6796
68.6796
68.6796
68.6796
68.6796
68.6796
68.6796
68.6796
68.6796
68.6796
68.6796
68.6796
68.6796
68.6796
68.6796
68.6796
68.6796
68.6796
68.6796
68.6796
68.6796
68.6796
68.6796
68.6796
68.6796
68.6796
68.6796
68.6796
68.5923
68.5923
68.5923
68.5923
68.5923
68.5923
68.5923
68.5923
68.5923
68.5923
68.5923
68.5923
68.5923
68.5923
68.5923
68.5923
68.5923
68.5923
68.5923
68.5923
68.5923
68.5923
68.5923
68.5923
68.5923
68.5923
68.5923
68.5923
68.5923
68.5923
68.5923
68.5923
68.5923
68.5923
68.5923
68.5923
68.5923
68.5923
68.5923
68.5923
68.5923
68.5923
68.5923
68.5923
68.5923
68.5923
68.5923
68.5923
68.5923
68.5923
68.5923
68.5923
68.5923
68.5923
68.5923
68.5923
68.5923
68.5923
68.5923
68.5923
68.5923
68.5923
68.5923
68.5923
68.5923
68.5923
68.5923
68.5923
68.5923
68.5923
68.5923
68.5923
68.5923
68.5923
68.5923
68.5923
68.5923
68.5923
68.5923
68.5923
68.5923
68.5923
68.5923
68.5923
68.5923
68.5923
68.5923
68.5923
68.5923
68.5923
68.5923
68.5923
68.5923
68.5923
68.5923
68.5923
68.5923
68.5923
68.5923
68.5923
68.5923
68.5923
68.5923
68.5923
68.5923
68.5923
68.5923
68.5923
68.5923
68.5923
68.5923
68.5923
68.5923
68.5923
68.5923
68.5923
68.5923
68.5923
68.5923
68.5923
68.5923
68.5923
68.5923
68.5923
68.5923
68.5923
68.5923
68.5923
68.5923
68.5923
68.5923
68.5923
68.5923
68.5923
68.5923
68.5923
68.5923
68.5923
68.5923
68.5923
68.5923
68.5923
68.5923
68.5923
68.5923
68.5923
68.5923
68.5923
68.5923
68.5923
68.5923
68.5923
68.5923
68.5923
68.5923
68.5923
68.5923
68.5923
68.5923
68.5923
68.5923
68.5923
68.5923
68.5923
68.5923
68.5923
68.5923
68.5923
68.5923
68.5923
68.5923
68.5923
68.5923
68.5923
68.5923
68.5923
68.5923
68.5923
68.5923
68.5923
68.5923
68.5923
68.5923
68.5923
68.5923
68.5923
68.5923
68.5923
68.5923
68.5923
68.5923
68.5923
68.5923
68.5923
68.5923
68.5923
68.5923
68.5923
68.5923
68.5923
68.5923
68.5923
68.5923
68.5923
68.5923
68.5923
68.5923
68.5923
68.5923
68.5923
68.5923
68.5923
68.5923
68.5923
68.5923
68.5923
68.5923
68.5923
68.5923
68.5923
68.5923
68.5923
68.5923
68.5923
68.5923
68.5923
68.5923
68.5923
68.5923
68.5923
68.5923
68.5923
68.5923
68.5923
68.5923
68.5923
68.5923
68.5923
68.5923
68.5923
68.5923
68.5923
68.5923
68.5923
68.5923
68.5923
68.5923
68.5923
68.5923
68.5923
68.5923
68.5923
68.5923
68.5923
68.5923
68.5923
68.5923
68.5923
68.5923
68.5923
68.5923
68.5923
68.5923
68.5923
68.5923
68.5923
68.5923
68.5923
68.5923
68.5923
68.5923
68.5923
68.5923
68.5923
68.5923
68.5923
68.5923
68.5923
68.5923
68.5923
68.5923
68.5923
68.5923
68.5923
68.5923
68.5923
68.5923
68.5923
68.5923
68.5923
68.5923
68.5923
68.5923
68.5923
68.5923
68.5923
68.5923
68.5923
68.5923
68.5923
68.5923
68.5923
68.5923
68.5923
68.5923
68.5923
68.5923
68.5923
68.5923
68.5923
68.5923
68.5923
68.5923
68.5923
68.5923
68.5923
68.5923
68.5923
68.5923
68.5923
68.5923
68.5923
68.5923
68.5923
68.5923
68.5923
68.5923
68.5923
68.5923
68.5923
68.5923
68.5923
68.5923
68.5923
68.5923
68.5923
68.5923
68.5923
68.5923
68.5923
68.5923
68.5923
68.5923
68.5923
68.5923
68.5923
68.5923
68.5923
68.5923
68.5923
68.5923
68.5923
68.5923
68.5923
68.5923
68.5923
68.5923
68.5923
68.5923
68.5923
68.5923
68.5923
68.5923
68.5923
68.5923
68.5923
68.5923
68.5923
68.5923
68.5923
68.5923
68.5923
68.5923
68.5923
68.5923
68.5923
68.5923
68.5923
68.5923
68.5923
68.5923
68.5923
68.5923
68.5923
68.5923
68.5923
68.5923
68.5923
68.5923
68.5923
68.5923
68.5923
68.5923
68.5923
68.5923
68.5923
68.5923
68.5923
68.5923
68.5923
68.5923
68.5923
68.5923
68.5923
68.5923
68.5923
68.5923
68.5923
68.5923
68.5923
68.5923
68.5923
68.5923
68.5923
68.5923
68.5923
68.5923
68.5923
68.5923
68.5923
68.5923
68.5923
68.5923
68.5923
68.5923
68.5923
68.5923
68.5923
68.5923
68.5923
68.5923
68.5923
68.5923
68.5923
68.5923
68.5923
68.5923
68.5923
68.5923
68.5923
68.5923
68.5923
68.5923
68.5923
68.5923
68.5923
68.5923
68.5923
68.5923
68.5923
68.5923
68.5923
68.5923
68.5923
68.5923
68.5923
68.5923
68.5923
68.5923
68.5923
68.5923
68.5923
68.5923
68.5923
68.5923
68.5923
68.5923
68.5923
68.5923
68.5923
68.5923
68.5923
68.5923
68.5923
68.5923
68.5923
68.5923
68.5923
68.5923
68.5923
68.5923
68.5923
68.5923
68.5923
68.5923
68.5923
68.5923
68.5923
68.5923
68.5923
68.5923
68.5923
68.5923
68.5923
68.5923
68.5923
68.5923
68.5923
68.5923
68.5923
68.5923
68.5923
68.5923
68.5923
68.5923
68.5923
68.5923
68.5923
68.5923
68.5923
68.5923
68.5923
68.5923
68.5923
68.5923
68.5923
68.5923
68.5923
68.5923
68.5923
68.5923
68.5923
68.5923
68.5923
68.5923
68.5923
68.5923
68.5923
68.5923
68.5923
68.5923
68.5923
68.5923
68.5923
68.5923
68.5923
68.5923
68.5923
68.5923
68.5923
68.5923
68.5923
68.5923
68.5923
68.5923
68.5923
68.5923
68.5923
68.5923
68.5923
68.5923
68.3544
68.3544
68.3544
68.3544
68.3544
68.3544
68.3544
68.3544
68.3544
68.3544
68.3544
68.3544
68.3544
68.3544
68.3544
68.3544
68.3544
68.3544
68.3544
68.3544
68.3544
68.3544
68.3544
68.3544
68.3544
68.3544
68.3544
68.3544
68.3544
68.3544
68.3544
68.3544
68.3544
68.3544
68.3544
68.3544
68.3544
68.3544
68.3544
68.3544
68.3544
68.3544
68.3544
68.3544
68.3544
68.3544
68.3544
68.3544
68.3544
68.3544
68.3544
68.3544
68.3544
68.3544
68.3544
68.3544
68.3544
68.3544
68.3544
68.3544
68.3544
68.3544
68.3544
68.3544
68.3544
68.3544
68.3544
68.3544
68.3544
68.3544
68.3544
68.3544
68.3544
68.3544
68.3544
68.3544
68.3544
68.3544
68.3544
68.3544
68.3544
68.3544
68.3544
68.3544
68.3544
68.3544
68.3544
68.3544
68.3544
68.3544
68.3544
68.3544
68.3544
68.3544
68.3544
68.3544
68.3544
68.3544
68.3544
68.3544
68.3544
68.3544
68.3544
68.3544
68.3544
68.3544
68.3544
68.3544
68.3544
68.3544
68.3544
68.3544
68.3544
68.3544
68.3544
68.3544
68.3544
68.3544
68.3544
68.3544
68.3544
68.3544
68.3544
68.3544
68.3544
68.3544
68.3544
68.3544
68.3544
68.3544
68.3544
68.3544
68.3544
68.3544
68.3544
68.3544
68.3544
68.3544
68.3544
68.3544
68.3544
68.3544
68.3544
68.3544
68.3544
68.3544
68.3544
68.3544
68.3544
68.3544
68.3544
68.3544
68.3544
68.3544
68.3544
68.3544
68.3544
68.3544
68.3544
68.3544
68.3544
68.3544
68.3544
68.3544
68.3544
68.3544
68.3544
68.3544
68.3544
68.3544
68.3544
68.3544
68.3544
68.3544
68.3544
68.3544
68.3544
68.3544
68.3544
68.3544
68.3544
68.3544
68.3544
68.3544
68.3544
68.3544
67.8363
67.8363
67.8363
67.8363
67.8363
67.8363
67.8363
67.8363
67.8363
67.8363
67.8363
67.8363
67.8363
67.8363
67.8363
67.8363
67.8363
67.8363
67.8363
67.8363
67.8363
67.8363
67.8363
67.8363
67.8363
67.8363
67.8363
67.8363
67.8363
67.8363
67.8363
67.8363
67.8363
67.8363
67.8363
67.8363
67.8363
67.8363
67.8363
67.8363
67.8363
67.8363
67.8363
67.8363
67.8363
67.8363
67.8363
67.8363
67.8363
67.8363
67.8363
67.8363
67.8363
67.8363
67.8363
67.8363
67.8363
67.8363
67.8363
67.8363
67.8363
67.8363
67.8363
67.8363
67.8363
67.8363
67.8363
67.8363
67.8363
67.8363
67.8363
67.8363
67.8363
67.8363
67.8363
67.8363
67.8363
67.8363
67.8363
67.8363
67.8363
67.8363
67.8363
67.8363
67.8363
67.8363
67.8363
67.8363
67.8363
67.8363
67.8363
67.8363
67.8363
67.8363
67.8363
67.8363
67.8363
67.8363
67.8363
67.8363
67.8363
67.8363
67.8363
67.8363
67.8363
67.8363
67.8363
67.8363
67.8363
67.8363
67.8363
67.8363
67.8363
67.8363
67.8363
67.8363
67.8363
67.8363
67.8363
67.8363
67.8363
67.8363
67.8363
67.8363
67.8363
67.8363
67.8363
67.8363
67.8363
67.8363
67.8363
67.8363
67.8363
67.8363
67.8363
67.8363
67.8363
67.8363
67.8363
67.8363
67.8363
67.8363
67.8363
67.8363
67.8363
67.8363
67.835
67.835
67.835
67.835
67.835
67.835
67.835
67.835
67.835
67.835
67.835
67.835
67.835
67.835
67.835
67.835
67.835
67.835
67.835
67.835
67.835
67.835
67.835
67.835
67.835
67.835
67.835
67.835
67.835
67.835
67.835
67.835
67.835
67.835
67.835
67.835
67.835
67.835
67.835
67.835
67.835
67.835
67.835
67.835
67.835
67.835
67.835
67.835
67.835
67.835
67.835
67.835
67.835
67.835
67.835
67.835
67.835
67.835
67.835
67.835
67.835
67.835
67.835
67.835
67.835
67.835
67.835
67.835
67.835
67.835
67.835
67.835
67.835
67.835
67.835
67.835
67.835
67.835
67.835
67.835
67.835
67.835
67.835
67.835
67.835
67.835
67.835
67.835
67.835
67.835
67.835
67.835
67.835
67.835
67.835
67.835
67.835
67.835
67.835
67.835
67.835
67.835
67.835
67.835
67.835
67.835
67.835
67.835
67.835
67.835
67.835
67.835
67.835
67.835
67.835
67.835
67.835
67.835
67.835
67.835
67.835
67.835
67.835
67.835
67.835
67.835
67.835
67.835
67.835
67.835
67.835
67.835
67.835
67.835
67.835
67.835
67.835
67.835
67.835
67.835
67.835
67.835
67.835
67.835
67.835
67.835
67.835
67.835
67.835
67.835
67.835
67.835
67.835
67.835
67.835
67.835
67.835
67.835
67.835
67.835
67.835
67.835
67.835
67.835
67.835
67.835
67.835
67.835
67.835
67.835
67.835
67.835
67.835
67.835
67.835
67.835
67.835
67.835
67.835
67.835
67.835
67.835
67.835
67.835
67.835
67.835
67.835
67.835
67.835
67.835
67.835
67.835
67.835
67.835
67.835
67.835
67.835
67.835
67.835
67.835
67.835
67.835
67.835
67.835
67.835
67.835
67.835
67.835
67.835
67.835
67.835
67.835
67.835
67.835
67.835
67.835
67.835
67.835
67.835
67.835
67.835
67.835
67.835
67.835
67.835
67.835
67.835
67.835
67.835
67.835
67.835
67.835
67.835
67.835
67.835
67.835
67.835
67.835
67.835
67.835
67.835
67.835
67.835
67.835
67.835
67.835
67.835
67.835
67.835
67.835
67.835
67.835
67.835
67.835
67.835
67.835
67.835
67.835
67.835
67.835
67.835
67.835
67.835
67.835
67.835
67.835
67.835
67.835
67.835
67.835
67.835
67.835
67.835
67.835
67.835
67.835
67.835
67.835
67.835
67.835
67.835
67.7334
67.7334
67.7334
67.7334
67.7334
67.7334
67.7334
67.7334
67.7334
67.7334
67.7334
67.7334
67.7334
67.7334
67.7334
67.7334
67.7334
67.7334
67.7334
67.7334
67.7334
67.7334
67.7334
67.7334
67.7334
67.7334
67.7334
67.7334
67.7334
67.7334
67.7334
67.7334
67.7334
67.6163
67.6163
67.6163
67.6163
67.6163
67.6163
67.6163
67.6163
67.6163
67.6163
67.6163
67.6163
67.6163
67.6163
67.6163
67.6163
67.6163
67.6163
67.6163
67.6163
67.6163
67.6163
67.6163
67.6163
67.6163
67.6163
67.6163
67.6163
67.6163
67.6163
67.6163
67.6163
67.6163
67.6163
67.6163
67.6163
67.6163
67.6163
67.6163
67.6163
67.6163
67.6163
67.6163
67.6163
67.6163
67.6163
67.6163
67.6163
67.6163
67.6163
67.6163
67.6163
67.6163
67.6163
67.6163
67.6163
67.6163
67.6163
67.6163
67.6163
67.6163
67.6163
67.6163
67.6163
67.6163
67.6163
67.6163
67.6163
67.6163
67.6163
67.6163
67.6163
67.6163
67.6163
67.6163
67.6163
67.6163
67.6163
67.6163
67.6163
67.6163
67.6163
67.6163
67.6163
67.6163
67.6163
67.6163
67.6163
67.6163
67.6163
67.6163
67.6163
67.6163
67.6163
67.6163
67.6163
67.6163
67.6163
67.6163
67.6163
67.6163
67.6163
67.6163
67.6163
67.6163
67.6163
67.6163
67.6163
67.6163
67.6163
67.6163
67.6163
67.6163
67.6163
67.6163
67.6163
67.6163
67.6163
67.6163
67.6163
67.6163
67.6163
67.6163
67.6163
67.6163
67.6163
67.6163
67.6163
67.6163
67.6163
67.6163
67.6163
67.6163
67.6163
67.6163
67.6163
67.6163
67.6163
67.6163
67.6163
67.6163
67.6163
67.6163
67.6163
67.6163
67.6163
67.6163
67.6163
67.6163
67.6163
67.6163
67.6163
67.6163
67.6163
67.6163
67.6163
67.6163
67.6163
67.6163
67.6163
67.6163
67.6163
67.6163
67.6163
67.6163
67.6163
67.6163
67.6163
67.6163
67.6163
67.6163
67.6163
67.6163
67.6163
67.6163
67.6163
67.6163
67.6163
67.6163
67.6163
67.6163
67.6163
67.6163
67.6163
67.6163
67.6163
67.6163
67.6163
67.6163
67.6163
67.6163
67.6163
67.6163
67.6163
67.6163
67.6163
67.6163
67.6163
67.6163
67.6163
67.6163
67.6163
67.6163
67.6163
67.6163
67.6163
67.6163
67.6163
67.6163
67.6163
67.6163
67.6163
67.6163
67.6163
67.6163
67.6163
67.6163
67.6163
67.6163
67.6163
67.6163
67.6163
67.6163
67.6163
67.6163
67.6163
67.6163
67.6163
67.6163
67.6163
67.6163
67.6163
67.6163
67.6163
67.6163
67.6163
67.6163
67.6163
67.6163
67.6163
67.6163
67.6163
67.6163
67.6163
67.6163
67.6163
67.6163
67.6163
67.6163
67.6163
67.6163
67.6163
67.6163
67.6163
67.6163
67.6163
67.6163
67.6163
67.6163
67.6163
67.6163
67.6163
67.6163
67.6163
67.6163
67.6163
67.6163
67.6163
67.6163
67.6163
67.6163
67.6163
67.6163
67.6163
67.6163
67.6163
67.6163
67.6163
67.6163
67.6163
67.6163
67.6163
67.6163
67.6163
67.6163
67.6163
67.6163
67.6163
67.6163
67.6163
67.6163
67.6163
67.6163
67.6163
67.6163
67.6163
67.6163
67.6163
67.6163
67.6163
67.6163
67.6163
67.6163
67.6163
67.6163
67.6163
67.6163
67.6163
67.6163
67.6163
67.6163
67.6163
67.6163
67.6163
67.6163
67.6163
67.6163
67.6163
67.6163
67.6163
67.6163
67.6163
67.6163
67.6163
67.6163
67.6163
67.6163
67.6163
67.6163
67.6163
67.6163
67.6163
67.6163
67.6163
67.6163
67.6163
67.6163
67.6163
67.6163
67.6163
67.6163
67.6163
67.6163
67.6163
67.6163
67.6163
67.6163
67.6163
67.6163
67.6163
67.6163
67.6163
67.6163
67.6163
67.6163
67.6163
67.6163
67.6163
67.6163
67.6163
67.6163
67.6163
67.6163
67.6163
67.6163
67.6163
67.6163
67.6163
67.6163
67.6163
67.6163
67.6163
67.6163
67.6163
67.6163
67.6163
67.6163
67.6163
67.6163
67.6163
67.6163
67.6163
67.6163
67.6163
67.6163
67.6163
67.6163
67.6163
66.9269
66.9269
66.9269
66.9269
66.9269
66.9269
66.9269
66.9269
66.9269
66.9269
66.9269
66.9269
66.9269
66.9269
66.9269
66.9269
66.9269
66.9269
66.9269
66.9269
66.9269
66.9269
66.9269
66.9269
66.9269
66.9269
66.9269
66.9269
66.9269
66.9269
66.9269
66.9269
66.9269
66.9269
66.9269
66.9269
66.9269
66.9269
66.9269
66.9269
66.9269
66.9269
66.9269
66.9269
66.9269
66.9269
66.9269
66.9269
66.9269
66.9269
66.9269
66.9269
66.9269
66.9269
66.9269
66.9269
66.9269
66.9269
66.9269
66.9269
66.9269
66.9269
66.9269
66.9269
66.9269
66.9269
66.9269
66.9269
66.9269
66.9269
66.9269
66.9269
66.9269
66.9269
66.9269
66.9269
66.9269
66.9269
66.9269
66.9269
66.9269
66.9269
66.9269
66.9269
66.9269
66.9269
66.9269
66.9269
66.9269
66.9269
66.9269
66.9269
66.9269
66.9269
66.9269
66.9269
66.9269
66.9269
66.9269
66.9269
66.9269
66.9269
66.9269
66.9269
66.9269
66.9269
66.9269
66.9269
66.9269
66.9269
66.9269
66.9269
66.9269
66.9269
66.9269
66.9269
66.9269
66.9269
66.9269
66.9269
66.9269
66.9269
66.9269
66.9269
66.9269
66.9269
66.9269
66.9269
66.9269
66.9269
66.9269
66.9269
66.9269
66.9269
66.9269
66.9269
66.9269
66.9269
66.9269
66.9269
66.9269
66.9269
66.9269
66.9269
66.9269
66.9269
66.9269
66.9269
66.9269
66.9269
66.9269
66.9269
66.9269
66.9269
66.9269
66.9269
66.9269
66.9269
66.9269
66.9269
66.9269
66.9269
66.9269
66.9269
66.9269
66.9269
66.9269
66.9269
66.9269
66.9269
66.9269
66.9269
66.9269
66.9269
66.9269
66.9269
66.9269
66.9269
66.9269
66.9269
66.9269
66.9269
66.9269
66.9269
66.9269
66.9269
66.9269
66.9269
66.9269
66.9269
66.9269
66.9269
66.9269
66.9269
66.9269
66.9269
66.9269
66.9269
66.9269
66.9269
66.9269
66.9269
66.9269
66.9269
66.9269
66.9269
66.9269
66.9269
66.9269
66.9269
66.9269
66.9269
66.9269
66.9269
66.9269
66.9269
66.9269
66.9269
66.9269
66.9269
66.9269
66.9269
66.9269
66.9269
66.9269
66.9269
66.9269
66.9269
66.9269
66.9269
66.9269
66.9269
66.9269
66.9269
66.9269
66.9269
66.9269
66.9269
66.9269
66.9269
66.9269
66.9269
66.9269
66.9269
66.9269
66.9269
66.9269
66.9269
66.9269
66.9269
66.9269
66.9269
66.9269
66.9269
66.9269
66.9269
66.9269
66.9269
66.9269
66.9269
66.9269
66.9269
66.9269
66.9269
66.9269
66.9269
66.9269
66.9269
66.9269
66.9269
66.9269
66.9269
66.9269
66.9269
66.9269
66.9269
66.9269
66.9269
66.9269
66.9269
66.9269
66.9269
66.9269
66.9269
66.9269
66.9269
66.9269
66.9269
66.9269
66.9269
66.9269
66.9269
66.9269
66.9269
66.9269
66.9269
66.9269
66.9269
66.9269
66.9269
66.9269
66.9269
66.9269
66.9269
66.9269
66.9269
66.9269
66.9269
66.9269
66.9269
66.9269
66.9269
66.9269
66.9269
66.9269
66.9269
66.9269
66.9269
66.9269
66.9269
66.9269
66.9269
66.9269
66.9269
66.9269
66.9269
66.9269
66.9269
66.9269
66.9269
66.9269
66.9269
66.9269
66.9269
66.9269
66.9269
66.9269
66.9269
66.9269
66.9269
66.9269
66.9269
66.9269
66.9269
66.9269
66.9269
66.9269
66.9269
66.9269
66.9269
66.9269
66.9269
66.9269
66.9269
66.9269
66.9269
66.9269
66.9269
66.9269
66.9269
66.9269
66.9269
66.9269
66.9269
66.9269
66.9269
66.9269
66.9269
66.9269
66.9269
66.9269
66.9269
66.9269
66.9269
66.9269
66.9269
66.9269
66.9269
66.9269
66.9269
66.9269
66.9269
66.9269
66.9269
66.9269
66.9269
66.9269
66.9269
66.9269
66.9269
66.9269
66.9269
66.9269
66.9269
66.9269
66.9269
66.9269
66.9269
66.9269
66.9269
66.9269
66.9269
66.9269
66.9269
66.9269
66.9269
66.9269
66.9269
66.9269
66.9269
66.9269
66.9269
66.9269
66.9269
66.9269
66.9269
66.9269
66.9269
66.9269
66.9269
66.9269
66.9269
66.9269
66.9269
66.9269
66.9269
66.9269
66.9269
66.9269
66.9269
66.9269
66.9269
66.9269
66.9269
66.9269
66.9269
66.9269
66.9269
66.9269
66.9269
66.9269
66.9269
66.9269
66.9269
66.9269
66.9269
66.9269
66.9269
66.9269
66.9269
66.9269
66.9269
66.9269
66.9269
66.9269
66.9269
66.9269
66.9269
66.9269
66.9269
66.9269
66.9269
66.9269
66.9269
66.9269
66.9269
66.9269
66.9269
66.9269
66.9269
66.9269
66.9269
66.9269
66.9269
66.9269
66.9269
66.9269
66.9269
66.9269
66.9269
66.9269
66.9269
66.9269
66.9269
66.9269
66.9269
66.9269
66.9269
66.9269
66.9269
66.9269
66.9269
66.9269
66.9269
66.9269
66.9269
66.9269
66.9269
66.9269
66.9269
66.9269
66.9269
66.9269
66.9269
66.9269
66.9269
66.9269
66.9269
66.9269
66.9269
66.9269
66.9269
66.9269
66.9269
66.9269
66.9269
66.9269
66.9269
66.9269
66.9269
66.9269
66.9269
66.9269
66.9269
66.9269
66.9269
66.9269
66.9269
66.9269
66.9269
66.9269
66.9269
66.9269
66.9269
66.9269
66.9269
66.9269
66.9269
66.9269
66.9269
66.9269
66.9269
66.9269
66.9269
66.9269
66.9269
66.9269
66.9269
66.9269
66.9269
66.9269
66.9269
66.9269
66.9269
66.9269
66.9269
66.9269
66.9269
66.9269
66.9269
66.9269
66.9269
66.9269
66.9269
66.9269
66.9269
66.9269
66.9269
66.9269
66.9269
66.9269
66.9269
66.9269
66.9269
66.9269
66.9269
66.9269
66.9269
66.9269
66.9269
66.9269
66.9269
66.9269
66.9269
66.9269
66.9269
66.9269
66.9269
66.9269
66.9269
66.9269
66.9269
66.9269
66.9269
66.9269
66.9269
66.9269
66.9269
66.9269
66.9269
66.9269
66.9269
66.9269
66.9269
66.9269
66.9269
66.9269
66.9269
66.9269
66.9269
66.9269
66.9269
66.9269
66.9269
66.9269
66.9269
66.9269
66.9269
66.9269
66.9269
66.9269
66.9269
66.9269
66.9269
66.9269
66.9269
66.9269
66.9269
66.9269
66.9269
66.9269
66.9269
66.9269
66.9269
66.9269
66.9269
66.9269
66.9269
66.9269
66.9269
66.9269
66.9269
66.9269
66.9269
66.9269
66.9269
66.9269
66.9269
66.9269
66.9269
66.9269
66.9269
66.9269
66.9269
66.9269
66.9269
66.9269
66.9269
66.9269
66.9269
66.9269
66.9269
66.9269
66.9269
66.9269
66.9269
66.9269
66.9269
66.9269
66.9269
66.9269
66.9269
66.9269
66.9269
66.9269
66.9269
66.9269
66.9269
66.9269
66.9269
66.9269
66.9269
66.9269
66.9269
66.9269
66.9269
66.9269
66.9269
66.9269
66.9269
66.9269
66.9269
66.9269
66.9269
66.9269
66.9269
66.9269
66.9269
66.9269
66.9269
66.9269
66.9269
66.9269
66.9269
66.9269
66.9269
66.9269
66.9269
66.9269
66.9269
66.9269
66.9269
66.9269
66.9269
66.9269
66.9269
66.9269
66.9269
66.9269
66.9269
66.9269
66.9269
66.9269
66.9269
66.9269
66.9269
66.9269
66.9269
66.9269
66.9269
66.9269
66.9269
66.9269
66.9269
66.9269
66.9269
66.9269
66.9269
66.9269
66.9269
66.9269
66.9269
66.9269
66.9269
66.9269
66.9269
66.9269
66.9269
66.9269
66.9269
66.9269
66.9269
66.9269
66.9269
66.9269
66.9269
66.9269
66.9269
66.9269
66.9269
66.9269
66.9269
66.9269
66.9269
66.9269
66.9269
66.9269
66.9269
66.9269
66.9269
66.9269
66.9269
66.9269
66.9269
66.9269
66.9269
66.9269
66.9269
66.9269
66.9269
66.9269
66.9269
66.9269
66.9269
66.9269
66.9269
66.9269
66.9269
66.9269
66.9269
66.9269
66.9269
66.9269
66.9269
66.9269
66.9269
66.9269
66.9269
66.9269
66.9269
66.9269
66.9269
66.9269
66.9269
66.9269
66.9269
66.9269
66.9269
66.9269
66.9269
66.9269
66.9269
66.9269
66.9269
66.9269
66.9269
66.9269
66.9269
66.9269
66.9269
66.9269
66.9269
66.9269
66.9269
66.9269
66.9269
66.9269
66.9269
66.9269
66.9269
66.9269
66.9269
66.9269
66.9269
66.9269
66.9269
66.9269
66.9269
66.9269
66.9269
66.9269
66.9269
66.9269
66.9269
66.9269
66.9269
66.9269
66.9269
66.9269
66.9269
66.9269
66.9269
66.9269
66.9269
66.9269
66.9269
66.9269
66.9269
66.9269
66.9269
66.9269
66.9269
66.9269
66.9269
66.9269
66.9269
66.9269
66.9269
66.9269
66.9269
66.9269
66.9269
66.9269
66.9269
66.9269
66.9269
66.9269
66.9269
66.9269
66.9269
66.9269
66.9269
66.9269
66.9269
66.9269
66.9269
66.9269
66.9269
66.9269
66.9269
66.9269
66.9269
66.9269
66.9269
66.9269
66.9269
66.9269
66.9269
66.9269
66.9269
66.9269
66.9269
66.9269
66.9269
66.9269
66.9269
66.9269
66.9269
66.9269
66.9269
66.9269
66.9269
66.9269
66.9269
66.9269
66.9269
66.9269
66.9269
66.9269
66.9269
66.9269
66.9269
66.9269
66.9269
66.9269
66.9269
66.9269
66.9269
66.9269
66.9269
66.9269
66.9269
66.9269
66.9269
66.9269
66.9269
66.6771
66.6771
66.6771
66.6771
66.6771
66.6771
66.6771
66.6771
66.6771
66.6771
66.6771
66.6771
66.6771
66.6771
66.6771
66.6771
66.6771
66.6771
66.6771
66.6771
66.6771
66.6771
66.6771
66.6771
66.6771
66.6771
66.6771
66.6771
66.6771
66.6771
66.6771
66.6771
66.6771
66.6771
66.6771
66.6771
66.6771
66.6771
66.6771
66.6771
66.6771
66.6771
66.6771
66.6771
66.6771
66.6771
66.6771
66.6771
66.6771
66.6771
66.6771
66.6771
66.6771
66.6771
66.6771
66.6771
66.6771
66.6771
66.6771
66.6771
66.6771
66.6771
66.6771
66.6771
66.6771
66.6771
66.6771
66.6771
66.6771
66.6771
66.6771
66.6771
66.6771
66.6771
66.6771
66.6771
66.6771
66.6771
66.6771
66.6771
66.6771
66.6771
66.6771
66.6771
66.6771
66.6771
66.6771
66.6771
66.6771
66.6771
66.6771
66.6771
66.6771
66.6771
66.6771
66.6771
66.6771
66.6771
66.6771
66.6771
66.6771
66.6771
66.6771
66.6771
66.6771
66.6771
66.6771
66.6771
66.6771
66.6771
66.6771
66.6771
66.6771
66.6771
66.6771
66.6771
66.6771
66.6771
66.6771
66.6771
66.6771
66.6771
66.6771
66.6771
66.6771
66.6771
66.6771
66.6771
66.6771
66.6771
66.6771
66.6771
66.6771
66.6771
66.6771
66.6771
66.6771
66.6771
66.6771
66.6771
66.6771
66.6771
66.6771
66.6771
66.6771
66.6771
66.6771
66.6771
66.6771
66.6771
66.6771
66.6771
66.6771
66.6771
66.6771
66.6771
66.6771
66.6771
66.6771
66.6771
66.6771
66.6771
66.6771
66.6771
66.6771
66.6771
66.6771
66.6771
66.6771
66.6771
66.6771
66.6771
66.6771
66.6771
66.6771
66.6771
66.6771
66.6771
66.6771
66.6771
66.6771
66.6771
66.6771
66.6771
66.6771
66.6771
66.6771
66.6771
66.6771
66.6771
66.6771
66.6771
66.6771
66.6771
66.6771
66.6771
66.6771
66.6771
66.6771
66.6771
66.6771
66.6771
66.6771
66.6771
66.6771
66.6771
66.6771
66.6771
66.6771
66.6771
66.6771
66.6771
66.6771
66.6771
66.6771
66.6771
66.6771
66.6771
66.6771
66.6771
66.6771
66.6771
66.6771
66.6771
66.6771
66.6771
66.6771
66.6771
66.6771
66.6771
66.6771
66.6771
66.6771
66.6771
66.6771
66.6771
66.6771
66.6771
66.6771
66.6771
66.6771
66.6771
66.6771
66.6771
66.6771
66.6771
66.6771
66.6771
66.6771
66.6771
66.6771
66.6771
66.6771
66.6771
66.6771
66.6771
66.6771
66.6771
66.6771
66.6771
66.6771
66.6771
66.6771
66.6771
66.6771
66.6771
66.6771
66.6771
66.6771
66.6771
66.6771
66.6771
66.6771
66.6771
66.6771
66.6771
66.6771
66.6771
66.6771
66.6771
66.6771
66.6771
66.6771
66.6771
66.6771
66.6771
66.6771
66.6771
66.6771
66.6771
66.6771
66.6771
66.6771
66.6771
66.6771
66.6771
66.6771
66.6771
66.6771
66.6771
66.6771
66.6771
66.6771
66.6771
66.6771
66.6771
66.6771
66.6771
66.6771
66.6771
66.6771
66.6771
66.6771
66.6771
66.6771
66.6771
66.6771
66.6771
66.6771
66.6771
66.6771
66.6771
66.6771
66.6771
66.6771
66.6771
66.6771
66.6771
66.6771
66.6771
66.6771
66.6771
66.6771
66.6771
66.6771
66.6771
66.6771
66.6771
66.6771
66.6771
66.6771
66.6771
66.6771
66.6771
66.6771
66.6771
66.6771
66.6771
66.6771
66.6771
66.6771
66.6771
66.6771
66.6771
66.6771
66.6771
66.6771
66.6771
66.6771
66.6771
66.6771
66.6771
66.6771
66.6771
66.6771
66.6771
66.6771
66.6771
66.6771
66.6771
66.6771
66.6771
66.6771
66.6771
66.6771
66.6771
66.6771
66.6771
66.6771
66.6771
66.6771
66.6771
66.6771
66.6771
66.6771
66.6771
66.6771
66.6771
66.6771
66.6771
66.6771
66.6771
66.6771
66.6771
66.6771
66.6771
66.6771
66.6771
66.6771
66.6771
66.6771
66.6771
66.6771
66.6771
66.6771
66.6771
66.6771
66.6771
66.6771
66.6771
66.6771
66.6771
66.6771
66.6771
66.6771
66.6771
66.6771
66.6771
66.6771
66.6771
66.6771
66.6771
66.6771
66.6771
66.6771
66.6771
66.6771
66.6771
66.6771
66.6771
66.6771
66.6771
66.6771
66.6771
66.6771
66.6771
66.6771
66.6771
66.6771
66.6771
66.6771
66.6771
66.6771
66.6771
66.6771
66.6771
66.6771
66.6771
66.6771
66.6771
66.6771
66.6771
66.6771
66.6771
66.6771
66.6771
66.6771
66.6771
66.6771
66.6771
66.6771
66.6771
66.6771
66.6771
66.6771
66.6771
66.6771
66.6771
66.6771
66.6771
66.6771
66.6771
66.6771
66.6771
66.6771
66.6771
66.6771
66.6771
66.6771
66.6771
66.6771
66.6771
66.6771
66.6771
66.6771
66.6771
66.6771
66.6771
66.6771
66.6771
66.6771
66.6771
66.6771
66.6771
66.6771
66.6771
66.6771
66.6771
66.6771
66.6771
66.6771
66.6771
66.6771
66.6771
66.6771
66.6771
66.6771
66.6771
66.6771
66.6771
66.6771
66.6771
66.6771
66.6771
66.6771
66.6771
66.6771
66.6771
66.6771
66.6771
66.6771
66.6771
66.6771
66.6771
66.6771
66.6771
66.6771
66.6771
66.6771
66.6771
66.6771
66.6771
66.6771
66.6771
66.6771
66.6771
66.6771
66.6771
66.6771
66.6771
66.6771
66.6771
66.6771
66.6771
66.6771
66.6771
66.6771
66.6771
66.6771
66.6771
66.6771
66.6771
66.6771
66.6771
66.6771
66.6771
66.6771
66.6771
66.6771
66.6771
66.6771
66.6771
66.6771
66.6771
66.6771
66.6771
66.6771
66.6771
66.6771
66.6771
66.6771
66.6771
66.6771
66.6771
66.6771
66.6771
66.6771
66.6771
66.6771
66.6771
66.6771
66.6771
66.6771
66.6771
66.6771
66.6771
66.6771
66.6771
66.6771
66.6771
66.6771
66.6771
66.6771
66.6771
66.6771
66.6771
66.6771
66.6771
66.6771
66.6771
66.6771
66.6771
66.6771
66.6771
66.6771
66.6771
66.6771
66.6771
66.6771
66.6771
66.6771
66.6771
66.6771
66.6771
66.6771
66.6771
66.6771
66.6771
66.6771
66.6771
66.6771
66.6771
66.6771
66.6771
66.6771
66.6771
66.6771
66.6771
66.6771
66.6771
66.6771
66.6771
66.6771
66.6771
66.6771
66.6771
66.6771
66.6771
66.6771
66.6771
66.6771
66.6771
66.6771
66.6771
66.6771
66.6771
66.6771
66.6771
66.6771
66.6771
66.6771
66.6771
66.6771
66.6771
66.6771
66.6771
66.6771
66.6771
66.6771
66.6771
66.6771
66.6771
66.6771
66.6771
66.6771
66.6771
66.6771
66.6771
66.6771
66.6771
66.6771
66.6771
66.6771
66.6771
66.6771
66.6771
66.6771
66.6771
66.6771
66.6771
66.6771
66.6771
66.6771
66.6771
66.6771
66.6771
66.6771
66.6771
66.6771
66.6771
66.6771
66.6771
66.6771
66.6771
66.6771
66.6771
66.6771
66.6771
66.6771
66.6771
66.6771
66.6771
66.6771
66.6771
66.6771
66.6771
66.6771
66.6771
66.6771
66.6771
66.6771
66.6771
66.6771
66.6771
66.6771
66.6771
66.6771
66.6771
66.6771
66.6771
66.6771
66.6771
66.6771
66.6771
66.6771
66.6771
66.6771
66.6771
66.6771
66.6771
66.6771
66.6771
66.6771
66.6771
66.6771
66.6771
66.6771
66.6771
66.6771
66.6771
66.6771
66.6771
66.6771
66.6771
66.6771
66.6771
66.6771
66.6771
66.6771
66.6771
66.6771
66.6771
66.6771
66.6771
66.6771
66.6771
66.6771
66.6771
66.6771
66.6771
66.6771
66.6771
66.6771
66.6771
66.6771
66.6771
66.6771
66.6771
66.6771
66.6771
66.6771
66.6771
66.6771
66.6771
66.6771
66.6771
66.6771
66.6771
66.6771
66.6771
66.6771
66.6771
66.6771
66.6771
66.6771
66.6771
66.6771
66.6771
66.6771
66.6771
66.6771
66.6771
66.6771
66.6771
66.6771
66.6771
66.6771
66.6771
66.6771
66.6771
66.6771
66.6771
66.6771
66.6771
66.6771
66.6771
66.6771
66.6771
66.6771
66.6771
66.6771
66.6771
66.6771
66.6771
66.6771
66.6771
66.6771
66.6771
66.6771
66.6771
66.6771
66.6771
66.6771
66.6771
66.6771
66.6771
66.6771
66.6771
66.6771
66.6771
66.6771
66.6771
66.6771
66.6771
66.6771
66.6771
66.6771
66.6771
66.6771
66.6771
66.6771
66.6771
66.6771
66.6771
66.6771
66.6771
66.6771
66.6771
66.6771
66.6771
66.6771
66.6771
66.6771
66.6771
66.6771
66.6771
66.6771
66.6771
66.6771
66.6771
66.6771
66.6771
66.6771
66.6771
66.6771
66.6771
66.6771
66.6771
66.6771
66.6771
66.6771
66.6771
66.6771
66.6771
66.6771
66.6771
66.6771
66.6771
66.6771
66.6771
66.6771
66.6771
66.6771
66.6771
66.6771
66.6771
66.6771
66.6771
66.6771
66.6771
66.6771
66.6771
66.6771
66.6771
66.6771
66.6771
66.6771
66.6771
66.6771
66.6771
66.6771
66.6771
66.6771
66.6771
66.6771
66.6771
66.6771
66.6771
66.6771
66.6771
66.6771
66.6771
66.6771
66.6771
66.6771
66.6771
66.6771
66.6771
66.6771
66.6771
66.6771
66.6771
66.6771
66.6771
66.6771
66.6771
66.6771
66.6771
66.6771
66.6771
66.6771
66.6771
66.6771
66.6771
66.6771
66.6771
66.6771
66.6771
66.6771
66.6771
66.6771
66.6771
66.6771
66.6771
66.6771
66.6771
66.6771
66.6771
66.6771
66.6771
66.6771
66.6771
66.6771
66.6771
66.6771
66.6771
66.6771
66.6771
66.6771
66.6771
66.6771
66.6771
66.6771
66.6771
66.6771
66.6771
66.6771
66.6771
66.6771
66.6771
66.6771
66.6771
66.6771
66.6771
66.6771
66.6771
66.6771
66.6771
66.6771
66.6771
66.6771
66.6771
66.6771
66.6771
66.6771
66.6771
66.6771
66.6771
66.6771
66.6771
66.6771
66.6771
66.6771
66.6771
66.6771
66.6771
66.6771
66.6771
66.6771
66.6771
66.6771
66.6771
66.6771
66.6771
66.6771
66.6771
66.6771
66.6771
66.6771
66.6771
66.6771
66.6771
66.6771
66.6771
66.6771
66.6771
66.6771
66.6771
66.6771
66.6771
66.6771
66.6771
66.6771
66.6771
66.6771
66.6771
66.6771
66.6771
66.6771
66.6771
66.6771
66.6771
66.6771
66.6771
66.6771
66.6771
66.6771
66.6771
66.6771
66.6771
66.6771
66.6771
66.6771
66.6771
66.6771
66.6771
66.6771
66.6771
66.6771
66.6771
66.6771
66.6771
66.6771
66.6771
66.6771
66.6771
66.6771
66.6771
66.6771
66.6771
66.6771
66.6771
66.6771
66.6771
66.6771
66.6771
66.6771
66.6771
66.6771
66.6771
66.6771
66.6771
66.6771
66.6771
66.6771
66.6771
66.6771
66.6771
66.6771
66.6771
66.6771
66.6771
66.6771
66.6771
66.6771
66.6771
66.6771
66.6771
66.6771
66.6771
66.6771
66.6771
66.6771
66.6771
66.6771
66.6771
66.6771
66.6771
66.6771
66.6771
66.6771
66.6771
66.6771
66.6771
66.6771
66.6771
66.6771
66.6771
66.6771
66.6771
66.6771
66.6771
66.6771
66.6771
66.6771
66.6771
66.6771
66.6771
66.6771
66.6771
66.6771
66.6771
66.6771
66.6771
66.6771
66.6771
66.6771
66.6771
66.6771
66.6771
66.6771
66.6771
66.6771
66.6771
66.6771
66.6771
66.6771
66.6771
66.6771
66.6771
66.6771
66.6771
66.6771
66.6771
66.6771
66.6771
66.6771
66.6771
66.6771
66.6771
66.6771
66.6771
66.6771
66.6771
66.6771
66.6771
66.6771
66.6771
66.6771
66.6771
66.6771
66.6771
66.6771
66.6771
66.6771
66.6771
66.6771
66.6771
66.6771
66.6771
66.6771
66.6771
66.6771
66.6771
66.6771
66.6771
66.6771
66.6771
66.6771
66.6771
66.6771
66.6771
66.6771
66.6771
66.6771
66.6771
66.6771
66.6771
66.6771
66.6771
66.6771
66.6771
66.6771
66.6771
66.6771
66.6771
66.6771
66.6771
66.6771
66.6771
66.6771
66.6771
66.6771
66.6771
66.6771
66.6771
66.6771
66.6771
66.6771
66.6771
66.6771
66.6771
66.6771
66.6771
66.6771
66.6771
66.6771
66.6771
66.6771
66.6771
66.6771
66.6771
66.6771
66.6771
66.6771
66.6771
66.6771
66.6771
66.6771
66.6771
66.6771
66.6771
66.6771
66.6771
66.6771
66.6771
66.6771
66.6771
66.6771
66.6771
66.6771
66.6771
66.6771
66.6771
66.6771
66.6771
66.6771
66.6771
66.6771
66.6771
66.6771
66.6771
66.6771
66.6771
66.6771
66.6771
66.6771
66.6771
66.6771
66.6771
66.6771
66.6771
66.6771
66.6771
66.6771
66.6771
66.6771
66.6771
66.6771
66.6771
66.6771
66.6771
66.6771
66.6771
66.6771
66.6771
66.6771
66.6771
66.6771
66.6771
66.6771
66.6771
66.6771
66.6771
66.6771
66.6771
66.6771
66.6771
66.6771
66.6771
66.6771
66.6771
66.6771
66.6771
66.6771
66.6771
66.6771
66.6771
66.6771
66.6771
66.6771
66.6771
66.6771
66.6771
66.6771
66.6771
66.6771
66.6771
66.6771
66.6771
66.6771
66.6771
66.6771
66.6771
66.6771
66.6771
66.6771
66.6771
66.6771
66.6771
66.6771
66.6771
66.6771
66.6771
66.6771
66.6771
66.6771
66.6771
66.6771
66.6771
66.6771
66.6771
66.6771
66.6771
66.6771
66.6771
66.6771
66.6771
66.6771
66.6771
66.6771
66.6771
66.6771
66.6771
66.6771
66.6771
66.6771
66.6771
66.6771
66.6771
66.6771
66.6771
66.6771
66.6771
66.6771
66.6771
66.6771
66.6771
66.6771
66.6771
66.6771
66.6771
66.6771
66.6771
66.6771
66.6771
66.6771
66.6771
66.6771
66.6771
66.6771
66.6771
66.6771
66.6771
66.6771
66.6771
66.6771
66.6771
66.6771
66.6771
66.6771
66.6771
66.6771
66.6771
66.6771
66.6771
66.6771
66.6771
66.6771
66.6771
66.6771
66.6771
66.6771
66.6771
66.6771
66.6771
66.6771
66.6771
66.6771
66.6771
66.6771
66.6771
66.6771
66.6771
66.6771
66.6771
66.6771
66.6771
66.6771
66.6771
66.6771
66.6771
66.6771
66.6771
66.6771
66.6771
66.6771
66.6771
66.6771
66.6771
66.6771
66.6771
66.6771
66.6771
66.6771
66.6771
66.6771
66.6771
66.6771
66.6771
66.6771
66.6771
66.6771
66.6771
66.6771
66.6771
66.6771
66.6771
66.6771
66.6771
66.6771
66.6771
66.6771
66.6771
66.6771
66.6771
66.6771
66.6771
66.6771
66.6771
66.6771
66.6771
66.6771
66.6771
66.6771
66.6771
66.6771
66.6771
66.6771
66.6771
66.6771
66.6771
66.6771
66.6771
66.6771
66.6771
66.6771
66.6771
66.6771
66.6771
66.6771
66.6771
66.6771
66.6771
66.6771
66.6771
66.6771
66.6771
66.6771
66.6771
66.6771
66.6771
66.6771
66.6771
66.6771
66.6771
66.6771
66.6771
66.6771
66.6771
66.6771
66.6771
66.6771
66.6771
66.6771
66.6771
66.6771
66.6771
66.6771
66.6771
66.6771
66.6771
66.6771
66.6771
66.6771
66.6771
66.6771
66.6771
66.6771
66.6771
66.6771
66.6771
66.6771
66.6771
66.6771
66.6771
66.6771
66.6771
66.6771
66.6771
66.6771
66.6771
66.6771
66.6771
66.6771
66.6771
66.6771
66.6771
66.6771
66.6771
66.6771
66.6771
66.6771
66.6771
66.6771
66.6771
66.6771
66.6771
66.6771
66.6771
66.6771
66.6771
66.6771
66.6771
66.6771
66.6771
66.6771
66.6771
66.6771
66.6771
66.6771
66.6771
66.6771
66.6771
66.6771
66.6771
66.6771
66.6771
66.6771
66.6771
66.6771
66.6771
66.6771
66.6771
66.6771
66.6771
66.6771
66.6771
66.6771
66.6771
66.6771
66.6771
66.6771
66.6771
66.6771
66.6771
66.6771
66.6771
66.6771
66.6771
66.6771
66.6771
66.6771
66.6771
66.6771
66.6771
66.6771
66.6771
66.6771
66.6771
66.6771
66.6771
66.6771
66.6771
66.6771
66.6771
66.6771
66.6771
66.6771
66.6771
66.6771
66.3858
66.3858
66.3858
66.3858
66.3858
66.3858
66.3858
66.3858
66.3858
66.3858
66.3858
66.3858
66.3858
66.3858
66.3858
66.3858
66.3858
66.3858
66.3858
66.3858
66.3858
66.3858
66.3858
66.3858
66.3858
66.3858
66.3858
66.3858
66.3858
66.3858
66.3858
66.3858
66.3858
66.3858
66.3858
66.3858
66.3858
66.3858
66.3858
66.3858
66.3858
66.3858
66.3858
66.3858
66.3858
66.3858
66.3858
66.3858
66.3858
66.3858
66.3858
66.3858
66.3858
66.3858
66.3858
66.3858
66.3858
66.3858
66.3858
66.3858
66.3858
66.3858
66.3858
66.3858
66.3858
66.3858
66.3858
66.3858
66.3858
66.3858
66.3858
66.3858
66.3858
66.3858
66.3858
66.3858
66.3858
66.3858
66.3858
66.3858
66.3858
66.3858
66.3858
66.3858
66.3858
66.3858
66.3858
66.3858
66.3858
66.3858
66.3858
66.3858
66.3858
66.3858
66.3858
66.3858
66.3858
66.3858
66.3858
66.3858
66.3858
66.3858
66.3858
66.3858
66.3858
66.3858
66.3858
66.3858
66.3858
66.3858
66.3858
66.3858
66.3858
66.3858
66.3858
66.3858
66.3858
66.3858
66.3858
66.3858
66.3858
66.3858
66.3858
66.3858
66.3858
66.3858
66.3858
66.3858
66.3858
66.3858
66.3858
66.3858
66.3858
66.3858
66.3858
66.3858
66.3858
66.3858
66.3858
66.3858
66.3858
66.3858
66.3858
66.3858
66.3858
66.3858
66.3858
66.3858
66.3858
66.3858
66.3858
66.3858
66.3858
66.3858
66.3858
66.3858
66.3858
66.3858
66.3858
66.3858
66.3858
66.3858
66.3858
66.3858
66.3858
66.3858
66.3858
66.3858
66.3858
66.3858
66.3858
66.3858
66.3858
66.3858
66.3858
66.3858
66.3858
66.3858
66.3858
66.3858
66.3858
66.3858
66.3858
66.3858
66.3858
66.3858
66.3858
66.3858
66.3858
66.3858
66.3858
66.3858
66.3858
66.3858
66.3858
66.3858
66.3858
66.3858
66.3858
66.3858
66.3858
66.3858
66.3858
66.3858
66.3858
66.3858
66.3858
66.3858
66.3858
66.3858
66.3858
66.3858
66.3858
66.3858
66.3858
66.3858
66.3858
66.3858
66.3858
66.3858
66.3858
66.3858
66.3858
66.3858
66.3858
66.3858
66.3858
66.3858
66.3858
66.3858
66.3858
66.3858
66.3858
66.3858
66.3858
66.3858
66.3858
66.3858
66.3858
66.3858
66.3858
66.3858
66.3858
66.3858
66.3858
66.3858
66.3858
66.3858
66.3858
66.3858
66.3858
66.3858
66.3858
66.3858
66.3858
66.3858
66.3858
66.3858
66.3858
66.3858
66.3858
66.3858
66.3858
66.3858
66.3858
66.3858
66.3858
66.3858
66.3858
66.3858
66.3858
66.3858
66.3858
66.3858
66.3858
66.3858
66.3858
66.3858
66.3858
66.3858
66.3858
66.3858
66.3858
66.3858
66.3858
66.3858
66.3858
66.3858
66.3858
66.3858
66.3858
66.3858
66.3858
66.3858
66.3858
66.3858
66.3858
66.3858
66.3858
66.3858
66.3858
66.3858
66.3858
66.3858
66.3858
66.3858
66.3858
66.3858
66.3858
66.3858
66.3858
66.3858
66.3858
66.3858
66.3858
66.3858
66.3858
66.3858
66.3858
66.3858
66.3858
66.3858
66.3858
66.3858
66.3858
66.3858
66.3858
66.3858
66.3858
66.3858
66.3858
66.3858
66.3858
66.3858
66.3858
66.3858
66.3858
66.3858
66.3858
66.3858
66.3858
66.3858
66.3858
66.3858
66.3858
66.3858
66.3858
66.3858
66.3858
66.3858
66.3858
66.3858
66.3858
66.3858
66.3858
66.3858
66.3858
66.3858
66.3858
66.3858
66.3858
66.3858
66.3858
66.3858
66.3858
66.3858
66.3858
66.3858
66.3858
66.3858
66.3858
66.3858
66.3858
66.3858
66.3858
66.3858
66.3858
66.3858
66.3858
66.3858
66.3858
66.3858
66.3858
66.3858
66.3858
66.3858
66.3858
66.3858
66.3858
66.3858
66.3858
66.3858
66.3858
66.3858
66.3858
66.3858
66.3858
66.3858
66.3858
66.3858
66.3858
66.3858
66.3858
66.3858
66.3858
66.3858
66.3858
66.3858
66.3858
66.3858
66.3858
66.3858
66.3858
66.3858
66.3858
66.3858
66.3858
66.3858
66.3858
66.3858
66.3858
66.3858
66.3858
66.3858
66.3858
66.3858
66.3858
66.3858
66.3858
66.3858
66.3858
66.3858
66.3858
66.3858
66.3858
66.3858
66.3858
66.3858
66.3858
66.3858
66.3858
66.3858
66.3858
66.3858
66.3858
66.3858
66.3858
66.3858
66.3858
66.3858
66.3858
66.3858
66.3858
66.3858
66.3858
66.3858
66.3858
66.3858
66.3858
66.3858
66.3858
66.3858
66.3858
66.3858
66.3858
66.3858
66.3858
66.3858
66.3858
66.3858
66.3858
66.3858
66.3858
66.3858
66.3858
66.3858
66.3858
66.3858
66.3858
66.3858
66.3858
66.3858
66.3858
66.3858
66.3858
66.3858
66.3858
66.3858
66.3858
66.3858
66.3858
66.3858
66.3858
66.3858
66.3858
66.3858
66.3858
66.3858
66.3858
66.3858
66.3858
66.3858
66.3858
66.3858
66.3858
66.3858
66.3858
66.3858
66.3858
66.3858
66.3858
66.3858
66.3858
66.3858
66.3858
66.3858
66.3858
66.3858
66.3858
66.3858
66.3858
66.3858
66.3858
66.3858
66.3858
66.3858
66.3858
66.3858
66.3858
66.3858
66.3858
66.3858
66.3858
66.3858
66.3858
66.3858
66.3858
66.3858
66.3858
66.3858
66.3858
66.3858
66.3858
66.3858
66.3858
66.3858
66.3858
66.3858
66.3858
66.3858
66.3858
66.3858
66.3858
66.3858
66.3858
66.3858
66.3858
66.3858
66.3858
66.3858
66.3858
66.3858
66.3858
66.3858
66.3858
66.3858
66.3858
66.3858
66.3858
66.3858
66.3858
66.3858
66.3858
66.3858
66.3858
66.3858
66.3858
66.3858
66.3858
66.3858
66.3858
66.3858
66.3858
66.3858
66.3858
66.3858
66.3858
66.3858
66.3858
66.3858
66.3858
66.3858
66.3858
66.3858
66.3858
66.3858
66.3858
66.3858
66.3858
66.3858
66.3858
66.3858
66.3858
66.3858
66.3858
66.3858
66.3858
66.3858
66.3858
66.3858
66.3858
66.3858
66.3858
66.3858
66.3858
66.3858
66.3858
66.3858
66.3858
66.3858
66.3858
66.3858
66.3858
66.3858
66.3858
66.3858
66.3858
66.3858
66.3858
66.3858
66.3858
66.3858
66.3858
66.3858
66.3858
66.3858
66.3858
66.3858
66.3858
66.3858
66.3858
66.3858
66.3858
66.3858
66.3858
66.3858
66.3858
66.3858
66.3858
66.3858
66.3858
66.3858
66.3858
66.3858
66.3858
66.3858
66.3858
66.3858
66.3858
66.3858
66.3858
66.3858
66.3858
66.3858
66.3858
66.3858
66.3858
66.3858
66.3858
66.3858
66.3858
66.3858
66.3858
66.3858
66.3858
66.3858
66.3858
66.3858
66.3858
66.3858
66.3858
66.3858
66.3858
66.3858
66.3858
66.3858
66.3858
66.3858
66.3858
66.3858
66.3858
66.3858
66.3858
66.3858
66.3858
66.3858
66.3858
66.3858
66.3858
66.3858
66.3858
66.3858
66.3858
66.3858
66.3858
66.3858
66.3858
66.3858
66.3858
66.3858
66.3858
66.3858
66.3858
66.3858
66.3858
66.3858
66.3858
66.3858
66.3858
66.3858
66.3858
66.3858
66.3858
66.3858
66.3858
66.3858
66.3858
66.3858
66.3858
66.3858
66.3858
66.3858
66.3858
66.3858
66.3858
66.3858
66.3858
66.3858
66.3858
66.3858
66.3858
66.3858
66.3858
66.3858
66.3858
66.3858
66.3858
66.3858
66.3858
66.3858
66.3858
66.3858
66.3858
66.3858
66.3858
66.3858
66.3858
66.3858
66.3858
66.3858
66.3858
66.3858
66.3858
66.3858
66.3858
66.3858
66.3858
66.3858
66.3858
66.3858
66.3858
66.3858
66.3858
66.3858
66.3858
66.3858
66.3858
66.3858
66.3858
66.3858
66.3858
66.3858
66.3858
66.3858
66.3858
66.3858
66.3858
66.3858
66.3858
66.3858
66.3858
66.3858
66.3858
66.3858
66.3858
66.3858
66.3858
66.3858
66.3858
66.3858
66.3858
66.3858
66.3858
66.3858
66.3858
66.3858
66.3858
66.3858
66.3858
66.3858
66.3858
66.3858
66.3858
66.3858
66.3858
66.3858
66.3858
66.3858
66.3858
66.3858
66.3858
66.3858
66.3858
66.3858
66.3858
66.3858
66.3858
66.3858
66.3858
66.3858
66.3858
66.3858
66.3858
66.3858
66.3858
66.3858
66.3858
66.3858
66.3858
66.3858
66.3858
66.3858
66.3858
66.3858
66.3858
66.3858
66.3858
66.3858
66.3858
66.3858
66.3858
66.3858
66.3858
66.3858
66.3858
66.3858
66.3858
66.3858
66.3858
66.3858
66.3858
66.3858
66.3858
66.3858
66.3858
66.3858
66.3858
66.3858
66.3858
66.3858
66.3858
66.3858
66.3858
66.3858
66.3858
66.3858
66.3858
66.3858
66.3858
66.3858
66.3858
66.3858
66.3858
66.3858
66.3858
66.3858
66.3858
66.3858
66.3858
66.3858
66.3858
66.3858
66.3858
66.3858
66.3858
66.3858
66.3858
66.3858
66.3858
66.3858
66.3858
66.3858
66.3858
66.3858
66.3858
66.3858
66.3858
66.3858
66.3858
66.3858
66.3858
66.3858
66.3858
66.3858
66.3858
66.3858
66.3858
66.3858
66.3858
66.3858
66.3858
66.3858
66.3858
66.3858
66.3858
66.3858
66.3858
66.3858
66.3858
66.3858
66.3858
66.3858
66.3858
66.3858
66.3858
66.3858
66.3858
66.3858
66.3858
66.3858
66.3858
66.3858
66.3858
66.3858
66.3858
66.3858
66.3858
66.3858
66.3858
66.3858
66.3858
66.3858
66.3858
66.3858
66.3858
66.3858
66.3858
66.3858
66.3858
66.3858
66.3858
66.3858
66.3858
66.3858
66.3858
66.3858
66.3858
66.3858
66.3858
66.3858
66.3858
66.3858
66.3858
66.3858
66.3858
66.3858
66.3858
66.3858
66.3858
66.3858
66.3858
66.3858
66.3858
66.3858
66.3858
66.3858
66.3858
66.3858
66.3858
66.3858
66.3858
66.3858
66.3858
66.3858
66.3858
66.3858
66.3858
66.3858
66.3858
66.3858
66.3858
66.3858
66.3858
66.3858
66.3858
66.3858
66.3858
66.3858
66.3858
66.3858
66.3858
66.3858
66.3858
66.3858
66.3858
66.3858
66.3858
66.3858
66.3858
66.3858
66.3858
66.3858
66.3858
66.3858
66.3858
66.3858
66.3858
66.3858
66.3858
66.3858
66.3858
66.3858
66.3858
66.3858
66.3858
66.3858
66.3858
66.3858
66.3858
66.3858
66.3858
66.3858
66.3858
66.3858
66.3858
66.3858
66.3858
66.3858
66.3858
66.3858
66.3858
66.3858
66.3858
66.3858
66.3858
66.3858
66.3858
66.3858
66.3858
66.3858
66.3858
66.3858
66.3858
66.3858
66.3858
66.3858
66.3858
66.3858
66.3858
66.3858
66.3858
66.3858
66.3858
66.3858
66.3858
66.3858
66.3858
66.3858
66.3858
66.3858
66.3858
66.3858
66.3858
66.3858
66.3858
66.3858
66.3858
66.3858
66.3858
66.3858
66.3858
66.3858
66.3858
66.3858
66.3858
66.3858
66.3858
66.3858
66.3858
66.3858
66.3858
66.3858
66.3858
66.3858
66.3858
66.3858
66.3858
66.3858
66.3858
66.3858
66.3858
66.3858
66.3858
66.3858
66.3858
66.3858
66.3858
66.3858
66.3858
66.3858
66.3858
66.3858
66.3858
66.3858
66.3858
66.3858
66.3858
66.3858
66.3858
66.3858
66.3858
66.3858
66.3858
66.3858
66.3858
66.3858
66.3858
66.3858
66.3858
66.3858
66.3858
66.3858
66.3858
66.3858
66.3858
66.3858
66.3858
66.3858
66.3858
66.3858
66.3858
66.3858
66.3858
66.3858
66.3858
66.3858
66.3858
66.3858
66.3858
66.3858
66.3858
66.3858
66.3858
66.3858
66.3858
66.3858
66.3858
66.3858
66.3858
66.3858
66.3858
66.3858
66.3858
66.3858
66.3858
66.3858
66.3858
66.3858
66.3858
66.3858
66.3858
66.3858
66.3858
66.3858
66.3858
66.3858
66.3858
66.3858
66.3858
66.3858
66.3858
66.3858
66.3858
66.3858
66.3858
66.3858
66.3858
66.3858
66.3858
66.3858
66.3858
66.3858
66.3858
66.3858
66.3858
66.3858
66.3858
66.3858
66.3858
66.3858
66.3858
66.3858
66.3858
66.3858
66.3858
66.3858
66.3858
66.3858
66.3858
66.3858
66.3858
66.3858
66.3858
66.3858
66.3858
66.3858
66.3858
66.3858
66.3858
66.3858
66.3858
